Cycle,Sr88,Iso,Time,Microns,Fish_id,Watershed,Year,Iso_MA,Sr88_MA,Sr88_MA_Gradient,natal_microns_start,natal_microns_end,marine_start,natal_origin_iso,Core,Landmark
18,0.615499187915675,0.708276648721698,9.432,18.864,2015_nk_067,Nush,2015,NA,NA,NA,382.966929626456,442.212296336974,1053.24,0.708972944313064,189.79090475552573,NA
19,1.3203000617241,0.707809991566049,9.956,19.912,2015_nk_067,Nush,2015,NA,NA,NA,382.966929626456,442.212296336974,1053.24,0.708972944313064,189.79090475552573,NA
20,1.58887211956423,0.70819575515831,10.48,20.96,2015_nk_067,Nush,2015,NA,NA,NA,382.966929626456,442.212296336974,1053.24,0.708972944313064,189.79090475552573,NA
21,1.60042807752083,0.70946357710812,11.004,22.008,2015_nk_067,Nush,2015,NA,NA,NA,382.966929626456,442.212296336974,1053.24,0.708972944313064,189.79090475552573,NA
22,1.59653637721055,0.709169585081748,11.528,23.056,2015_nk_067,Nush,2015,NA,NA,NA,382.966929626456,442.212296336974,1053.24,0.708972944313064,189.79090475552573,NA
23,1.59501795471175,0.70836861707749,12.052,24.104,2015_nk_067,Nush,2015,NA,NA,NA,382.966929626456,442.212296336974,1053.24,0.708972944313064,189.79090475552573,NA
24,1.57365817389737,0.708259909409204,12.576,25.152,2015_nk_067,Nush,2015,NA,NA,NA,382.966929626456,442.212296336974,1053.24,0.708972944313064,189.79090475552573,NA
25,1.57436929738532,0.709002813994384,13.1,26.2,2015_nk_067,Nush,2015,NA,NA,NA,382.966929626456,442.212296336974,1053.24,0.708972944313064,189.79090475552573,NA
26,1.5796673168979,0.709515468138361,13.624,27.248,2015_nk_067,Nush,2015,NA,NA,NA,382.966929626456,442.212296336974,1053.24,0.708972944313064,189.79090475552573,NA
27,1.58945072052981,0.708928916409175,14.148,28.296,2015_nk_067,Nush,2015,NA,NA,NA,382.966929626456,442.212296336974,1053.24,0.708972944313064,189.79090475552573,NA
28,1.58411964251855,0.709636638816379,14.672,29.344,2015_nk_067,Nush,2015,NA,NA,NA,382.966929626456,442.212296336974,1053.24,0.708972944313064,189.79090475552573,NA
29,1.5675703730511,0.708874265589053,15.196,30.392,2015_nk_067,Nush,2015,NA,NA,NA,382.966929626456,442.212296336974,1053.24,0.708972944313064,189.79090475552573,NA
30,1.53846565222399,0.709728477007284,15.72,31.44,2015_nk_067,Nush,2015,NA,NA,NA,382.966929626456,442.212296336974,1053.24,0.708972944313064,189.79090475552573,NA
31,1.5321834723733,0.708974562802913,16.244,32.488,2015_nk_067,Nush,2015,NA,NA,NA,382.966929626456,442.212296336974,1053.24,0.708972944313064,189.79090475552573,NA
32,1.52370261376983,0.708251856579632,16.768,33.536,2015_nk_067,Nush,2015,NA,NA,NA,382.966929626456,442.212296336974,1053.24,0.708972944313064,189.79090475552573,NA
33,1.50368942901911,0.708857467423798,17.292,34.584,2015_nk_067,Nush,2015,NA,NA,NA,382.966929626456,442.212296336974,1053.24,0.708972944313064,189.79090475552573,NA
34,1.47817820260101,0.708660411929017,17.816,35.632,2015_nk_067,Nush,2015,NA,NA,NA,382.966929626456,442.212296336974,1053.24,0.708972944313064,189.79090475552573,NA
35,1.4579166928124,0.709399066432369,18.34,36.68,2015_nk_067,Nush,2015,NA,NA,NA,382.966929626456,442.212296336974,1053.24,0.708972944313064,189.79090475552573,NA
36,1.445060529108,0.708625868724092,18.864,37.728,2015_nk_067,Nush,2015,NA,NA,NA,382.966929626456,442.212296336974,1053.24,0.708972944313064,189.79090475552573,NA
37,1.45000408883066,0.708111058577945,19.388,38.776,2015_nk_067,Nush,2015,NA,NA,NA,382.966929626456,442.212296336974,1053.24,0.708972944313064,189.79090475552573,NA
38,1.4457878701991,0.709006132092878,19.912,39.824,2015_nk_067,Nush,2015,NA,NA,NA,382.966929626456,442.212296336974,1053.24,0.708972944313064,189.79090475552573,NA
39,1.43964884353988,0.708991056434234,20.436,40.872,2015_nk_067,Nush,2015,NA,NA,NA,382.966929626456,442.212296336974,1053.24,0.708972944313064,189.79090475552573,NA
40,1.43647059264125,0.70830767634299,20.96,41.92,2015_nk_067,Nush,2015,NA,NA,NA,382.966929626456,442.212296336974,1053.24,0.708972944313064,189.79090475552573,NA
41,1.43594437051935,0.709276784026602,21.484,42.968,2015_nk_067,Nush,2015,NA,NA,NA,382.966929626456,442.212296336974,1053.24,0.708972944313064,189.79090475552573,NA
42,1.42398275984847,0.709200279085774,22.008,44.016,2015_nk_067,Nush,2015,NA,NA,NA,382.966929626456,442.212296336974,1053.24,0.708972944313064,189.79090475552573,NA
43,1.41640286836142,0.709652942455307,22.532,45.064,2015_nk_067,Nush,2015,NA,NA,NA,382.966929626456,442.212296336974,1053.24,0.708972944313064,189.79090475552573,NA
44,1.40283806558597,0.709346684421948,23.056,46.112,2015_nk_067,Nush,2015,NA,NA,NA,382.966929626456,442.212296336974,1053.24,0.708972944313064,189.79090475552573,NA
45,1.41351073778465,0.709118248731971,23.58,47.16,2015_nk_067,Nush,2015,NA,NA,NA,382.966929626456,442.212296336974,1053.24,0.708972944313064,189.79090475552573,NA
46,1.41858712287841,0.709275348220879,24.104,48.208,2015_nk_067,Nush,2015,NA,NA,NA,382.966929626456,442.212296336974,1053.24,0.708972944313064,189.79090475552573,NA
47,1.41105933604732,0.708051616484611,24.628,49.256,2015_nk_067,Nush,2015,0.708987362704364,1.45779088798467,NA,382.966929626456,442.212296336974,1053.24,0.708972944313064,189.79090475552573,NA
48,1.43091705661497,0.709643140749676,25.152,50.304,2015_nk_067,Nush,2015,0.709006902203487,1.47143362311735,0.0136427351326815,382.966929626456,442.212296336974,1053.24,0.708972944313064,189.79090475552573,NA
49,1.42733444219987,0.70970234334212,25.676,51.352,2015_nk_067,Nush,2015,0.709027775924557,1.4733072221438,0.00187359902645379,382.966929626456,442.212296336974,1053.24,0.708972944313064,189.79090475552573,NA
50,1.47787944131513,0.708305257742593,26.2,52.4,2015_nk_067,Nush,2015,0.709035349592953,1.47067630828482,-0.00263091385898284,382.966929626456,442.212296336974,1053.24,0.708972944313064,189.79090475552573,NA
51,1.4329126038556,0.709761023235557,26.724,53.448,2015_nk_067,Nush,2015,0.70901566761361,1.46776294293021,-0.00291336535460984,382.966929626456,442.212296336974,1053.24,0.708972944313064,189.79090475552573,NA
52,1.46447807726463,0.708323342963255,27.248,54.496,2015_nk_067,Nush,2015,0.709007751795152,1.46522060720871,-0.00254233572149709,382.966929626456,442.212296336974,1053.24,0.708972944313064,189.79090475552573,NA
53,1.45903045033318,0.709350758604918,27.772,55.544,2015_nk_067,Nush,2015,0.709002106868365,1.4629249442681,-0.0022956629406059,382.966929626456,442.212296336974,1053.24,0.708972944313064,189.79090475552573,NA
54,1.44985536812269,0.708970872999451,28.296,56.592,2015_nk_067,Nush,2015,0.709017448080016,1.46053221882898,-0.00239272543912183,382.966929626456,442.212296336974,1053.24,0.708972944313064,189.79090475552573,NA
55,1.46228332727805,0.708379931092793,28.82,57.64,2015_nk_067,Nush,2015,0.709018855355421,1.45850606260448,-0.00202615622450786,382.966929626456,442.212296336974,1053.24,0.708972944313064,189.79090475552573,NA
56,1.4747108420702,0.709389442936257,29.344,58.688,2015_nk_067,Nush,2015,0.709006580609115,1.45628487393653,-0.00222118866795018,382.966929626456,442.212296336974,1053.24,0.708972944313064,189.79090475552573,NA
57,1.45869144020565,0.709548196355788,29.868,59.736,2015_nk_067,Nush,2015,0.709006874750014,1.45384011211503,-0.00244476182149644,382.966929626456,442.212296336974,1053.24,0.708972944313064,189.79090475552573,NA
58,1.47974942016462,0.7088904825982,30.392,60.784,2015_nk_067,Nush,2015,0.708996665939056,1.45180734770112,-0.00203276441391353,382.966929626456,442.212296336974,1053.24,0.708972944313064,189.79090475552573,NA
59,1.47312649481721,0.709478703098815,30.916,61.832,2015_nk_067,Nush,2015,0.709010157654417,1.44985412434012,-0.00195322336099912,382.966929626456,442.212296336974,1053.24,0.708972944313064,189.79090475552573,NA
60,1.4686624036141,0.709191780364142,31.44,62.88,2015_nk_067,Nush,2015,0.708986020336814,1.44873113806441,-0.00112298627570162,382.966929626456,442.212296336974,1053.24,0.708972944313064,189.79090475552573,NA
61,1.47802365022454,0.709660954274832,31.964,63.928,2015_nk_067,Nush,2015,0.708981904297697,1.44776929057158,-9.6184749283345e-4,382.966929626456,442.212296336974,1053.24,0.708972944313064,189.79090475552573,NA
62,1.48398228490942,0.708708315003337,32.488,64.976,2015_nk_067,Nush,2015,0.708990156639457,1.44652889090402,-0.00124039966756162,382.966929626456,442.212296336974,1053.24,0.708972944313064,189.79090475552573,NA
63,1.48685826817271,0.709126910163417,33.012,66.024,2015_nk_067,Nush,2015,0.709002591220536,1.44580599430662,-7.228965974011e-4,382.966929626456,442.212296336974,1053.24,0.708972944313064,189.79090475552573,NA
64,1.46652783667263,0.707520817446366,33.536,67.072,2015_nk_067,Nush,2015,0.709003688357244,1.44561436134882,-1.9163295780022e-4,382.966929626456,442.212296336974,1053.24,0.708972944313064,189.79090475552573,NA
65,1.47612386481843,0.709682446418154,34.06,68.12,2015_nk_067,Nush,2015,0.708990421747625,1.44561965982031,5.29847149266516e-6,382.966929626456,442.212296336974,1053.24,0.708972944313064,189.79090475552573,NA
66,1.44014414764739,0.709281220359123,34.584,69.168,2015_nk_067,Nush,2015,0.708993460476972,1.44598438179707,3.6472197675552e-4,382.966929626456,442.212296336974,1053.24,0.708972944313064,189.79090475552573,NA
67,1.43745847168385,0.709725745130062,35.108,70.216,2015_nk_067,Nush,2015,0.709006100588193,1.44597149910472,-1.28826923482261e-5,382.966929626456,442.212296336974,1053.24,0.708972944313064,189.79090475552573,NA
68,1.43854473245639,0.70848904836578,35.632,71.264,2015_nk_067,Nush,2015,0.709011319392997,1.44650202735144,5.3052824671784e-4,382.966929626456,442.212296336974,1053.24,0.708972944313064,189.79090475552573,NA
69,1.44823068364932,0.70969940047825,36.156,72.312,2015_nk_067,Nush,2015,0.709016808448126,1.44684735711162,3.4532976017942e-4,382.966929626456,442.212296336974,1053.24,0.708972944313064,189.79090475552573,NA
70,1.4295648043661,0.707817828828608,36.68,73.36,2015_nk_067,Nush,2015,0.709024275942582,1.44748004999993,6.3269288831313e-4,382.966929626456,442.212296336974,1053.24,0.708972944313064,189.79090475552573,NA
71,1.41371433581677,0.708265196795804,37.204,74.408,2015_nk_067,Nush,2015,0.709010600935666,1.44806551114265,5.8546114271673e-4,382.966929626456,442.212296336974,1053.24,0.708972944313064,189.79090475552573,NA
72,1.4284476302312,0.709210110617871,37.728,75.456,2015_nk_067,Nush,2015,0.709012927108246,1.44895545084194,8.8993969929274e-4,382.966929626456,442.212296336974,1053.24,0.708972944313064,189.79090475552573,NA
73,1.42680009277393,0.709660698452098,38.252,76.504,2015_nk_067,Nush,2015,0.708996421630244,1.44982483673748,8.6938589554308e-4,382.966929626456,442.212296336974,1053.24,0.708972944313064,189.79090475552573,NA
74,1.41236179853873,0.709837977071937,38.776,77.552,2015_nk_067,Nush,2015,0.708992886170811,1.45154320250902,0.00171836577153517,382.966929626456,442.212296336974,1053.24,0.708972944313064,189.79090475552573,NA
75,1.41864150810834,0.708944779198851,39.3,78.6,2015_nk_067,Nush,2015,0.708992559862799,1.45262077318476,0.00107757067574377,382.966929626456,442.212296336974,1053.24,0.708972944313064,189.79090475552573,NA
76,1.42668941828381,0.708892850550851,39.824,79.648,2015_nk_067,Nush,2015,0.708982607232243,1.45392604874264,0.00130527555787863,382.966929626456,442.212296336974,1053.24,0.708972944313064,189.79090475552573,NA
77,1.43678583179917,0.709444462178739,40.348,80.696,2015_nk_067,Nush,2015,0.709006213103566,1.45485173184986,9.2568310722152e-4,382.966929626456,442.212296336974,1053.24,0.708972944313064,189.79090475552573,NA
78,1.43406329587657,0.709449018669067,40.872,81.744,2015_nk_067,Nush,2015,0.709002041106696,1.45563873574523,7.8700389536767e-4,382.966929626456,442.212296336974,1053.24,0.708972944313064,189.79090475552573,NA
79,1.43271600331131,0.709062414830209,41.396,82.792,2015_nk_067,Nush,2015,0.70899510551977,1.45688100276295,0.00124226701772256,382.966929626456,442.212296336974,1053.24,0.708972944313064,189.79090475552573,NA
80,1.43101728802526,0.708650175262092,41.92,83.84,2015_nk_067,Nush,2015,0.70901110924284,1.45720438173139,3.2337896843937e-4,382.966929626456,442.212296336974,1053.24,0.708972944313064,189.79090475552573,NA
81,1.42562615624425,0.708282658347529,42.444,84.888,2015_nk_067,Nush,2015,0.70899753019014,1.45856767778324,0.00136329605185037,382.966929626456,442.212296336974,1053.24,0.708972944313064,189.79090475552573,NA
82,1.44399623392072,0.708694635974263,42.968,85.936,2015_nk_067,Nush,2015,0.709026514769562,1.45981318682415,0.0012455090409127,382.966929626456,442.212296336974,1053.24,0.708972944313064,189.79090475552573,NA
83,1.45727817827539,0.708029921470274,43.492,86.984,2015_nk_067,Nush,2015,0.708999372966303,1.46105773119379,0.00124454436964183,382.966929626456,442.212296336974,1053.24,0.708972944313064,189.79090475552573,NA
84,1.43009464755006,0.709180382108263,44.016,88.032,2015_nk_067,Nush,2015,0.709010895627116,1.46235872598767,0.00130099479388002,382.966929626456,442.212296336974,1053.24,0.708972944313064,189.79090475552573,NA
85,1.45279992391486,0.709087250518713,44.54,89.08,2015_nk_067,Nush,2015,0.709026153436966,1.46320347738017,8.4475139249584e-4,382.966929626456,442.212296336974,1053.24,0.708972944313064,189.79090475552573,NA
86,1.44639599682088,0.708778983359976,45.064,90.128,2015_nk_067,Nush,2015,0.709022580212358,1.46373149868681,5.2802130663565e-4,382.966929626456,442.212296336974,1053.24,0.708972944313064,189.79090475552573,NA
87,1.44276501124002,0.708946564863133,45.588,91.176,2015_nk_067,Nush,2015,0.709013506713309,1.46525618856702,0.00152468988021126,382.966929626456,442.212296336974,1053.24,0.708972944313064,189.79090475552573,NA
88,1.46215377768373,0.709024110158875,46.112,92.224,2015_nk_067,Nush,2015,0.70902976422961,1.46643008786962,0.00117389930259937,382.966929626456,442.212296336974,1053.24,0.708972944313064,189.79090475552573,NA
89,1.45037697139115,0.70968376851072,46.636,93.272,2015_nk_067,Nush,2015,0.709015485253168,1.46740836846494,9.7828059532156e-4,382.966929626456,442.212296336974,1053.24,0.708972944313064,189.79090475552573,NA
90,1.4710864756819,0.708280237951124,47.16,94.32,2015_nk_067,Nush,2015,0.709021340023175,1.46871609762404,0.00130772915909949,382.966929626456,442.212296336974,1053.24,0.708972944313064,189.79090475552573,NA
91,1.47447262280329,0.708727600455908,47.684,95.368,2015_nk_067,Nush,2015,0.709002972838576,1.47025278119776,0.00153668357372649,382.966929626456,442.212296336974,1053.24,0.708972944313064,189.79090475552573,NA
92,1.44927863371613,0.708746997085241,48.208,96.416,2015_nk_067,Nush,2015,0.709007816167814,1.47191686896767,0.00166408776990257,382.966929626456,442.212296336974,1053.24,0.708972944313064,189.79090475552573,NA
93,1.46031563317505,0.709603542288481,48.732,97.464,2015_nk_067,Nush,2015,0.709006452713855,1.47366526708561,0.00174839811794647,382.966929626456,442.212296336974,1053.24,0.708972944313064,189.79090475552573,NA
94,1.466680225133,0.708726240131549,49.256,98.512,2015_nk_067,Nush,2015,0.709041762375266,1.47513967435987,0.00147440727425252,382.966929626456,442.212296336974,1053.24,0.708972944313064,189.79090475552573,NA
95,1.45823460110196,0.708603069855239,49.78,99.56,2015_nk_067,Nush,2015,0.709025735830414,1.47733876422025,0.00219908986038742,382.966929626456,442.212296336974,1053.24,0.708972944313064,189.79090475552573,NA
96,1.46694384771332,0.708808192484897,50.304,100.608,2015_nk_067,Nush,2015,0.709023965089889,1.4799409989521,0.00260223473184329,382.966929626456,442.212296336974,1053.24,0.708972944313064,189.79090475552573,NA
97,1.44923112728977,0.708869465251207,50.828,101.656,2015_nk_067,Nush,2015,0.709012422607346,1.48228251477731,0.00234151582521336,382.966929626456,442.212296336974,1053.24,0.708972944313064,189.79090475552573,NA
98,1.47761956500217,0.709319260381099,51.352,102.704,2015_nk_067,Nush,2015,0.709018127849845,1.48417756399551,0.00189504921820238,382.966929626456,442.212296336974,1053.24,0.708972944313064,189.79090475552573,NA
99,1.46036862915064,0.709320399741968,51.876,103.752,2015_nk_067,Nush,2015,0.70901423380858,1.48609839774946,0.00192083375394536,382.966929626456,442.212296336974,1053.24,0.708972944313064,189.79090475552573,NA
100,1.47443216594004,0.70875572601033,52.4,104.8,2015_nk_067,Nush,2015,0.709048627030396,1.4882110854696,0.00211268772014384,382.966929626456,442.212296336974,1053.24,0.708972944313064,189.79090475552573,NA
101,1.47107203908236,0.708456283611701,52.924,105.848,2015_nk_067,Nush,2015,0.709058361775501,1.4914127864427,0.00320170097310046,382.966929626456,442.212296336974,1053.24,0.708972944313064,189.79090475552573,NA
102,1.47737914180603,0.709339849440544,53.448,106.896,2015_nk_067,Nush,2015,0.709056266209338,1.49476599217605,0.00335320573334807,382.966929626456,442.212296336974,1053.24,0.708972944313064,189.79090475552573,NA
103,1.46856602209402,0.708662613775195,53.972,107.944,2015_nk_067,Nush,2015,0.709052924508458,1.49897654971792,0.00421055754187072,382.966929626456,442.212296336974,1053.24,0.708972944313064,189.79090475552573,NA
104,1.50594001187808,0.709134556855969,54.496,108.992,2015_nk_067,Nush,2015,0.709027769412488,1.50446123216944,0.00548468245152378,382.966929626456,442.212296336974,1053.24,0.708972944313064,189.79090475552573,NA
105,1.47816497832928,0.709098670251251,55.02,110.04,2015_nk_067,Nush,2015,0.709013240049314,1.5085569905719,0.00409575840245835,382.966929626456,442.212296336974,1053.24,0.708972944313064,189.79090475552573,NA
106,1.49690365635113,0.708678190387497,55.544,111.088,2015_nk_067,Nush,2015,0.70902463344873,1.51214735363912,0.00359036306721583,382.966929626456,442.212296336974,1053.24,0.708972944313064,189.79090475552573,NA
107,1.46660032248061,0.709467968764022,56.068,112.136,2015_nk_067,Nush,2015,0.709022453313656,1.51519244838439,0.0030450947452676,382.966929626456,442.212296336974,1053.24,0.708972944313064,189.79090475552573,NA
108,1.47813729033703,0.709392820937464,56.592,113.184,2015_nk_067,Nush,2015,0.709015359434956,1.51819828848432,0.00300584009992999,382.966929626456,442.212296336974,1053.24,0.708972944313064,189.79090475552573,NA
109,1.50187046326322,0.70928620812655,57.116,114.232,2015_nk_067,Nush,2015,0.70901552550803,1.52064162381351,0.00244333532919838,382.966929626456,442.212296336974,1053.24,0.708972944313064,189.79090475552573,NA
110,1.49728217942149,0.709265481126812,57.64,115.28,2015_nk_067,Nush,2015,0.709028427585528,1.52330340566645,0.00266178185293242,382.966929626456,442.212296336974,1053.24,0.708972944313064,189.79090475552573,NA
111,1.51471036696662,0.708946280073533,58.164,116.328,2015_nk_067,Nush,2015,0.709043243332775,1.52481635396458,0.00151294829813731,382.966929626456,442.212296336974,1053.24,0.708972944313064,189.79090475552573,NA
112,1.53920861971939,0.71006241772857,58.688,117.376,2015_nk_067,Nush,2015,0.709040998286691,1.52640387192214,0.0015875179575604,382.966929626456,442.212296336974,1053.24,0.708972944313064,189.79090475552573,NA
113,1.5337031125117,0.707722250409405,59.212,118.424,2015_nk_067,Nush,2015,0.709048988965867,1.52725769689346,8.5382497131036e-4,382.966929626456,442.212296336974,1053.24,0.708972944313064,189.79090475552573,NA
114,1.52791505575549,0.709662232648247,59.736,119.472,2015_nk_067,Nush,2015,0.709047163150235,1.52862489556006,0.00136719866660528,382.966929626456,442.212296336974,1053.24,0.708972944313064,189.79090475552573,NA
115,1.5129684108278,0.709295399683776,60.26,120.52,2015_nk_067,Nush,2015,0.709043725765181,1.52923585444514,6.1095888508311e-4,382.966929626456,442.212296336974,1053.24,0.708972944313064,189.79090475552573,NA
116,1.50639212046834,0.709175049459747,60.784,121.568,2015_nk_067,Nush,2015,0.709047360175391,1.52935874235554,1.2288791040004e-4,382.966929626456,442.212296336974,1053.24,0.708972944313064,189.79090475552573,NA
117,1.55017283301832,0.709003786412871,61.308,122.616,2015_nk_067,Nush,2015,0.709056419715641,1.52989559797809,5.3685562255045e-4,382.966929626456,442.212296336974,1053.24,0.708972944313064,189.79090475552573,NA
118,1.55018337832058,0.709865933576257,61.832,123.664,2015_nk_067,Nush,2015,0.709058145053473,1.53116316798744,0.00126757000934608,382.966929626456,442.212296336974,1053.24,0.708972944313064,189.79090475552573,NA
119,1.53182333053652,0.708621964512285,62.356,124.712,2015_nk_067,Nush,2015,0.709030117890044,1.5318977396965,7.3457170905766e-4,382.966929626456,442.212296336974,1053.24,0.708972944313064,189.79090475552573,NA
120,1.54712615316006,0.709543066564576,62.88,125.76,2015_nk_067,Nush,2015,0.709039653047911,1.53184840855066,-4.93311458336088e-5,382.966929626456,442.212296336974,1053.24,0.708972944313064,189.79090475552573,NA
121,1.57022466464813,0.708558923198891,63.404,126.808,2015_nk_067,Nush,2015,0.70905313359395,1.53128245335102,-5.6595519964686e-4,382.966929626456,442.212296336974,1053.24,0.708972944313064,189.79090475552573,NA
122,1.58382755110357,0.708998914757596,63.928,127.856,2015_nk_067,Nush,2015,0.70904667971947,1.53118426722149,-9.81861295294983e-5,382.966929626456,442.212296336974,1053.24,0.708972944313064,189.79090475552573,NA
123,1.5917621552495,0.709045102925872,64.452,128.904,2015_nk_067,Nush,2015,0.70903209581539,1.53137739708269,1.9312986120634e-4,382.966929626456,442.212296336974,1053.24,0.708972944313064,189.79090475552573,NA
124,1.55499227312779,0.709639397131066,64.976,129.952,2015_nk_067,Nush,2015,0.709031522681737,1.53221178014305,8.3438306035565e-4,382.966929626456,442.212296336974,1053.24,0.708972944313064,189.79090475552573,NA
125,1.60806925644168,0.708720853727033,65.5,131,2015_nk_067,Nush,2015,0.709045706022992,1.53318475049598,9.7297035292576e-4,382.966929626456,442.212296336974,1053.24,0.708972944313064,189.79090475552573,NA
126,1.59627823155799,0.709174975927622,66.024,132.048,2015_nk_067,Nush,2015,0.70905547046281,1.53385157049264,6.6681999666884e-4,382.966929626456,442.212296336974,1053.24,0.708972944313064,189.79090475552573,NA
127,1.57794942119664,0.709033196177438,66.548,133.096,2015_nk_067,Nush,2015,0.709058612219552,1.5350400537046,0.00118848321195664,382.966929626456,442.212296336974,1053.24,0.708972944313064,189.79090475552573,NA
128,1.55224768554853,0.708831362915703,67.072,134.144,2015_nk_067,Nush,2015,0.709043735052618,1.53506856247991,2.8508775309577e-5,382.966929626456,442.212296336974,1053.24,0.708972944313064,189.79090475552573,NA
129,1.56348070888604,0.709465758002365,67.596,135.192,2015_nk_067,Nush,2015,0.709022943043644,1.53482609538907,-2.4246709084407e-4,382.966929626456,442.212296336974,1053.24,0.708972944313064,189.79090475552573,NA
130,1.55632606757474,0.709881422137566,68.12,136.24,2015_nk_067,Nush,2015,0.709015108956935,1.53433516393844,-4.9093145062939e-4,382.966929626456,442.212296336974,1053.24,0.708972944313064,189.79090475552573,NA
131,1.6058163942028,0.708849281502131,68.644,137.288,2015_nk_067,Nush,2015,0.709032439261352,1.53342889446844,-9.0626946999883e-4,382.966929626456,442.212296336974,1053.24,0.708972944313064,189.79090475552573,NA
132,1.62963997423209,0.709084376648052,69.168,138.336,2015_nk_067,Nush,2015,0.709037900626181,1.53229758861699,-0.00113130585145016,382.966929626456,442.212296336974,1053.24,0.708972944313064,189.79090475552573,NA
133,1.67943354528617,0.709460196399347,69.692,139.384,2015_nk_067,Nush,2015,0.709050230367426,1.53098634809954,-0.00131124051745068,382.966929626456,442.212296336974,1053.24,0.708972944313064,189.79090475552573,NA
134,1.74144274563015,0.708328671313701,70.216,140.432,2015_nk_067,Nush,2015,0.709039018263588,1.52914421876828,-0.00184212933125627,382.966929626456,442.212296336974,1053.24,0.708972944313064,189.79090475552573,NA
135,1.66438701225583,0.70807301740844,70.74,141.48,2015_nk_067,Nush,2015,0.709038593572018,1.52781344089657,-0.00133077787171354,382.966929626456,442.212296336974,1053.24,0.708972944313064,189.79090475552573,NA
136,1.64211120231677,0.709576454515765,71.264,142.528,2015_nk_067,Nush,2015,0.70904029852993,1.52599613194234,-0.00181730895422594,382.966929626456,442.212296336974,1053.24,0.708972944313064,189.79090475552573,NA
137,1.61949151651522,0.709313654074318,71.788,143.576,2015_nk_067,Nush,2015,0.70903873570083,1.52497518118685,-0.00102095075549169,382.966929626456,442.212296336974,1053.24,0.708972944313064,189.79090475552573,NA
138,1.61441370187236,0.709023385947096,72.312,144.624,2015_nk_067,Nush,2015,0.709036677439381,1.52460693038644,-3.6825080040903e-4,382.966929626456,442.212296336974,1053.24,0.708972944313064,189.79090475552573,NA
139,1.57931612306322,0.709072379214657,72.836,145.672,2015_nk_067,Nush,2015,0.709042812703829,1.52468422053887,7.72901524257463e-5,382.966929626456,442.212296336974,1053.24,0.708972944313064,189.79090475552573,NA
140,1.5907241992012,0.709424299911973,73.36,146.72,2015_nk_067,Nush,2015,0.709026847507467,1.5250558266227,3.716060838308e-4,382.966929626456,442.212296336974,1053.24,0.708972944313064,189.79090475552573,NA
141,1.51640305413248,0.709171603182298,73.884,147.768,2015_nk_067,Nush,2015,0.709033763928816,1.52493344563819,-1.2238098450834e-4,382.966929626456,442.212296336974,1053.24,0.708972944313064,189.79090475552573,NA
142,1.53924731137435,0.708559933209229,74.408,148.816,2015_nk_067,Nush,2015,0.709013965235428,1.52541535826238,4.8191262418817e-4,382.966929626456,442.212296336974,1053.24,0.708972944313064,189.79090475552573,NA
143,1.50850767655402,0.708509362220823,74.932,149.864,2015_nk_067,Nush,2015,0.709022934760624,1.52530143515361,-1.1392310876856e-4,382.966929626456,442.212296336974,1053.24,0.708972944313064,189.79090475552573,NA
144,1.51212656754637,0.709070833170399,75.456,150.912,2015_nk_067,Nush,2015,0.709013320677177,1.52544587182465,1.4443667103614e-4,382.966929626456,442.212296336974,1053.24,0.708972944313064,189.79090475552573,NA
145,1.48945745701985,0.708881007415467,75.98,151.96,2015_nk_067,Nush,2015,0.709015011399598,1.52732019767443,0.00187432584978686,382.966929626456,442.212296336974,1053.24,0.708972944313064,189.79090475552573,NA
146,1.45376927144488,0.708997047972579,76.504,153.008,2015_nk_067,Nush,2015,0.709023628286693,1.52848446710435,0.00116426942991366,382.966929626456,442.212296336974,1053.24,0.708972944313064,189.79090475552573,NA
147,1.47497634859306,0.70949013727813,77.028,154.056,2015_nk_067,Nush,2015,0.709030872775107,1.53047433560861,0.00198986850426253,382.966929626456,442.212296336974,1053.24,0.708972944313064,189.79090475552573,NA
148,1.53820797824449,0.709127630428776,77.552,155.104,2015_nk_067,Nush,2015,0.709011444199076,1.53234606044047,0.00187172483186004,382.966929626456,442.212296336974,1053.24,0.708972944313064,189.79090475552573,NA
149,1.49445127393461,0.70800213870496,78.076,156.152,2015_nk_067,Nush,2015,0.709022038647971,1.53405897043047,0.00171290999000173,382.966929626456,442.212296336974,1053.24,0.708972944313064,189.79090475552573,NA
150,1.46812660693187,0.708852347423145,78.6,157.2,2015_nk_067,Nush,2015,0.709003215524267,1.53619292600067,0.00213395557019647,382.966929626456,442.212296336974,1053.24,0.708972944313064,189.79090475552573,NA
151,1.44051531082448,0.709536433218246,79.124,158.248,2015_nk_067,Nush,2015,0.709010637322854,1.53724166936386,0.00104874336319161,382.966929626456,442.212296336974,1053.24,0.708972944313064,189.79090475552573,NA
152,1.44338746594437,0.708359764616432,79.648,159.296,2015_nk_067,Nush,2015,0.709015041719154,1.53890189634838,0.00166022698452628,382.966929626456,442.212296336974,1053.24,0.708972944313064,189.79090475552573,NA
153,1.47190342484744,0.708728508043702,80.172,160.344,2015_nk_067,Nush,2015,0.709004439362492,1.54100740042072,0.00210550407233878,382.966929626456,442.212296336974,1053.24,0.708972944313064,189.79090475552573,NA
154,1.51674320875433,0.708691852112381,80.696,161.392,2015_nk_067,Nush,2015,0.708990925081785,1.54267025241553,0.00166285199481142,382.966929626456,442.212296336974,1053.24,0.708972944313064,189.79090475552573,NA
155,1.51661282227751,0.709454070330543,81.22,162.44,2015_nk_067,Nush,2015,0.708997331658849,1.54475877743765,0.00208852502211965,382.966929626456,442.212296336974,1053.24,0.708972944313064,189.79090475552573,NA
156,1.50695304751346,0.709394058873939,81.744,163.488,2015_nk_067,Nush,2015,0.708996110969767,1.54550192667711,7.4314923945872e-4,382.966929626456,442.212296336974,1053.24,0.708972944313064,189.79090475552573,NA
157,1.52054012000716,0.709057970655756,82.268,164.536,2015_nk_067,Nush,2015,0.708994828139335,1.54703136508034,0.00152943840323094,382.966929626456,442.212296336974,1053.24,0.708972944313064,189.79090475552573,NA
158,1.47933009152075,0.708426630365025,82.792,165.584,2015_nk_067,Nush,2015,0.708990958858761,1.5481171138915,0.00108574881115486,382.966929626456,442.212296336974,1053.24,0.708972944313064,189.79090475552573,NA
159,1.44582060369999,0.708072879203565,83.316,166.632,2015_nk_067,Nush,2015,0.708972365285323,1.5497121967848,0.00159508289329713,382.966929626456,442.212296336974,1053.24,0.708972944313064,189.79090475552573,NA
160,1.44497627890228,0.708285680807789,83.84,167.68,2015_nk_067,Nush,2015,0.708951735243011,1.55043273516181,7.2053837701524e-4,382.966929626456,442.212296336974,1053.24,0.708972944313064,189.79090475552573,NA
161,1.41669587088242,0.70949610187668,84.364,168.728,2015_nk_067,Nush,2015,0.708967859553456,1.55096634508083,5.336099190214e-4,382.966929626456,442.212296336974,1053.24,0.708972944313064,189.79090475552573,NA
162,1.40950079071903,0.709667531330323,84.888,169.776,2015_nk_067,Nush,2015,0.70896190530926,1.55014171070375,-8.2463437708479e-4,382.966929626456,442.212296336974,1053.24,0.708972944313064,189.79090475552573,NA
163,1.38989159104697,0.709402398249868,85.412,170.824,2015_nk_067,Nush,2015,0.708954918086654,1.54852795463081,-0.00161375607293746,382.966929626456,442.212296336974,1053.24,0.708972944313064,189.79090475552573,NA
164,1.39541225200271,0.708461830625707,85.936,171.872,2015_nk_067,Nush,2015,0.708956017096994,1.54580790200027,-0.00272005263053665,382.966929626456,442.212296336974,1053.24,0.708972944313064,189.79090475552573,NA
165,1.39831830602646,0.709073188757022,86.46,172.92,2015_nk_067,Nush,2015,0.708975003279648,1.54413463017065,-0.00167327182962662,382.966929626456,442.212296336974,1053.24,0.708972944313064,189.79090475552573,NA
166,1.38786511909758,0.708780487862234,86.984,173.968,2015_nk_067,Nush,2015,0.708972685555406,1.54246613873426,-0.00166849143638781,382.966929626456,442.212296336974,1053.24,0.708972944313064,189.79090475552573,NA
167,1.40534327715111,0.709374199018047,87.508,175.016,2015_nk_067,Nush,2015,0.708957126393066,1.54114946977761,-0.00131666895665261,382.966929626456,442.212296336974,1053.24,0.708972944313064,189.79090475552573,NA
168,1.45604224231249,0.709269325250524,88.032,176.064,2015_nk_067,Nush,2015,0.708962193982159,1.53938153481697,-0.00176793496064098,382.966929626456,442.212296336974,1053.24,0.708972944313064,189.79090475552573,NA
169,1.50650787240876,0.709654323993399,88.556,177.112,2015_nk_067,Nush,2015,0.708971111997171,1.53829315587872,-0.00108837893824698,382.966929626456,442.212296336974,1053.24,0.708972944313064,189.79090475552573,NA
170,1.51957854445133,0.708307569345078,89.08,178.16,2015_nk_067,Nush,2015,0.708960055934135,1.53695560574916,-0.00133755012955783,382.966929626456,442.212296336974,1053.24,0.708972944313064,189.79090475552573,NA
171,1.50736750789611,0.709361265354491,89.604,179.208,2015_nk_067,Nush,2015,0.708950964116093,1.5368890952357,-6.65105134616262e-5,382.966929626456,442.212296336974,1053.24,0.708972944313064,189.79090475552573,NA
172,1.56812337717068,0.708874496125302,90.128,180.256,2015_nk_067,Nush,2015,0.708955649826877,1.53697433609973,8.52408640323876e-5,382.966929626456,442.212296336974,1053.24,0.708972944313064,189.79090475552573,NA
173,1.52686772598559,0.70826042192116,90.652,181.304,2015_nk_067,Nush,2015,0.708970839617775,1.53677912165431,-1.952144454238e-4,382.966929626456,442.212296336974,1053.24,0.708972944313064,189.79090475552573,NA
174,1.53658125601766,0.709085387641442,91.176,182.352,2015_nk_067,Nush,2015,0.708983526170616,1.53654783255584,-2.3128909846681e-4,382.966929626456,442.212296336974,1053.24,0.708972944313064,189.79090475552573,NA
175,1.62542796181501,0.709396843029004,91.7,183.4,2015_nk_067,Nush,2015,0.708977613339969,1.53597138319793,-5.764493579119e-4,382.966929626456,442.212296336974,1053.24,0.708972944313064,189.79090475552573,NA
176,1.57624828626316,0.709692062685459,92.224,184.448,2015_nk_067,Nush,2015,0.708966595901647,1.53609798843199,1.2660523405916e-4,382.966929626456,442.212296336974,1053.24,0.708972944313064,189.79090475552573,NA
177,1.66956494327406,0.7094384557177,92.748,185.496,2015_nk_067,Nush,2015,0.708951370957268,1.53557696151745,-5.2102691453614e-4,382.966929626456,442.212296336974,1053.24,0.708972944313064,189.79090475552573,NA
178,1.66248686823219,0.708700219014442,93.272,186.544,2015_nk_067,Nush,2015,0.708942616757846,1.5342389993108,-0.00133796220665405,382.966929626456,442.212296336974,1053.24,0.708972944313064,189.79090475552573,NA
179,1.63459792993662,0.709257631445979,93.796,187.592,2015_nk_067,Nush,2015,0.708964412219124,1.5331452455999,-0.00109375371090059,382.966929626456,442.212296336974,1053.24,0.708972944313064,189.79090475552573,NA
180,1.67516348737184,0.708413679142316,94.32,188.64,2015_nk_067,Nush,2015,0.708980423842753,1.53314392110129,-1.32449860368311e-6,382.966929626456,442.212296336974,1053.24,0.708972944313064,189.79090475552573,NA
181,1.63314926643962,0.709004231114121,94.844,189.688,2015_nk_067,Nush,2015,0.708972517132923,1.53266455231004,-4.7936879125454e-4,382.966929626456,442.212296336974,1053.24,0.708972944313064,189.79090475552573,Core
182,1.68344117017514,0.709263178535551,95.368,190.736,2015_nk_067,Nush,2015,0.70898903815967,1.53202281808915,-6.4173422088664e-4,382.966929626456,442.212296336974,1053.24,0.708972944313064,189.79090475552573,Core
183,1.71809239958982,0.708408961526155,95.892,191.784,2015_nk_067,Nush,2015,0.708995616051911,1.53154220774258,-4.8061034657442e-4,382.966929626456,442.212296336974,1053.24,0.708972944313064,189.79090475552573,Core
184,1.65476339281648,0.708828540288658,96.416,192.832,2015_nk_067,Nush,2015,0.709001615093304,1.52999635615762,-0.00154585158496112,382.966929626456,442.212296336974,1053.24,0.708972944313064,189.79090475552573,Core
185,1.73338075776885,0.709105248350889,96.94,193.88,2015_nk_067,Nush,2015,0.708988959912397,1.52841827123834,-0.00157808491927436,382.966929626456,442.212296336974,1053.24,0.708972944313064,189.79090475552573,Core
186,1.64086718592551,0.709101734582688,97.464,194.928,2015_nk_067,Nush,2015,0.708970521276021,1.52669102544747,-0.00172724579086903,382.966929626456,442.212296336974,1053.24,0.708972944313064,189.79090475552573,Core
187,1.6697157253905,0.708956226351517,97.988,195.976,2015_nk_067,Nush,2015,0.708970793095602,1.52472418957092,-0.00196683587654856,382.966929626456,442.212296336974,1053.24,0.708972944313064,189.79090475552573,Core
188,1.61739261421781,0.708599206081257,98.512,197.024,2015_nk_067,Nush,2015,0.708968892662563,1.52363833486143,-0.00108585470949119,382.966929626456,442.212296336974,1053.24,0.708972944313064,189.79090475552573,Core
189,1.65918568248388,0.708350143596109,99.036,198.072,2015_nk_067,Nush,2015,0.708975266947603,1.52289178275197,-7.4655210946583e-4,382.966929626456,442.212296336974,1053.24,0.708972944313064,189.79090475552573,Core
190,1.59955837019566,0.708643619598809,99.56,199.12,2015_nk_067,Nush,2015,0.708986733933509,1.52239975828739,-4.9202446457563e-4,382.966929626456,442.212296336974,1053.24,0.708972944313064,189.79090475552573,Core
191,1.63783298934407,0.709816740128832,100.084,200.168,2015_nk_067,Nush,2015,0.708975795762044,1.52235529873366,-4.44595537369974e-5,382.966929626456,442.212296336974,1053.24,0.708972944313064,189.79090475552573,Core
192,1.580161911607,0.708727121996287,100.608,201.216,2015_nk_067,Nush,2015,0.708971338429032,1.52251478817059,1.5948943693522e-4,382.966929626456,442.212296336974,1053.24,0.708972944313064,189.79090475552573,Core
193,1.58260818090993,0.709040963043017,101.132,202.264,2015_nk_067,Nush,2015,0.708971135368971,1.52281990597142,3.0511780082509e-4,382.966929626456,442.212296336974,1053.24,0.708972944313064,189.79090475552573,Core
194,1.57823958779795,0.708394611934074,101.656,203.312,2015_nk_067,Nush,2015,0.70897640930912,1.52288865533683,6.87493654172311e-5,382.966929626456,442.212296336974,1053.24,0.708972944313064,189.79090475552573,Core
195,1.56399070247824,0.70921218836768,102.18,204.36,2015_nk_067,Nush,2015,0.708970321212306,1.52277280862196,-1.1584671487097e-4,382.966929626456,442.212296336974,1053.24,0.708972944313064,189.79090475552573,Core
196,1.5420017161335,0.709437391061283,102.704,205.408,2015_nk_067,Nush,2015,0.708987513953649,1.52276759206959,-5.21655237650798e-6,382.966929626456,442.212296336974,1053.24,0.708972944313064,189.79090475552573,Core
197,1.54049137911605,0.708380104333919,103.228,206.456,2015_nk_067,Nush,2015,0.708986868193103,1.52267740344463,-9.01886249595751e-5,382.966929626456,442.212296336974,1053.24,0.708972944313064,189.79090475552573,Core
198,1.50833760423391,0.709327441292686,103.752,207.504,2015_nk_067,Nush,2015,0.708980935653548,1.52137616436459,-0.00130123908003288,382.966929626456,442.212296336974,1053.24,0.708972944313064,189.79090475552573,Core
199,1.5140133867684,0.709607460115345,104.276,208.552,2015_nk_067,Nush,2015,0.708970351121173,1.51937366361324,-0.00200250075135555,382.966929626456,442.212296336974,1053.24,0.708972944313064,189.79090475552573,Core
200,1.51047119142773,0.70876093612985,104.8,209.6,2015_nk_067,Nush,2015,0.708994334212383,1.51716607923195,-0.0022075843812901,382.966929626456,442.212296336974,1053.24,0.708972944313064,189.79090475552573,Core
201,1.51241242332478,0.70862609409978,105.324,210.648,2015_nk_067,Nush,2015,0.708979051994733,1.51529521300469,-0.00187086622725308,382.966929626456,442.212296336974,1053.24,0.708972944313064,189.79090475552573,Core
202,1.5443617632163,0.708841075856249,105.848,211.696,2015_nk_067,Nush,2015,0.708973947253961,1.51205565948068,-0.00323955352401417,382.966929626456,442.212296336974,1053.24,0.708972944313064,189.79090475552573,Core
203,1.49679480982859,0.70942074967471,106.372,212.744,2015_nk_067,Nush,2015,0.708990428141946,1.50931071690889,-0.0027449425717927,382.966929626456,442.212296336974,1053.24,0.708972944313064,189.79090475552573,Core
204,1.49824922163837,0.709832026340877,106.896,213.792,2015_nk_067,Nush,2015,0.708978288762091,1.50630320402627,-0.00300751288261991,382.966929626456,442.212296336974,1053.24,0.708972944313064,189.79090475552573,Core
205,1.45487049554513,0.708526237576638,107.42,214.84,2015_nk_067,Nush,2015,0.708971813156753,1.50223980426388,-0.00406339976238246,382.966929626456,442.212296336974,1053.24,0.708972944313064,189.79090475552573,Core
206,1.46136558548843,0.708336001673247,107.944,215.888,2015_nk_067,Nush,2015,0.70895681093067,1.49860761556893,-0.00363218869495308,382.966929626456,442.212296336974,1053.24,0.708972944313064,189.79090475552573,Core
207,1.44371473372088,0.708576640615382,108.468,216.936,2015_nk_067,Nush,2015,0.708949294522137,1.49358529857863,-0.00502231699030542,382.966929626456,442.212296336974,1053.24,0.708972944313064,189.79090475552573,Core
208,1.45793024584525,0.708602378463465,108.992,217.984,2015_nk_067,Nush,2015,0.708951820285099,1.48956913511768,-0.00401616346094502,382.966929626456,442.212296336974,1053.24,0.708972944313064,189.79090475552573,Core
209,1.42882605128058,0.70930986638164,109.516,219.032,2015_nk_067,Nush,2015,0.708929652948329,1.4856729013999601,-0.00389623371772108,382.966929626456,442.212296336974,1053.24,0.708972944313064,189.79090475552573,Core
210,1.46804713701566,0.709813044840861,110.04,220.08,2015_nk_067,Nush,2015,0.708945132924585,1.48078191482443,-0.00489098657552622,382.966929626456,442.212296336974,1053.24,0.708972944313064,189.79090475552573,Core
211,1.41175318334921,0.709062030628476,110.564,221.128,2015_nk_067,Nush,2015,0.708950943967709,1.47696545560326,-0.00381645922117313,382.966929626456,442.212296336974,1053.24,0.708972944313064,189.79090475552573,Core
212,1.40488341269116,0.70935102622125,111.088,222.176,2015_nk_067,Nush,2015,0.708944499743672,1.4719169635427,-0.00504849206056424,382.966929626456,442.212296336974,1053.24,0.708972944313064,189.79090475552573,Core
213,1.44306680405298,0.70912318157813,111.612,223.224,2015_nk_067,Nush,2015,0.708956449745385,1.46621892469308,-0.00569803884962083,382.966929626456,442.212296336974,1053.24,0.708972944313064,189.79090475552573,Core
214,1.42399211365666,0.709051794596,112.136,224.272,2015_nk_067,Nush,2015,0.708957569839005,1.46150076014631,-0.00471816454676577,382.966929626456,442.212296336974,1053.24,0.708972944313064,189.79090475552573,Core
215,1.42192772712104,0.70869475947612,112.66,225.32,2015_nk_067,Nush,2015,0.708970870975838,1.45499027038894,-0.0065104897573689,382.966929626456,442.212296336974,1053.24,0.708972944313064,189.79090475552573,Core
216,1.40331830006132,0.708287740691359,113.184,226.368,2015_nk_067,Nush,2015,0.708980329399228,1.45039263485755,-0.00459763553139525,382.966929626456,442.212296336974,1053.24,0.708972944313064,189.79090475552573,Core
217,1.40252996741424,0.709074279830598,113.708,227.416,2015_nk_067,Nush,2015,0.708981803115551,1.44503125667185,-0.00536137818569538,382.966929626456,442.212296336974,1053.24,0.708972944313064,189.79090475552573,Core
218,1.41417880895128,0.708312604382675,114.232,228.464,2015_nk_067,Nush,2015,0.708998534648034,1.44057079451533,-0.00446046215652007,382.966929626456,442.212296336974,1053.24,0.708972944313064,189.79090475552573,Core
219,1.40102747713204,0.708455336305968,114.756,229.512,2015_nk_067,Nush,2015,0.709012579941357,1.43540830845297,-0.00516248606236314,382.966929626456,442.212296336974,1053.24,0.708972944313064,189.79090475552573,Core
220,1.41545481102775,0.708973699962142,115.28,230.56,2015_nk_067,Nush,2015,0.709024012900172,1.43117389910597,-0.00423440934699415,382.966929626456,442.212296336974,1053.24,0.708972944313064,189.79090475552573,Core
221,1.4140282976582,0.708839811588825,115.804,231.608,2015_nk_067,Nush,2015,0.708992468639133,1.426258107779,-0.00491579132697306,382.966929626456,442.212296336974,1053.24,0.708972944313064,189.79090475552573,Core
222,1.41907015693514,0.709400091349561,116.328,232.656,2015_nk_067,Nush,2015,0.708996416444943,1.42208450361377,-0.0041736041652265,382.966929626456,442.212296336974,1053.24,0.708972944313064,189.79090475552573,Core
223,1.40819865909647,0.709390214646207,116.852,233.704,2015_nk_067,Nush,2015,0.708990082421217,1.41781266882413,-0.00427183478964865,382.966929626456,442.212296336974,1053.24,0.708972944313064,189.79090475552573,Core
224,1.39953721392775,0.708778267034687,117.376,234.752,2015_nk_067,Nush,2015,0.708990886569284,1.41379360849457,-0.00401906032955912,382.966929626456,442.212296336974,1053.24,0.708972944313064,189.79090475552573,Core
225,1.39136750313419,0.708707902948175,117.9,235.8,2015_nk_067,Nush,2015,0.708983852080776,1.40978494002437,-0.00400866847019321,382.966929626456,442.212296336974,1053.24,0.708972944313064,189.79090475552573,Core
226,1.387552125955,0.709812052342829,118.424,236.848,2015_nk_067,Nush,2015,0.708980523044605,1.40629717906567,-0.00348776095870384,382.966929626456,442.212296336974,1053.24,0.708972944313064,189.79090475552573,Core
227,1.39993195965354,0.709335453385294,118.948,237.896,2015_nk_067,Nush,2015,0.708980545852496,1.40241387425499,-0.003883304810679,382.966929626456,442.212296336974,1053.24,0.708972944313064,189.79090475552573,Core
228,1.37796789751052,0.708913372877193,119.472,238.944,2015_nk_067,Nush,2015,0.708967319312479,1.39928021087044,-0.00313366338455112,382.966929626456,442.212296336974,1053.24,0.708972944313064,189.79090475552573,Core
229,1.38635782732743,0.709019252050928,119.996,239.992,2015_nk_067,Nush,2015,0.708941256868898,1.39591553495641,-0.00336467591402889,382.966929626456,442.212296336974,1053.24,0.708972944313064,189.79090475552573,Core
230,1.38712348157392,0.709746554817625,120.52,241.04,2015_nk_067,Nush,2015,0.708953878428562,1.39226371424689,-0.00365182070951753,382.966929626456,442.212296336974,1053.24,0.708972944313064,189.79090475552573,Core
231,1.39511553426093,0.708444332295516,121.044,242.088,2015_nk_067,Nush,2015,0.708930484770705,1.38886239379508,-0.00340132045181107,382.966929626456,442.212296336974,1053.24,0.708972944313064,189.79090475552573,Core
232,1.37375016572983,0.708568211678953,121.568,243.136,2015_nk_067,Nush,2015,0.708935888221834,1.3848702915914,-0.00399210220368573,382.966929626456,442.212296336974,1053.24,0.708972944313064,189.79090475552573,Core
233,1.36217117167802,0.709249275200287,122.092,244.184,2015_nk_067,Nush,2015,0.708923115672187,1.3818144476306,-0.00305584396079817,382.966929626456,442.212296336974,1053.24,0.708972944313064,189.79090475552573,Core
234,1.35613048306047,0.708357024850118,122.616,245.232,2015_nk_067,Nush,2015,0.70892234597721,1.37863029331783,-0.0031841543127713,382.966929626456,442.212296336974,1053.24,0.708972944313064,189.79090475552573,Core
235,1.38162397607207,0.709008306708743,123.14,246.28,2015_nk_067,Nush,2015,0.708925168146368,1.3761642593704,-0.0024660339474265,382.966929626456,442.212296336974,1053.24,0.708972944313064,189.79090475552573,Core
236,1.35831696456596,0.708791929120487,123.664,247.328,2015_nk_067,Nush,2015,0.708945363877083,1.37329186492192,-0.00287239444847787,382.966929626456,442.212296336974,1053.24,0.708972944313064,189.79090475552573,Core
237,1.36822592385574,0.708987471205713,124.188,248.376,2015_nk_067,Nush,2015,0.708958707883683,1.37068247245772,-0.00260939246420322,382.966929626456,442.212296336974,1053.24,0.708972944313064,189.79090475552573,Core
238,1.42151706057549,0.708851764792127,124.712,249.424,2015_nk_067,Nush,2015,0.70896545109099,1.36768911480409,-0.00299335765363229,382.966929626456,442.212296336974,1053.24,0.708972944313064,189.79090475552573,Core
239,1.40082390687334,0.707927591239791,125.236,250.472,2015_nk_067,Nush,2015,0.708959615713226,1.3647665156148,-0.00292259918928828,382.966929626456,442.212296336974,1053.24,0.708972944313064,189.79090475552573,Core
240,1.38170429284027,0.709342477717667,125.76,251.52,2015_nk_067,Nush,2015,0.708948247633305,1.36124908703772,-0.0035174285770827,382.966929626456,442.212296336974,1053.24,0.708972944313064,189.79090475552573,Core
241,1.40416171316923,0.709352893701607,126.284,252.568,2015_nk_067,Nush,2015,0.708936274560102,1.35877585000019,-0.00247323703752111,382.966929626456,442.212296336974,1053.24,0.708972944313064,189.79090475552573,Core
242,1.38053164654128,0.708876525093341,126.808,253.616,2015_nk_067,Nush,2015,0.70893735063151,1.35647318937637,-0.00230266062382078,382.966929626456,442.212296336974,1053.24,0.708972944313064,189.79090475552573,Core
243,1.37621006861257,0.709125961628927,127.332,254.664,2015_nk_067,Nush,2015,0.708943902843871,1.35301801935432,-0.00345517002205087,382.966929626456,442.212296336974,1053.24,0.708972944313064,189.79090475552573,Core
244,1.37167352001053,0.708895745905868,127.856,255.712,2015_nk_067,Nush,2015,0.708952046394993,1.34961944303425,-0.00339857632007035,382.966929626456,442.212296336974,1053.24,0.708972944313064,189.79090475552573,Core
245,1.34275137232672,0.709903316560845,128.38,256.76,2015_nk_067,Nush,2015,0.708942006864868,1.34640806706817,-0.00321137596608456,382.966929626456,442.212296336974,1053.24,0.708972944313064,189.79090475552573,Core
246,1.36500905404179,0.709669239986054,128.904,257.808,2015_nk_067,Nush,2015,0.70896028425246,1.34357862825717,-0.00282943881099551,382.966929626456,442.212296336974,1053.24,0.708972944313064,189.79090475552573,Core
247,1.34803303424878,0.709044649330906,129.428,258.856,2015_nk_067,Nush,2015,0.708954386949077,1.34049911252684,-0.00307951573033294,382.966929626456,442.212296336974,1053.24,0.708972944313064,189.79090475552573,Core
248,1.3497648848266,0.709603098030253,129.952,259.904,2015_nk_067,Nush,2015,0.708971582676534,1.33774182409665,-0.00275728843019007,382.966929626456,442.212296336974,1053.24,0.708972944313064,189.79090475552573,Core
249,1.3494365187421,0.709192861195517,130.476,260.952,2015_nk_067,Nush,2015,0.708981695637709,1.33443732056349,-0.00330450353316114,382.966929626456,442.212296336974,1053.24,0.708972944313064,189.79090475552573,Core
250,1.345493809376,0.709329597127701,131,262,2015_nk_067,Nush,2015,0.708979157863152,1.33089332475179,-0.00354399581169362,382.966929626456,442.212296336974,1053.24,0.708972944313064,189.79090475552573,Core
251,1.3428855097257,0.707924084466469,131.524,263.048,2015_nk_067,Nush,2015,0.708985341505152,1.32734456606471,-0.00354875868708637,382.966929626456,442.212296336974,1053.24,0.708972944313064,189.79090475552573,Core
252,1.3297456616934,0.708963990344898,132.048,264.096,2015_nk_067,Nush,2015,0.708982947368654,1.32376662822558,-0.0035779378391263,382.966929626456,442.212296336974,1053.24,0.708972944313064,189.79090475552573,Core
253,1.32629809353101,0.708660921619456,132.572,265.144,2015_nk_067,Nush,2015,0.708988074351438,1.32022174245965,-0.00354488576592904,382.966929626456,442.212296336974,1053.24,0.708972944313064,189.79090475552573,Core
254,1.33709596802441,0.708442860818088,133.096,266.192,2015_nk_067,Nush,2015,0.70898344466952,1.31639281933222,-0.00382892312742777,382.966929626456,442.212296336974,1053.24,0.708972944313064,189.79090475552573,Core
255,1.32347059426664,0.708790119057198,133.62,267.24,2015_nk_067,Nush,2015,0.708976020560122,1.31250524728868,-0.00388757204354162,382.966929626456,442.212296336974,1053.24,0.708972944313064,189.79090475552573,Core
256,1.33273605861128,0.709237648891027,134.144,268.288,2015_nk_067,Nush,2015,0.708970118032964,1.3088492789923,-0.00365596829638037,382.966929626456,442.212296336974,1053.24,0.708972944313064,189.79090475552573,Core
257,1.30749309047531,0.708381472807377,134.668,269.336,2015_nk_067,Nush,2015,0.70897751658937,1.30477815707728,-0.00407112191502601,382.966929626456,442.212296336974,1053.24,0.708972944313064,189.79090475552573,Core
258,1.32031780116084,0.708533848891678,135.192,270.384,2015_nk_067,Nush,2015,0.70898786166611,1.3009762215778,-0.00380193549947805,382.966929626456,442.212296336974,1053.24,0.708972944313064,189.79090475552573,Core
259,1.31213283192668,0.708043713500471,135.716,271.432,2015_nk_067,Nush,2015,0.708975938072023,1.29696391581151,-0.0040123057662913,382.966929626456,442.212296336974,1053.24,0.708972944313064,189.79090475552573,Core
260,1.29136194885668,0.709518229709724,136.24,272.48,2015_nk_067,Nush,2015,0.70896007318379906,1.29280462044566,-0.00415929536584669,382.966929626456,442.212296336974,1053.24,0.708972944313064,189.79090475552573,Core
261,1.30833319621611,0.707222474628348,136.764,273.528,2015_nk_067,Nush,2015,0.708962732144931,1.28801876905965,-0.00478585138601306,382.966929626456,442.212296336974,1053.24,0.708972944313064,189.79090475552573,Core
262,1.30483563099516,0.709165282924005,137.288,274.576,2015_nk_067,Nush,2015,0.70895742154338,1.28364206170398,-0.00437670735567219,382.966929626456,442.212296336974,1053.24,0.708972944313064,189.79090475552573,Core
263,1.3134441721807,0.708654396695886,137.812,275.624,2015_nk_067,Nush,2015,0.708933949995553,1.27934224300944,-0.00429981869453733,382.966929626456,442.212296336974,1053.24,0.708972944313064,189.79090475552573,Core
264,1.30719996287209,0.709785844642242,138.336,276.672,2015_nk_067,Nush,2015,0.708946689666843,1.27511691989906,-0.00422532311037638,382.966929626456,442.212296336974,1053.24,0.708972944313064,189.79090475552573,Core
265,1.30690845869954,0.70869556772609,138.86,277.72,2015_nk_067,Nush,2015,0.708952996218005,1.27010141689865,-0.00501550300041331,382.966929626456,442.212296336974,1053.24,0.708972944313064,189.79090475552573,Core
266,1.28902191857975,0.709547745516149,139.384,278.768,2015_nk_067,Nush,2015,0.708943295522394,1.26525655374885,-0.00484486314979748,382.966929626456,442.212296336974,1053.24,0.708972944313064,189.79090475552573,Core
267,1.28715118586868,0.709377281011392,139.908,279.816,2015_nk_067,Nush,2015,0.708932395606665,1.26038131461778,-0.00487523913107113,382.966929626456,442.212296336974,1053.24,0.708972944313064,189.79090475552573,Core
268,1.27832878662732,0.709006970901886,140.432,280.864,2015_nk_067,Nush,2015,0.708923084830695,1.25425889302182,-0.00612242159596166,382.966929626456,442.212296336974,1053.24,0.708972944313064,189.79090475552573,Core
269,1.25347009992329,0.708959743715786,140.956,281.912,2015_nk_067,Nush,2015,0.708938093097741,1.24862334281961,-0.00563555020221118,382.966929626456,442.212296336974,1053.24,0.708972944313064,189.79090475552573,Core
270,1.25700142239069,0.709130960045631,141.48,282.96,2015_nk_067,Nush,2015,0.70891906539363,1.24322658028973,-0.00539676252988142,382.966929626456,442.212296336974,1053.24,0.708972944313064,189.79090475552573,Core
271,1.26335896109795,0.70834364623629,142.004,284.008,2015_nk_067,Nush,2015,0.708908712806874,1.23736919823667,-0.00585738205305875,382.966929626456,442.212296336974,1053.24,0.708972944313064,189.79090475552573,Core
272,1.26672377526191,0.709415590505765,142.528,285.056,2015_nk_067,Nush,2015,0.708926055522538,1.23181810513166,-0.00555109310500779,382.966929626456,442.212296336974,1053.24,0.708972944313064,189.79090475552573,Core
273,1.23575660272993,0.709516314319782,143.052,286.104,2015_nk_067,Nush,2015,0.708918243625917,1.22613089029203,-0.00568721483962809,382.966929626456,442.212296336974,1053.24,0.708972944313064,189.79090475552573,Core
274,1.22007753445244,0.709540407663273,143.576,287.152,2015_nk_067,Nush,2015,0.708920810752035,1.22032672714767,-0.00580416314436039,382.966929626456,442.212296336974,1053.24,0.708972944313064,189.79090475552573,Core
275,1.22924516915597,0.708092387668627,144.1,288.2,2015_nk_067,Nush,2015,0.708891307087258,1.21493426191764,-0.00539246523003101,382.966929626456,442.212296336974,1053.24,0.708972944313064,189.79090475552573,Core
276,1.23355197140158,0.709384383946882,144.624,289.248,2015_nk_067,Nush,2015,0.708871751487302,1.20873172514884,-0.00620253676880345,382.966929626456,442.212296336974,1053.24,0.708972944313064,189.79090475552573,Core
277,1.21775902359427,0.708720441627609,145.148,290.296,2015_nk_067,Nush,2015,0.708859565997588,1.20285623863645,-0.00587548651238512,382.966929626456,442.212296336974,1053.24,0.708972944313064,189.79090475552573,Core
278,1.24874150313987,0.709344348030116,145.672,291.344,2015_nk_067,Nush,2015,0.708843446499726,1.19696189309297,-0.00589434554347612,382.966929626456,442.212296336974,1053.24,0.708972944313064,189.79090475552573,Core
279,1.20275726514238,0.709062113976468,146.196,292.392,2015_nk_067,Nush,2015,0.708845570629039,1.19077404978814,-0.00618784330483213,382.966929626456,442.212296336974,1053.24,0.708972944313064,189.79090475552573,Core
280,1.20281506232613,0.708821433488742,146.72,293.44,2015_nk_067,Nush,2015,0.708844188504475,1.18486529018822,-0.0059087595999272,382.966929626456,442.212296336974,1053.24,0.708972944313064,189.79090475552573,Core
281,1.20110277643302,0.709210830108825,147.244,294.488,2015_nk_067,Nush,2015,0.708879413675687,1.17883416853052,-0.00603112165769737,382.966929626456,442.212296336974,1053.24,0.708972944313064,189.79090475552573,Core
282,1.20439388658756,0.709256443159654,147.768,295.536,2015_nk_067,Nush,2015,0.708885826071928,1.17302674855862,-0.00580741997190293,382.966929626456,442.212296336974,1053.24,0.708972944313064,189.79090475552573,Core
283,1.19550551314073,0.709697833613238,148.292,296.584,2015_nk_067,Nush,2015,0.708875019963551,1.16732120973302,-0.00570553882559044,382.966929626456,442.212296336974,1053.24,0.708972944313064,189.79090475552573,Core
284,1.16980182628207,0.708500486119605,148.816,297.632,2015_nk_067,Nush,2015,0.708877304603256,1.16145267467694,-0.00586853505607987,382.966929626456,442.212296336974,1053.24,0.708972944313064,189.79090475552573,Core
285,1.15811318052169,0.708262456384295,149.34,298.68,2015_nk_067,Nush,2015,0.708870039807048,1.15542753902454,-0.0060251356524037,382.966929626456,442.212296336974,1053.24,0.708972944313064,189.79090475552573,Core
286,1.16819402817219,0.709457900713368,149.864,299.728,2015_nk_067,Nush,2015,0.70885889104479,1.14894081995062,-0.00648671907392528,382.966929626456,442.212296336974,1053.24,0.708972944313064,189.79090475552573,Core
287,1.15566464475198,0.70977936676964,150.388,300.776,2015_nk_067,Nush,2015,0.708838098471,1.14281345711311,-0.0061273628375027,382.966929626456,442.212296336974,1053.24,0.708972944313064,189.79090475552573,Core
288,1.14985176754184,0.7095340774816,150.912,301.824,2015_nk_067,Nush,2015,0.708837698984836,1.13642128209733,-0.00639217501578293,382.966929626456,442.212296336974,1053.24,0.708972944313064,189.79090475552573,Core
289,1.14561948134996,0.708303836405706,151.436,302.872,2015_nk_067,Nush,2015,0.708843489085716,1.13020430256719,-0.00621697953013634,382.966929626456,442.212296336974,1053.24,0.708972944313064,189.79090475552573,Core
290,1.13756575962311,0.708794661524219,151.96,303.92,2015_nk_067,Nush,2015,0.708827538990013,1.12431280471534,-0.00589149785185472,382.966929626456,442.212296336974,1053.24,0.708972944313064,189.79090475552573,Core
291,1.10796445110015,0.708603869963399,152.484,304.968,2015_nk_067,Nush,2015,0.708860154898385,1.11809700744184,-0.00621579727349597,382.966929626456,442.212296336974,1053.24,0.708972944313064,189.79090475552573,Core
292,1.11114772438949,0.708249575585936,153.008,306.016,2015_nk_067,Nush,2015,0.708851990424181,1.11220870461636,-0.00588830282548636,382.966929626456,442.212296336974,1053.24,0.708972944313064,189.79090475552573,Core
293,1.10418205000578,0.707840982330634,153.532,307.064,2015_nk_067,Nush,2015,0.708853066749655,1.10595768240728,-0.00625102220907547,382.966929626456,442.212296336974,1053.24,0.708972944313064,189.79090475552573,Core
294,1.10261109643789,0.709121405127566,154.056,308.112,2015_nk_067,Nush,2015,0.708852379910152,1.09962975132092,-0.00632793108636198,382.966929626456,442.212296336974,1053.24,0.708972944313064,189.79090475552573,Core
295,1.08069379604728,0.709386699778421,154.58,309.16,2015_nk_067,Nush,2015,0.708831894165067,1.09349738345687,-0.00613236786404658,382.966929626456,442.212296336974,1053.24,0.708972944313064,189.79090475552573,Core
296,1.06762517557811,0.708209887383851,155.104,310.208,2015_nk_067,Nush,2015,0.708823350274922,1.08761174745935,-0.00588563599752212,382.966929626456,442.212296336974,1053.24,0.708972944313064,189.79090475552573,Core
297,1.07571157599147,0.708333476261972,155.628,311.256,2015_nk_067,Nush,2015,0.708812215438317,1.08132828970661,-0.00628345775273598,382.966929626456,442.212296336974,1053.24,0.708972944313064,189.79090475552573,Core
298,1.0541717648178,0.708293118233917,156.152,312.304,2015_nk_067,Nush,2015,0.708808133999843,1.07501114090843,-0.00631714879818523,382.966929626456,442.212296336974,1053.24,0.708972944313064,189.79090475552573,Core
299,1.06269089474067,0.708828087262532,156.676,313.352,2015_nk_067,Nush,2015,0.708800830115079,1.0692971351778,-0.00571400573062886,382.966929626456,442.212296336974,1053.24,0.708972944313064,189.79090475552573,Core
300,1.05789854104738,0.708200815470989,157.2,314.4,2015_nk_067,Nush,2015,0.708797076303324,1.06335186437116,-0.00594527080664475,382.966929626456,442.212296336974,1053.24,0.708972944313064,189.79090475552573,Core
301,1.0527187899857,0.708731738496273,157.724,315.448,2015_nk_067,Nush,2015,0.708802657264038,1.05726998021757,-0.00608188415358812,382.966929626456,442.212296336974,1053.24,0.708972944313064,189.79090475552573,Core
302,1.04746606024081,0.709917088033199,158.248,316.496,2015_nk_067,Nush,2015,0.708784249075672,1.0511320674211,-0.00613791279646336,382.966929626456,442.212296336974,1053.24,0.708972944313064,189.79090475552573,Core
303,1.03497717823489,0.708657247831687,158.772,317.544,2015_nk_067,Nush,2015,0.708758821024578,1.04532183664453,-0.00581023077657594,382.966929626456,442.212296336974,1053.24,0.708972944313064,189.79090475552573,Core
304,1.02342373134889,0.709049773472898,159.296,318.592,2015_nk_067,Nush,2015,0.708739732528379,1.03969140073406,-0.00563043591046397,382.966929626456,442.212296336974,1053.24,0.708972944313064,189.79090475552573,Core
305,1.01920345852486,0.708133096674266,159.82,319.64,2015_nk_067,Nush,2015,0.708732286051841,1.03407915956689,-0.0056122411671744,382.966929626456,442.212296336974,1053.24,0.708972944313064,189.79090475552573,Core
306,0.99285684791359,0.708495903988672,160.344,320.688,2015_nk_067,Nush,2015,0.708706642632472,1.02821151010619,-0.00586764946069729,382.966929626456,442.212296336974,1053.24,0.708972944313064,189.79090475552573,Core
307,0.995503843505676,0.708313519948095,160.868,321.736,2015_nk_067,Nush,2015,0.708734245204358,1.02252707055655,-0.00568443954964337,382.966929626456,442.212296336974,1053.24,0.708972944313064,189.79090475552573,Core
308,0.996104152218023,0.708635928158479,161.392,322.784,2015_nk_067,Nush,2015,0.708722822683106,1.01639317746756,-0.00613389308898693,382.966929626456,442.212296336974,1053.24,0.708972944313064,189.79090475552573,Core
309,0.978165920452172,0.709320308954319,161.916,323.832,2015_nk_067,Nush,2015,0.708703831434314,1.01117852622745,-0.00521465124011034,382.966929626456,442.212296336974,1053.24,0.708972944313064,189.79090475552573,Core
310,0.990968233380359,0.709246669653836,162.44,324.88,2015_nk_067,Nush,2015,0.708704947860706,1.00568157287593,-0.00549695335152123,382.966929626456,442.212296336974,1053.24,0.708972944313064,189.79090475552573,Core
311,0.981018210263859,0.710037594739224,162.964,325.928,2015_nk_067,Nush,2015,0.708682304446514,1.00006011598277,-0.00562145689316229,382.966929626456,442.212296336974,1053.24,0.708972944313064,189.79090475552573,Core
312,0.981300463379223,0.709348734119329,163.488,326.976,2015_nk_067,Nush,2015,0.708675267626866,0.99433645733104,-0.00572365865172908,382.966929626456,442.212296336974,1053.24,0.708972944313064,189.79090475552573,Core
313,0.983965763995589,0.708012555116874,164.012,328.024,2015_nk_067,Nush,2015,0.708651143869424,0.98891555600285,-0.00542090132819006,382.966929626456,442.212296336974,1053.24,0.708972944313064,189.79090475552573,Core
314,0.984983864659625,0.708579939200371,164.536,329.072,2015_nk_067,Nush,2015,0.708658019067979,0.983750374285067,-0.00516518171778224,382.966929626456,442.212296336974,1053.24,0.708972944313064,189.79090475552573,Core
315,0.961962455122418,0.708354231284734,165.06,330.12,2015_nk_067,Nush,2015,0.70867135061805,0.978901394714173,-0.00484897957089447,382.966929626456,442.212296336974,1053.24,0.708972944313064,189.79090475552573,Core
316,0.943532914175749,0.708568723155511,165.584,331.168,2015_nk_067,Nush,2015,0.708672949025441,0.973850631832595,-0.00505076288157735,382.966929626456,442.212296336974,1053.24,0.708972944313064,189.79090475552573,Core
317,0.939851320225151,0.707133918380023,166.108,332.216,2015_nk_067,Nush,2015,0.708657119623171,0.969145300447971,-0.0047053313846247,382.966929626456,442.212296336974,1053.24,0.708972944313064,189.79090475552573,Core
318,0.936787300213866,0.70850987972182,166.632,333.264,2015_nk_067,Nush,2015,0.708652995430041,0.964351291321085,-0.00479400912688555,382.966929626456,442.212296336974,1053.24,0.708972944313064,189.79090475552573,Core
319,0.939114060118505,0.708391119553272,167.156,334.312,2015_nk_067,Nush,2015,0.708667674866265,0.959588436174849,-0.00476285514623609,382.966929626456,442.212296336974,1053.24,0.708972944313064,189.79090475552573,Core
320,0.937872077745406,0.708561223967509,167.68,335.36,2015_nk_067,Nush,2015,0.708658666133155,0.954833655435061,-0.00475478073978852,382.966929626456,442.212296336974,1053.24,0.708972944313064,189.79090475552573,Core
321,0.935385359806352,0.709179429130721,168.204,336.408,2015_nk_067,Nush,2015,0.708648972152634,0.950706477469331,-0.00412717796572992,382.966929626456,442.212296336974,1053.24,0.708972944313064,189.79090475552573,Core
322,0.951537461465984,0.708675414471724,168.728,337.456,2015_nk_067,Nush,2015,0.708653391417205,0.946602207165275,-0.00410427030405536,382.966929626456,442.212296336974,1053.24,0.708972944313064,189.79090475552573,Core
323,0.93838283963617,0.708718976224325,169.252,338.504,2015_nk_067,Nush,2015,0.708666610317987,0.942530286888702,-0.00407192027657322,382.966929626456,442.212296336974,1053.24,0.708972944313064,189.79090475552573,Core
324,0.92752409769038,0.709744634272074,169.776,339.552,2015_nk_067,Nush,2015,0.708695546656416,0.938423716863889,-0.00410657002481329,382.966929626456,442.212296336974,1053.24,0.708972944313064,189.79090475552573,Core
325,0.93896638685673794,0.707466423020998,170.3,340.6,2015_nk_067,Nush,2015,0.708673709358019,0.934581544351518,-0.00384217251237129,382.966929626456,442.212296336974,1053.24,0.708972944313064,189.79090475552573,Core
326,0.935883758728426,0.709035112107452,170.824,341.648,2015_nk_067,Nush,2015,0.708664007014196,0.930775335140065,-0.00380620921145203,382.966929626456,442.212296336974,1053.24,0.708972944313064,189.79090475552573,Core
327,0.910143720704524,0.708709190815108,171.348,342.696,2015_nk_067,Nush,2015,0.708678413892099,0.926800981328545,-0.00397435381152011,382.966929626456,442.212296336974,1053.24,0.708972944313064,189.79090475552573,Core
328,0.899299858736205,0.708762084593441,171.872,343.744,2015_nk_067,Nush,2015,0.708687491003931,0.923357667893299,-0.00344331343524606,382.966929626456,442.212296336974,1053.24,0.708972944313064,189.79090475552573,Core
329,0.910629756085551,0.708521510629935,172.396,344.792,2015_nk_067,Nush,2015,0.708677850998852,0.919856092288229,-0.00350157560507014,382.966929626456,442.212296336974,1053.24,0.708972944313064,189.79090475552573,Core
330,0.900285173992015,0.708905731340332,172.92,345.84,2015_nk_067,Nush,2015,0.708684830744911,0.91646396683882,-0.00339212544940881,382.966929626456,442.212296336974,1053.24,0.708972944313064,189.79090475552573,Core
331,0.898445911882659,0.708678503879132,173.444,346.888,2015_nk_067,Nush,2015,0.708689545610793,0.913305107862033,-0.00315885897678769,382.966929626456,442.212296336974,1053.24,0.708972944313064,189.79090475552573,Core
332,0.898449007474101,0.708311099203812,173.968,347.936,2015_nk_067,Nush,2015,0.708676260034371,0.910152958677173,-0.00315214918485962,382.966929626456,442.212296336974,1053.24,0.708972944313064,189.79090475552573,Core
333,0.887142756135383,0.707990631254115,174.492,348.984,2015_nk_067,Nush,2015,0.708667199448048,0.907154341318695,-0.00299861735847795,382.966929626456,442.212296336974,1053.24,0.708972944313064,189.79090475552573,Core
334,0.882251379824602,0.708395097891354,175.016,350.032,2015_nk_067,Nush,2015,0.708654995844272,0.904077593261032,-0.00307674805766323,382.966929626456,442.212296336974,1053.24,0.708972944313064,189.79090475552573,Core
335,0.892510699125499,0.707645599076348,175.54,351.08,2015_nk_067,Nush,2015,0.708665084121462,0.901418590183452,-0.00265900307758016,382.966929626456,442.212296336974,1053.24,0.708972944313064,189.79090475552573,Core
336,0.881493003759748,0.707845778784744,176.064,352.128,2015_nk_067,Nush,2015,0.708672414503033,0.899191274704754,-0.00222731547869748,382.966929626456,442.212296336974,1053.24,0.708972944313064,189.79090475552573,Core
337,0.876692650615659,0.71037659594074,176.588,353.176,2015_nk_067,Nush,2015,0.70867926667609,0.896959537703885,-0.00223173700086965,382.966929626456,442.212296336974,1053.24,0.708972944313064,189.79090475552573,Core
338,0.880707917800663,0.708658996755033,177.112,354.224,2015_nk_067,Nush,2015,0.708694596904901,0.894849951753387,-0.00210958595049748,382.966929626456,442.212296336974,1053.24,0.708972944313064,189.79090475552573,Core
339,0.889878190735752,0.707922639048907,177.636,355.272,2015_nk_067,Nush,2015,0.708699812419226,0.892847024856452,-0.00200292689693504,382.966929626456,442.212296336974,1053.24,0.708972944313064,189.79090475552573,Core
340,0.872997861234864,0.708888419072253,178.16,356.32,2015_nk_067,Nush,2015,0.708667107291657,0.890764852343555,-0.00208217251289688,382.966929626456,442.212296336974,1053.24,0.708972944313064,189.79090475552573,Core
341,0.863815362843281,0.707852225257352,178.684,357.368,2015_nk_067,Nush,2015,0.70866172377238,0.888848972969069,-0.00191587937448578,382.966929626456,442.212296336974,1053.24,0.708972944313064,189.79090475552573,Core
342,0.86097436748382306,0.708834233980722,179.208,358.416,2015_nk_067,Nush,2015,0.70866263818758,0.88685617846656,-0.00199279450250966,382.966929626456,442.212296336974,1053.24,0.708972944313064,189.79090475552573,Core
343,0.870251433449325,0.70825040816676,179.732,359.464,2015_nk_067,Nush,2015,0.70867341254073,0.884902746694874,-0.00195343177168561,382.966929626456,442.212296336974,1053.24,0.708972944313064,189.79090475552573,Core
344,0.859890923215138,0.708912998032884,180.256,360.512,2015_nk_067,Nush,2015,0.70866996714103,0.88286705092857,-0.00203569576630436,382.966929626456,442.212296336974,1053.24,0.708972944313064,189.79090475552573,Core
345,0.867174406268024,0.709062349388591,180.78,361.56,2015_nk_067,Nush,2015,0.70868794672876,0.881299480775675,-0.00156757015289521,382.966929626456,442.212296336974,1053.24,0.708972944313064,189.79090475552573,Core
346,0.86514825527755,0.709553805156825,181.304,362.608,2015_nk_067,Nush,2015,0.708686466451889,0.880092868890018,-0.00120661188565674,382.966929626456,442.212296336974,1053.24,0.708972944313064,189.79090475552573,Core
347,0.873344761674496,0.708829602633406,181.828,363.656,2015_nk_067,Nush,2015,0.708688870139855,0.878913256742912,-0.00117961214710627,382.966929626456,442.212296336974,1053.24,0.708972944313064,189.79090475552573,Core
348,0.862211219928709,0.70928662589379,182.352,364.704,2015_nk_067,Nush,2015,0.708696770100267,0.877874974757005,-0.00103828198590694,382.966929626456,442.212296336974,1053.24,0.708972944313064,189.79090475552573,Core
349,0.859848172575795,0.709184602579177,182.876,365.752,2015_nk_067,Nush,2015,0.708711494924982,0.876700607023498,-0.0011743677335071,382.966929626456,442.212296336974,1053.24,0.708972944313064,189.79090475552573,Core
350,0.852278915235804,0.708254137537616,183.4,366.8,2015_nk_067,Nush,2015,0.708716328345484,0.875486774883983,-0.00121383213951465,382.966929626456,442.212296336974,1053.24,0.708972944313064,189.79090475552573,Core
351,0.860333773156357,0.708022231132142,183.924,367.848,2015_nk_067,Nush,2015,0.708724861146437,0.874382185753706,-0.001104589130277,382.966929626456,442.212296336974,1053.24,0.708972944313064,189.79090475552573,Core
352,0.864891506146165,0.708514731460168,184.448,368.896,2015_nk_067,Nush,2015,0.70874228084815,0.873219734530544,-0.00116245122316161,382.966929626456,442.212296336974,1053.24,0.708972944313064,189.79090475552573,Core
353,0.859866833411387,0.708634116377593,184.972,369.944,2015_nk_067,Nush,2015,0.708757778123913,0.87208458604181,-0.00113514848873397,382.966929626456,442.212296336974,1053.24,0.708972944313064,189.79090475552573,Core
354,0.856216894949092,0.710857585433298,185.496,370.992,2015_nk_067,Nush,2015,0.708750899212995,0.871225292577533,-8.5929346427748e-4,382.966929626456,442.212296336974,1053.24,0.708972944313064,189.79090475552573,Core
355,0.850163445305004,0.708076461874595,186.02,372.04,2015_nk_067,Nush,2015,0.708793465883375,0.870098831810232,-0.00112646076730072,382.966929626456,442.212296336974,1053.24,0.708972944313064,189.79090475552573,Core
356,0.839252622890989,0.707627746754426,186.544,373.088,2015_nk_067,Nush,2015,0.708784604413116,0.869169478284553,-9.2935352567924e-4,382.966929626456,442.212296336974,1053.24,0.708972944313064,189.79090475552573,Core
357,0.837250347300261,0.709197888936174,187.068,374.136,2015_nk_067,Nush,2015,0.708794697834555,0.868493349784852,-6.7612849970066e-4,382.966929626456,442.212296336974,1053.24,0.708972944313064,189.79090475552573,Core
358,0.847572958703037,0.708837744943829,187.592,375.184,2015_nk_067,Nush,2015,0.708794111901933,0.868211071934843,-2.8227785000889e-4,382.966929626456,442.212296336974,1053.24,0.708972944313064,189.79090475552573,Core
359,0.852596358436457,0.708249686957802,188.116,376.232,2015_nk_067,Nush,2015,0.708810346284622,0.867343623338961,-8.6744859588217e-4,382.966929626456,442.212296336974,1053.24,0.708972944313064,189.79090475552573,Core
360,0.854371014082855,0.70861960023454,188.64,377.28,2015_nk_067,Nush,2015,0.708794192911643,0.86703904303389,-3.045803050713e-4,382.966929626456,442.212296336974,1053.24,0.708972944313064,189.79090475552573,Core
361,0.86318725137844,0.709014630449179,189.164,378.328,2015_nk_067,Nush,2015,0.708796891896898,0.866524779509171,-5.1426352471839e-4,382.966929626456,442.212296336974,1053.24,0.708972944313064,189.79090475552573,Core
362,0.858337109149231,0.709119953447911,189.688,379.376,2015_nk_067,Nush,2015,0.708840532732018,0.866062618496745,-4.6216101242668e-4,382.966929626456,442.212296336974,1053.24,0.708972944313064,189.79090475552573,Core
363,0.855060136726213,0.708113612652296,190.212,380.424,2015_nk_067,Nush,2015,0.708837452099539,0.865913106837052,-1.4951165969223e-4,382.966929626456,442.212296336974,1053.24,0.708972944313064,189.79090475552573,Core
364,0.838818847889094,0.708317557246337,190.736,381.472,2015_nk_067,Nush,2015,0.708851785011257,0.865842936133338,-7.01707037146226e-5,382.966929626456,442.212296336974,1053.24,0.708972944313064,189.79090475552573,Core
365,0.859663273870051,0.708738393305633,191.26,382.52,2015_nk_067,Nush,2015,0.708875722411301,0.86573273948733,-1.1019664600775e-4,382.966929626456,442.212296336974,1053.24,0.708972944313064,189.79090475552573,Fw
366,0.859217919191741,0.708935726882959,191.784,383.568,2015_nk_067,Nush,2015,0.708892387338365,0.865814199921704,8.14604343740699e-5,382.966929626456,442.212296336974,1053.24,0.708972944313064,189.79090475552573,Fw
367,0.861599623453501,0.708724650331484,192.308,384.616,2015_nk_067,Nush,2015,0.708876011660145,0.866118748982928,3.0454906122356e-4,382.966929626456,442.212296336974,1053.24,0.708972944313064,189.79090475552573,Fw
368,0.869528995188166,0.709555741887147,192.832,385.664,2015_nk_067,Nush,2015,0.708865808564334,0.866140513256033,2.17642731048517e-5,382.966929626456,442.212296336974,1053.24,0.708972944313064,189.79090475552573,Fw
369,0.85799030663607,0.709633239813839,193.356,386.712,2015_nk_067,Nush,2015,0.708886190277088,0.866103918127556,-3.65951284767574e-5,382.966929626456,442.212296336974,1053.24,0.708972944313064,189.79090475552573,Fw
370,0.866037882606547,0.707284361999676,193.88,387.76,2015_nk_067,Nush,2015,0.708893641631612,0.866019198968192,-8.47191593639218e-5,382.966929626456,442.212296336974,1053.24,0.708972944313064,189.79090475552573,Fw
371,0.866065447794711,0.709714583582636,194.404,388.808,2015_nk_067,Nush,2015,0.708896869424019,0.866298832172606,2.7963320441426e-4,382.966929626456,442.212296336974,1053.24,0.708972944313064,189.79090475552573,Fw
372,0.861732793228645,0.709403599031292,194.928,389.856,2015_nk_067,Nush,2015,0.708910151486756,0.866597602777002,2.9877060439609e-4,382.966929626456,442.212296336974,1053.24,0.708972944313064,189.79090475552573,Fw
373,0.866759857694458,0.708659016305923,195.452,390.904,2015_nk_067,Nush,2015,0.708915195599492,0.866967405679899,3.6980290289667e-4,382.966929626456,442.212296336974,1053.24,0.708972944313064,189.79090475552573,Fw
374,0.862842118681362,0.708373215218356,195.976,391.952,2015_nk_067,Nush,2015,0.708904963925246,0.867607546873182,6.4014119328326e-4,382.966929626456,442.212296336974,1053.24,0.708972944313064,189.79090475552573,Fw
375,0.867908245948704,0.709433006548493,196.5,393,2015_nk_067,Nush,2015,0.708912814615593,0.868034409583559,4.2686271037673e-4,382.966929626456,442.212296336974,1053.24,0.708972944313064,189.79090475552573,Fw
376,0.871136201036345,0.708479906543284,197.024,394.048,2015_nk_067,Nush,2015,0.708910478531949,0.86806868329192,3.42737083609546e-5,382.966929626456,442.212296336974,1053.24,0.708972944313064,189.79090475552573,Fw
377,0.869074591398771,0.707278139658006,197.548,395.096,2015_nk_067,Nush,2015,0.708915176478081,0.868102926209748,3.42429178280534e-5,382.966929626456,442.212296336974,1053.24,0.708972944313064,189.79090475552573,Fw
378,0.874490381059454,0.708983877346535,198.072,396.144,2015_nk_067,Nush,2015,0.70890463644384,0.868698131542685,5.9520533293755e-4,382.966929626456,442.212296336974,1053.24,0.708972944313064,189.79090475552573,Fw
379,0.868651996108076,0.709274609036123,198.596,397.192,2015_nk_067,Nush,2015,0.708894990744757,0.869035114802682,3.3698325999698e-4,382.966929626456,442.212296336974,1053.24,0.708972944313064,189.79090475552573,Fw
380,0.865042149374527,0.708851229197645,199.12,398.24,2015_nk_067,Nush,2015,0.708890476665507,0.869636110421906,6.0099561922322e-4,382.966929626456,442.212296336974,1053.24,0.708972944313064,189.79090475552573,Fw
381,0.869110011989732,0.7096913971879,199.644,399.288,2015_nk_067,Nush,2015,0.70890719995987,0.87017848373051,5.4237330860385e-4,382.966929626456,442.212296336974,1053.24,0.708972944313064,189.79090475552573,Fw
382,0.881790388076292,0.709720596574519,200.168,400.336,2015_nk_067,Nush,2015,0.708943506652001,0.870664199555274,4.8571582476475e-4,382.966929626456,442.212296336974,1053.24,0.708972944313064,189.79090475552573,Fw
383,0.87027393031213,0.709648812770084,200.692,401.384,2015_nk_067,Nush,2015,0.708973606105124,0.871027475981689,3.6327642641464e-4,382.966929626456,442.212296336974,1053.24,0.708972944313064,189.79090475552573,Fw
384,0.875966489833732,0.709331899616997,201.216,402.432,2015_nk_067,Nush,2015,0.708947971031535,0.871712279775066,6.8480379337665e-4,382.966929626456,442.212296336974,1053.24,0.708972944313064,189.79090475552573,Fw
385,0.871378740818696,0.710020423243803,201.74,403.48,2015_nk_067,Nush,2015,0.708948808241645,0.872114207623341,4.0192784827497e-4,382.966929626456,442.212296336974,1053.24,0.708972944313064,189.79090475552573,Fw
386,0.880122547187669,0.708503423891895,202.264,404.528,2015_nk_067,Nush,2015,0.70894999895168,0.87275084648147,6.3663885812992e-4,382.966929626456,442.212296336974,1053.24,0.708972944313064,189.79090475552573,Fw
387,0.869576010722481,0.709314796101461,202.788,405.576,2015_nk_067,Nush,2015,0.708939299342396,0.8733634130785,6.1256659702946e-4,382.966929626456,442.212296336974,1053.24,0.708972944313064,189.79090475552573,Fw
388,0.882363187735677,0.708726928636135,203.312,406.624,2015_nk_067,Nush,2015,0.708936808753743,0.873728012701141,3.6459962264112e-4,382.966929626456,442.212296336974,1053.24,0.708972944313064,189.79090475552573,Fw
389,0.858582840332621,0.709495573591247,203.836,407.672,2015_nk_067,Nush,2015,0.708943882945845,0.874034336385237,3.0632368409599e-4,382.966929626456,442.212296336974,1053.24,0.708972944313064,189.79090475552573,Fw
390,0.882010355687741,0.707936528961649,204.36,408.72,2015_nk_067,Nush,2015,0.708957665765947,0.874551092598473,5.1675621323632e-4,382.966929626456,442.212296336974,1053.24,0.708972944313064,189.79090475552573,Fw
391,0.867590100399553,0.708840442994387,204.884,409.768,2015_nk_067,Nush,2015,0.70894623996973,0.874579479842884,2.83872444104549e-5,382.966929626456,442.212296336974,1053.24,0.708972944313064,189.79090475552573,Fw
392,0.870719346728499,0.710929549311023,205.408,410.816,2015_nk_067,Nush,2015,0.70891945510439,0.874915346048226,3.3586620534165e-4,382.966929626456,442.212296336974,1053.24,0.708972944313064,189.79090475552573,Fw
393,0.878172056553852,0.707805793305375,205.932,411.864,2015_nk_067,Nush,2015,0.708912078603297,0.875483673765354,5.68327717128e-4,382.966929626456,442.212296336974,1053.24,0.708972944313064,189.79090475552573,Fw
394,0.87804113760172,0.709255072594458,206.456,412.912,2015_nk_067,Nush,2015,0.708894180588177,0.876308283751936,8.2460998658284e-4,382.966929626456,442.212296336974,1053.24,0.708972944313064,189.79090475552573,Fw
395,0.885898900365038,0.709081843078983,206.98,413.96,2015_nk_067,Nush,2015,0.708891667226257,0.876759714858262,4.5143110632528e-4,382.966929626456,442.212296336974,1053.24,0.708972944313064,189.79090475552573,Fw
396,0.886380629822188,0.708845674408582,207.504,415.008,2015_nk_067,Nush,2015,0.708905171985285,0.877200344120747,4.4062926248567e-4,382.966929626456,442.212296336974,1053.24,0.708972944313064,189.79090475552573,Fw
397,0.894965594289078,0.709394055247542,208.028,416.056,2015_nk_067,Nush,2015,0.708891889324355,0.877444912166229,2.44568045482e-4,382.966929626456,442.212296336974,1053.24,0.708972944313064,189.79090475552573,Fw
398,0.882013774186948,0.708046811006357,208.552,417.104,2015_nk_067,Nush,2015,0.708895871251561,0.877659191505193,2.14279338964e-4,382.966929626456,442.212296336974,1053.24,0.708972944313064,189.79090475552573,Fw
399,0.887682483027154,0.709145541814151,209.076,418.152,2015_nk_067,Nush,2015,0.708876981015332,0.877929454157754,2.7026265256113e-4,382.966929626456,442.212296336974,1053.24,0.708972944313064,189.79090475552573,Fw
400,0.867914711673023,0.709335500343721,209.6,419.2,2015_nk_067,Nush,2015,0.708907815209423,0.878360229286699,4.3077512894473e-4,382.966929626456,442.212296336974,1053.24,0.708972944313064,189.79090475552573,Fw
401,0.880593355108138,0.708045892801744,210.124,420.248,2015_nk_067,Nush,2015,0.708885647534016,0.878815103242573,4.5487395587384e-4,382.966929626456,442.212296336974,1053.24,0.708972944313064,189.79090475552573,Fw
402,0.87890060374759,0.709631157744971,210.648,421.296,2015_nk_067,Nush,2015,0.708874079224792,0.879583791153383,7.6868791080997e-4,382.966929626456,442.212296336974,1053.24,0.708972944313064,189.79090475552573,Fw
403,0.892439607623122,0.708553054930892,211.172,422.344,2015_nk_067,Nush,2015,0.708885153026108,0.880325674725021,7.4188357163762e-4,382.966929626456,442.212296336974,1053.24,0.708972944313064,189.79090475552573,Fw
404,0.898299394812136,0.70829909757814,211.696,423.392,2015_nk_067,Nush,2015,0.708896771864328,0.88140948043179,0.00108380570676969,382.966929626456,442.212296336974,1053.24,0.708972944313064,189.79090475552573,Fw
405,0.892786168890626,0.709533390809376,212.22,424.44,2015_nk_067,Nush,2015,0.708893641135071,0.882226709551684,8.1722911989401e-4,382.966929626456,442.212296336974,1053.24,0.708972944313064,189.79090475552573,Fw
406,0.867204677779209,0.709413640138198,212.744,425.488,2015_nk_067,Nush,2015,0.708884266314488,0.88334874308503,0.00112203353334528,382.966929626456,442.212296336974,1053.24,0.708972944313064,189.79090475552573,Fw
407,0.875399336744178,0.709111479401315,213.268,426.536,2015_nk_067,Nush,2015,0.708906035409164,0.884605093380492,0.00125635029546245,382.966929626456,442.212296336974,1053.24,0.708972944313064,189.79090475552573,Fw
408,0.897923539904954,0.708654223839385,213.792,427.584,2015_nk_067,Nush,2015,0.70888824937145,0.885971222088401,0.00136612870790864,382.966929626456,442.212296336974,1053.24,0.708972944313064,189.79090475552573,Fw
409,0.880067168175617,0.708605860634194,214.316,428.632,2015_nk_067,Nush,2015,0.708877847508893,0.887408084515128,0.00143686242672691,382.966929626456,442.212296336974,1053.24,0.708972944313064,189.79090475552573,Fw
410,0.8883386523892,0.707983292782609,214.84,429.68,2015_nk_067,Nush,2015,0.708853391370196,0.889338720134263,0.00193063561913565,382.966929626456,442.212296336974,1053.24,0.708972944313064,189.79090475552573,Fw
411,0.892876171672594,0.709025628793885,215.364,430.728,2015_nk_067,Nush,2015,0.708846921249327,0.89111185269182,0.00177313255755618,382.966929626456,442.212296336974,1053.24,0.708972944313064,189.79090475552573,Fw
412,0.894034455632048,0.710693132988072,215.888,431.776,2015_nk_067,Nush,2015,0.708827096174874,0.892543874941056,0.00143202224923689,382.966929626456,442.212296336974,1053.24,0.708972944313064,189.79090475552573,Fw
413,0.881663418996266,0.710440083564974,216.412,432.824,2015_nk_067,Nush,2015,0.708780376899157,0.894301983749133,0.0017581088080767,382.966929626456,442.212296336974,1053.24,0.708972944313064,189.79090475552573,Fw
414,0.897305122551695,0.709319481017923,216.936,433.872,2015_nk_067,Nush,2015,0.708746673698204,0.896342287003323,0.00204030325419013,382.966929626456,442.212296336974,1053.24,0.708972944313064,189.79090475552573,Fw
415,0.8742791162015,0.708126694481218,217.46,434.92,2015_nk_067,Nush,2015,0.708708972224715,0.898450451048818,0.00210816404549496,382.966929626456,442.212296336974,1053.24,0.708972944313064,189.79090475552573,Fw
416,0.877450954378789,0.707699189356532,217.984,435.968,2015_nk_067,Nush,2015,0.708702634741307,0.900619258000306,0.00216880695148736,382.966929626456,442.212296336974,1053.24,0.708972944313064,189.79090475552573,Fw
417,0.874004343122024,0.708555912379107,218.508,437.016,2015_nk_067,Nush,2015,0.708677248137995,0.902917815209482,0.00229855720917604,382.966929626456,442.212296336974,1053.24,0.708972944313064,189.79090475552573,Fw
418,0.869448936061504,0.708688309624653,219.032,438.064,2015_nk_067,Nush,2015,0.70864531250462,0.905366015117009,0.00244819990752754,382.966929626456,442.212296336974,1053.24,0.708972944313064,189.79090475552573,Fw
419,0.870975779482214,0.708674138483935,219.556,439.112,2015_nk_067,Nush,2015,0.708621667877236,0.908310597577075,0.00294458246006579,382.966929626456,442.212296336974,1053.24,0.708972944313064,189.79090475552573,Fw
420,0.885376386877038,0.709446569440635,220.08,440.16,2015_nk_067,Nush,2015,0.70860787482533,0.911012103362988,0.00270150578591266,382.966929626456,442.212296336974,1053.24,0.708972944313064,189.79090475552573,Fw
421,0.864890486043066,0.708329082676163,220.604,441.208,2015_nk_067,Nush,2015,0.708581990282063,0.913773727677258,0.00276162431427018,382.966929626456,442.212296336974,1053.24,0.708972944313064,189.79090475552573,Fw
422,0.87848908146973,0.707512861527505,221.128,442.256,2015_nk_067,Nush,2015,0.708527527599903,0.916648673978653,0.00287494630139573,382.966929626456,442.212296336974,1053.24,0.708972944313064,189.79090475552573,Fw
423,0.889159799753894,0.707671022586727,221.652,443.304,2015_nk_067,Nush,2015,0.708520516485442,0.919613758655044,0.00296508467639067,382.966929626456,442.212296336974,1053.24,0.708972944313064,189.79090475552573,Fw
424,0.888295447084072,0.707243676339158,222.176,444.352,2015_nk_067,Nush,2015,0.708512997274668,0.92262468082744,0.00301092217239574,382.966929626456,442.212296336974,1053.24,0.708972944313064,189.79090475552573,Fw
425,0.886749140249569,0.708587591590383,222.7,445.4,2015_nk_067,Nush,2015,0.708519598863688,0.925363564730977,0.00273888390353705,382.966929626456,442.212296336974,1053.24,0.708972944313064,189.79090475552573,Fw
426,0.885655674940876,0.709746012424654,223.224,446.448,2015_nk_067,Nush,2015,0.708508913646123,0.928360435797043,0.00299687106606583,382.966929626456,442.212296336974,1053.24,0.708972944313064,189.79090475552573,Fw
427,0.876273706182424,0.707927690675666,223.748,447.496,2015_nk_067,Nush,2015,0.70847967404388,0.931171200719822,0.0028107649227791,382.966929626456,442.212296336974,1053.24,0.708972944313064,189.79090475552573,Fw
428,0.882385755526005,0.709794657519547,224.272,448.544,2015_nk_067,Nush,2015,0.708474292006058,0.93435128470611,0.00318008398628822,382.966929626456,442.212296336974,1053.24,0.708972944313064,189.79090475552573,Fw
429,0.874206065789736,0.708499825640075,224.796,449.592,2015_nk_067,Nush,2015,0.708457750009811,0.937483130042586,0.00313184533647626,382.966929626456,442.212296336974,1053.24,0.708972944313064,189.79090475552573,Fw
430,0.891884390343235,0.70913441364516006,225.32,450.64,2015_nk_067,Nush,2015,0.708420832019562,0.940984167715554,0.00350103767296761,382.966929626456,442.212296336974,1053.24,0.708972944313064,189.79090475552573,Fw
431,0.893357885147142,0.708384523058211,225.844,451.688,2015_nk_067,Nush,2015,0.708419696059935,0.944436136103978,0.00345196838842432,382.966929626456,442.212296336974,1053.24,0.708972944313064,189.79090475552573,Fw
432,0.907854067877245,0.708709500477825,226.368,452.736,2015_nk_067,Nush,2015,0.708395592009426,0.947993570700777,0.00355743459679891,382.966929626456,442.212296336974,1053.24,0.708972944313064,189.79090475552573,Fw
433,0.911272871992718,0.709323444384902,226.892,453.784,2015_nk_067,Nush,2015,0.708393506736635,0.951163752312827,0.00317018161204963,382.966929626456,442.212296336974,1053.24,0.708972944313064,189.79090475552573,Fw
434,0.92787046108754,0.709070345511522,227.416,454.832,2015_nk_067,Nush,2015,0.70838577735794,0.954252425824601,0.00308867351177389,382.966929626456,442.212296336974,1053.24,0.708972944313064,189.79090475552573,Fw
435,0.916941993142344,0.709245162793092,227.94,455.88,2015_nk_067,Nush,2015,0.708359873990923,0.957649271276874,0.0033968454522737,382.966929626456,442.212296336974,1053.24,0.708972944313064,189.79090475552573,Fw
436,0.938458213037064,0.707917417308309,228.464,456.928,2015_nk_067,Nush,2015,0.708321519936449,0.961488851540842,0.00383958026396769,382.966929626456,442.212296336974,1053.24,0.708972944313064,189.79090475552573,Fw
437,0.944455609126524,0.708584285338552,228.988,457.976,2015_nk_067,Nush,2015,0.708282623521453,0.964956855940257,0.00346800439941541,382.966929626456,442.212296336974,1053.24,0.708972944313064,189.79090475552573,Fw
438,0.95645810353397,0.707916715083738,229.512,459.024,2015_nk_067,Nush,2015,0.708253884230513,0.967788678009474,0.00283182206921695,382.966929626456,442.212296336974,1053.24,0.708972944313064,189.79090475552573,Fw
439,0.954863741711688,0.708650497282655,230.036,460.072,2015_nk_067,Nush,2015,0.708236279661515,0.971366986508059,0.00357830849858454,382.966929626456,442.212296336974,1053.24,0.708972944313064,189.79090475552573,Fw
440,0.980880286522667,0.707383860875819,230.56,461.12,2015_nk_067,Nush,2015,0.708234220765152,0.974530457556082,0.00316347104802339,382.966929626456,442.212296336974,1053.24,0.708972944313064,189.79090475552573,Fw
441,0.975497965443103,0.709303189935773,231.084,462.168,2015_nk_067,Nush,2015,0.708204671313106,0.977510994271333,0.00298053671525078,382.966929626456,442.212296336974,1053.24,0.708972944313064,189.79090475552573,Fw
442,0.967711723030507,0.708531092107377,231.608,463.216,2015_nk_067,Nush,2015,0.708165358534427,0.980622696293219,0.00311170202188571,382.966929626456,442.212296336974,1053.24,0.708972944313064,189.79090475552573,Fw
443,0.975760458796731,0.706845656227034,232.132,464.264,2015_nk_067,Nush,2015,0.708129256225737,0.983875647331873,0.00325295103865375,382.966929626456,442.212296336974,1053.24,0.708972944313064,189.79090475552573,Fw
444,0.998384685085137,0.707309707559812,232.656,465.312,2015_nk_067,Nush,2015,0.708081102506017,0.987056953073788,0.00318130574191566,382.966929626456,442.212296336974,1053.24,0.708972944313064,189.79090475552573,Fw
445,0.997868583548396,0.707758334834475,233.18,466.36,2015_nk_067,Nush,2015,0.708054980780463,0.991005415608537,0.00394846253474856,382.966929626456,442.212296336974,1053.24,0.708972944313064,189.79090475552573,Fw
446,1.01025096427691,0.708123174887404,233.704,467.408,2015_nk_067,Nush,2015,0.708041882926386,0.994772053550037,0.00376663794149967,382.966929626456,442.212296336974,1053.24,0.708972944313064,189.79090475552573,Fw
447,1.00748944327305,0.707791599902758,234.228,468.456,2015_nk_067,Nush,2015,0.708019208655065,0.998284574094957,0.00351252054492024,382.966929626456,442.212296336974,1053.24,0.708972944313064,189.79090475552573,Fw
448,1.02925518218733,0.706810790633611,234.752,469.504,2015_nk_067,Nush,2015,0.707974161462059,1.00190789400855,0.00362331991359344,382.966929626456,442.212296336974,1053.24,0.708972944313064,189.79090475552573,Fw
449,1.03525778793657,0.708076895948248,235.276,470.552,2015_nk_067,Nush,2015,0.707964689980976,1.00544919090216,0.00354129689360527,382.966929626456,442.212296336974,1053.24,0.708972944313064,189.79090475552573,Fw
450,1.0441007028425,0.707108945847245,235.8,471.6,2015_nk_067,Nush,2015,0.707929924127817,1.00886725983119,0.00341806892903374,382.966929626456,442.212296336974,1053.24,0.708972944313064,189.79090475552573,Fw
451,1.03328755925576,0.707287370398426,236.324,472.648,2015_nk_067,Nush,2015,0.707911508775371,1.01238900143077,0.0035217415995854,382.966929626456,442.212296336974,1053.24,0.708972944313064,189.79090475552573,Fw
452,1.04321612481225,0.707661788381373,236.848,473.696,2015_nk_067,Nush,2015,0.70791708808357,1.01616379043235,0.00377478900157335,382.966929626456,442.212296336974,1053.24,0.708972944313064,189.79090475552573,Fw
453,1.05607713713729,0.707385126437749,237.372,474.744,2015_nk_067,Nush,2015,0.707925370332053,1.01930651053638,0.0031427201040306,382.966929626456,442.212296336974,1053.24,0.708972944313064,189.79090475552573,Fw
454,1.05869646794547,0.708803919947998,237.896,475.792,2015_nk_067,Nush,2015,0.707964585318781,1.02239575522605,0.00308924468967331,382.966929626456,442.212296336974,1053.24,0.708972944313064,189.79090475552573,Fw
455,1.05023193457726,0.7094779384202,238.42,476.84,2015_nk_067,Nush,2015,0.707948225465156,1.02544972286169,0.00305396763563626,382.966929626456,442.212296336974,1053.24,0.708972944313064,189.79090475552573,Fw
456,1.06619289378614,0.708204561354704,238.944,477.888,2015_nk_067,Nush,2015,0.707879889066282,1.02835805854306,0.00290833568137505,382.966929626456,442.212296336974,1053.24,0.708972944313064,189.79090475552573,Fw
457,1.06361148965582,0.70763967911295,239.468,478.936,2015_nk_067,Nush,2015,0.707862172010217,1.03130320987462,0.00294515133155748,382.966929626456,442.212296336974,1053.24,0.708972944313064,189.79090475552573,Fw
458,1.07281881336424,0.707723888737041,239.992,479.984,2015_nk_067,Nush,2015,0.707829922860092,1.03406432484999,0.00276111497537301,382.966929626456,442.212296336974,1053.24,0.708972944313064,189.79090475552573,Fw
459,1.07559320321573,0.708153022039297,240.516,481.032,2015_nk_067,Nush,2015,0.707820557372025,1.03679619506905,0.00273187021906085,382.966929626456,442.212296336974,1053.24,0.708972944313064,189.79090475552573,Fw
460,1.07797697205108,0.707120420928812,241.04,482.08,2015_nk_067,Nush,2015,0.707773718677187,1.03917937005196,0.00238317498290219,382.966929626456,442.212296336974,1053.24,0.708972944313064,189.79090475552573,Fw
461,1.0877114584136,0.707977735224111,241.564,483.128,2015_nk_067,Nush,2015,0.707772620983386,1.04161396999704,0.00243459994508299,382.966929626456,442.212296336974,1053.24,0.708972944313064,189.79090475552573,Fw
462,1.09234667955552,0.708184914714409,242.088,484.176,2015_nk_067,Nush,2015,0.7077402183095,1.04371110933258,0.00209713933553579,382.966929626456,442.212296336974,1053.24,0.708972944313064,189.79090475552573,Fw
463,1.0826505043461,0.708427938563446,242.612,485.224,2015_nk_067,Nush,2015,0.707710838296567,1.04578507299246,0.00207396365988544,382.966929626456,442.212296336974,1053.24,0.708972944313064,189.79090475552573,Fw
464,1.08361980551857,0.707835334856474,243.136,486.272,2015_nk_067,Nush,2015,0.707704309087363,1.04774824294743,0.00196316995496937,382.966929626456,442.212296336974,1053.24,0.708972944313064,189.79090475552573,Fw
465,1.09659689602705,0.707979188788348,243.66,487.32,2015_nk_067,Nush,2015,0.707674437635703,1.04971624042445,0.00196799747701748,382.966929626456,442.212296336974,1053.24,0.708972944313064,189.79090475552573,Fw
466,1.09757949361727,0.707112396869749,244.184,488.368,2015_nk_067,Nush,2015,0.707684016222965,1.05107229595476,0.00135605553031137,382.966929626456,442.212296336974,1053.24,0.708972944313064,189.79090475552573,Fw
467,1.0834796007091,0.706777694501527,244.708,489.416,2015_nk_067,Nush,2015,0.707676550344346,1.05250399200261,0.00143169604784599,382.966929626456,442.212296336974,1053.24,0.708972944313064,189.79090475552573,Fw
468,1.06783286405797,0.706929866382993,245.232,490.464,2015_nk_067,Nush,2015,0.707661794903705,1.05380868753245,0.00130469552984924,382.966929626456,442.212296336974,1053.24,0.708972944313064,189.79090475552573,Fw
469,1.09476567809069,0.707549586494306,245.756,491.512,2015_nk_067,Nush,2015,0.707647476779548,1.05503205082066,0.00122336328820771,382.966929626456,442.212296336974,1053.24,0.708972944313064,189.79090475552573,Fw
470,1.07814691527061,0.707859759000849,246.28,492.56,2015_nk_067,Nush,2015,0.707648128537321,1.0559176662204799,8.8561539981291e-4,382.966929626456,442.212296336974,1053.24,0.708972944313064,189.79090475552573,Fw
471,1.07170837458764,0.70725266167113,246.804,493.608,2015_nk_067,Nush,2015,0.7076365671406,1.0567861517218,8.684855013219e-4,382.966929626456,442.212296336974,1053.24,0.708972944313064,189.79090475552573,Fw
472,1.08073657694519,0.708334366267319,247.328,494.656,2015_nk_067,Nush,2015,0.707629727212753,1.05794318464225,0.00115703292045644,382.966929626456,442.212296336974,1053.24,0.708972944313064,189.79090475552573,Fw
473,1.07684048131549,0.708273945043571,247.852,495.704,2015_nk_067,Nush,2015,0.707651387819457,1.05907992973165,0.00113674508939776,382.966929626456,442.212296336974,1053.24,0.708972944313064,189.79090475552573,Fw
474,1.08818346706664,0.706430257834743,248.376,496.752,2015_nk_067,Nush,2015,0.707632916969781,1.05966059964234,5.8066991068694e-4,382.966929626456,442.212296336974,1053.24,0.708972944313064,189.79090475552573,Fw
475,1.11118686828641,0.706559390947955,248.9,497.8,2015_nk_067,Nush,2015,0.707623831940646,1.0602555873799,5.949877375595e-4,382.966929626456,442.212296336974,1053.24,0.708972944313064,189.79090475552573,Fw
476,1.10344923086877,0.706913318111936,249.424,498.848,2015_nk_067,Nush,2015,0.707614167278315,1.0608901945164,6.3460713650154e-4,382.966929626456,442.212296336974,1053.24,0.708972944313064,189.79090475552573,Fw
477,1.08475557581724,0.707195456099851,249.948,499.896,2015_nk_067,Nush,2015,0.70758782359608,1.06144604624557,5.5585172916594e-4,382.966929626456,442.212296336974,1053.24,0.708972944313064,189.79090475552573,Fw
478,1.0868481308771,0.705985478044292,250.472,500.944,2015_nk_067,Nush,2015,0.707603155596556,1.06136243329149,-8.36129540753294e-5,382.966929626456,442.212296336974,1053.24,0.708972944313064,189.79090475552573,Fw
479,1.08345359309854,0.70810584961896506,250.996,501.992,2015_nk_067,Nush,2015,0.707590686941389,1.06143290678938,7.04734978926869e-5,382.966929626456,442.212296336974,1053.24,0.708972944313064,189.79090475552573,Fw
480,1.09046052261906,0.707360618251071,251.52,503.04,2015_nk_067,Nush,2015,0.707603492352796,1.06134046444441,-9.24423449690792e-5,382.966929626456,442.212296336974,1053.24,0.708972944313064,189.79090475552573,Fw
481,1.07619498201819,0.707224161529402,252.044,504.088,2015_nk_067,Nush,2015,0.707616927361072,1.06148963572825,1.491712838384e-4,382.966929626456,442.212296336974,1053.24,0.708972944313064,189.79090475552573,Fw
482,1.10497642156414,0.707847620019435,252.568,505.136,2015_nk_067,Nush,2015,0.707611816665083,1.06138565303651,-1.0398269174327e-4,382.966929626456,442.212296336974,1053.24,0.708972944313064,189.79090475552573,Fw
483,1.07772300599573,0.708167957495701,253.092,506.184,2015_nk_067,Nush,2015,0.707599468141225,1.060765508654,-6.2014438250934e-4,382.966929626456,442.212296336974,1053.24,0.708972944313064,189.79090475552573,Fw
484,1.07365012846447,0.709596575542868,253.616,507.232,2015_nk_067,Nush,2015,0.707560378407152,1.06005164897121,-7.1385968278536e-4,382.966929626456,442.212296336974,1053.24,0.708972944313064,189.79090475552573,Fw
485,1.06998719838774,0.707606000372891,254.14,508.28,2015_nk_067,Nush,2015,0.707522761715206,1.05937298195883,-6.7866701238483e-4,382.966929626456,442.212296336974,1053.24,0.708972944313064,189.79090475552573,Fw
486,1.06015581582338,0.705645828492225,254.664,509.328,2015_nk_067,Nush,2015,0.707495731985106,1.05857964586425,-7.933360945791e-4,382.966929626456,442.212296336974,1053.24,0.708972944313064,189.79090475552573,Fw
487,1.05298278607588,0.706864667311716,255.188,510.376,2015_nk_067,Nush,2015,0.707481467544402,1.05770758710453,-8.7205875971552e-4,382.966929626456,442.212296336974,1053.24,0.708972944313064,189.79090475552573,Fw
488,1.04805265404838,0.707859708512075,255.712,511.424,2015_nk_067,Nush,2015,0.707469725186875,1.05660901899617,-0.00109856810835973,382.966929626456,442.212296336974,1053.24,0.708972944313064,189.79090475552573,Fw
489,1.0381182789334,0.707937896356068,256.236,512.472,2015_nk_067,Nush,2015,0.707426915171032,1.05519654315151,-0.00141247584466475,382.966929626456,442.212296336974,1053.24,0.708972944313064,189.79090475552573,Fw
490,1.03487488931736,0.706324091954857,256.76,513.52,2015_nk_067,Nush,2015,0.70744147007318,1.05374709594327,-0.00144944720823847,382.966929626456,442.212296336974,1053.24,0.708972944313064,189.79090475552573,Fw
491,1.03943388185213,0.708318661430147,257.284,514.568,2015_nk_067,Nush,2015,0.707436778498415,1.05238470400212,-0.00136239194115406,382.966929626456,442.212296336974,1053.24,0.708972944313064,189.79090475552573,Fw
492,1.03368242800939,0.706765340044651,257.808,515.616,2015_nk_067,Nush,2015,0.707435758449719,1.05088289254006,-0.00150181146205375,382.966929626456,442.212296336974,1053.24,0.708972944313064,189.79090475552573,Fw
493,1.03571069158584,0.70756064360893,258.332,516.664,2015_nk_067,Nush,2015,0.70741201407979,1.04934589514044,-0.00153699739962088,382.966929626456,442.212296336974,1053.24,0.708972944313064,189.79090475552573,Fw
494,1.04566065838571,0.708678592959286,258.856,517.712,2015_nk_067,Nush,2015,0.707395983292007,1.04782790015145,-0.00151799498899541,382.966929626456,442.212296336974,1053.24,0.708972944313064,189.79090475552573,Fw
495,1.03502184176339,0.707452875693475,259.38,518.76,2015_nk_067,Nush,2015,0.707397500344138,1.04623076317252,-0.00159713697892805,382.966929626456,442.212296336974,1053.24,0.708972944313064,189.79090475552573,Fw
496,1.01982154485575,0.708492132544035,259.904,519.808,2015_nk_067,Nush,2015,0.707413026016106,1.04459314345144,-0.00163761972107457,382.966929626456,442.212296336974,1053.24,0.708972944313064,189.79090475552573,Fw
497,1.03035737199728,0.708136332621442,260.428,520.856,2015_nk_067,Nush,2015,0.707426579762998,1.04318231249554,-0.00141083095590289,382.966929626456,442.212296336974,1053.24,0.708972944313064,189.79090475552573,Fw
498,1.03473983532492,0.707031388645259,260.952,521.904,2015_nk_067,Nush,2015,0.707450591255086,1.04188001932156,-0.00130229317397834,382.966929626456,442.212296336974,1053.24,0.708972944313064,189.79090475552573,Fw
499,1.02826553900416,0.707791409833251,261.476,522.952,2015_nk_067,Nush,2015,0.707444022265854,1.04027124286677,-0.00160877645479518,382.966929626456,442.212296336974,1053.24,0.708972944313064,189.79090475552573,Fw
500,1.03401721051144,0.7074229663422,262,524,2015_nk_067,Nush,2015,0.707443676943178,1.03892062861319,-0.00135061425358152,382.966929626456,442.212296336974,1053.24,0.708972944313064,189.79090475552573,Fw
501,1.02760709552241,0.708609506132482,262.524,525.048,2015_nk_067,Nush,2015,0.707428541268624,1.03758636787169,-0.00133426074149856,382.966929626456,442.212296336974,1053.24,0.708972944313064,189.79090475552573,Fw
502,1.0371336982579,0.708120696436568,263.048,526.096,2015_nk_067,Nush,2015,0.707409818966732,1.0362698371567,-0.00131653071499116,382.966929626456,442.212296336974,1053.24,0.708972944313064,189.79090475552573,Fw
503,1.0439651641606,0.708145292629297,263.572,527.144,2015_nk_067,Nush,2015,0.707400547627894,1.03502829222152,-0.00124154493517548,382.966929626456,442.212296336974,1053.24,0.708972944313064,189.79090475552573,Fw
504,1.03322487972636,0.706201456579235,264.096,528.192,2015_nk_067,Nush,2015,0.707437916331468,1.03360698568978,-0.00142130653174433,382.966929626456,442.212296336974,1053.24,0.708972944313064,189.79090475552573,Fw
505,1.03356784780196,0.707213233086415,264.62,529.24,2015_nk_067,Nush,2015,0.707447403837068,1.03179692261595,-0.00181006307382603,382.966929626456,442.212296336974,1053.24,0.708972944313064,189.79090475552573,Fw
506,1.048327392467,0.707543295147501,265.144,530.288,2015_nk_067,Nush,2015,0.707457290400479,1.03020197275796,-0.00159494985799546,382.966929626456,442.212296336974,1053.24,0.708972944313064,189.79090475552573,Fw
507,1.04084054702301,0.706210978968676,265.668,531.336,2015_nk_067,Nush,2015,0.707459439321819,1.02908101535028,-0.0011209574076736,382.966929626456,442.212296336974,1053.24,0.708972944313064,189.79090475552573,Fw
508,1.02423840494281,0.707730710662181,266.192,532.384,2015_nk_067,Nush,2015,0.707484022905703,1.02801985813049,-0.00106115721979139,382.966929626456,442.212296336974,1053.24,0.708972944313064,189.79090475552573,Fw
509,1.03948619781014,0.707328776638241,266.716,533.432,2015_nk_067,Nush,2015,0.707468943903151,1.02708822677287,-9.3163135761775e-4,382.966929626456,442.212296336974,1053.24,0.708972944313064,189.79090475552573,Fw
510,1.03855416214435,0.707877270531624,267.24,534.48,2015_nk_067,Nush,2015,0.70746425040617,1.02609826119361,-9.8996557926534e-4,382.966929626456,442.212296336974,1053.24,0.708972944313064,189.79090475552573,Fw
511,1.04223783628607,0.708093470894994,267.764,535.528,2015_nk_067,Nush,2015,0.707465827556776,1.02558147180612,-5.1678938748756e-4,382.966929626456,442.212296336974,1053.24,0.708972944313064,189.79090475552573,Fw
512,1.03697716330764,0.707355146622011,268.288,536.576,2015_nk_067,Nush,2015,0.707464219412905,1.02445339899807,-0.00112807280805249,382.966929626456,442.212296336974,1053.24,0.708972944313064,189.79090475552573,Fw
513,1.01886847418673,0.706644215006317,268.812,537.624,2015_nk_067,Nush,2015,0.707445701672298,1.02381891526259,-6.3448373547636e-4,382.966929626456,442.212296336974,1053.24,0.708972944313064,189.79090475552573,Fw
514,1.01586488697836,0.706458535903617,269.336,538.672,2015_nk_067,Nush,2015,0.707402249453504,1.02326250877524,-5.5640648735311e-4,382.966929626456,442.212296336974,1053.24,0.708972944313064,189.79090475552573,Fw
515,1.00951191383416,0.707220936903431,269.86,539.72,2015_nk_067,Nush,2015,0.707388985892015,1.02274924626946,-5.1326250578132e-4,382.966929626456,442.212296336974,1053.24,0.708972944313064,189.79090475552573,Fw
516,1.0185927281114,0.706582777548678,270.384,540.768,2015_nk_067,Nush,2015,0.707424694497847,1.02253703277992,-2.1221348953681e-4,382.966929626456,442.212296336974,1053.24,0.708972944313064,189.79090475552573,Fw
517,1.01128796407289,0.706783812670736,270.908,541.816,2015_nk_067,Nush,2015,0.707443543822366,1.02249090168365,-4.61310962729389e-5,382.966929626456,442.212296336974,1053.24,0.708972944313064,189.79090475552573,Fw
518,1.00690472686265,0.707019347285416,271.432,542.864,2015_nk_067,Nush,2015,0.707422272692882,1.02251309658953,2.21949058836213e-5,382.966929626456,442.212296336974,1053.24,0.708972944313064,189.79090475552573,Fw
519,0.990844652535852,0.705584421088708,271.956,543.912,2015_nk_067,Nush,2015,0.70741595503111,1.022921700857,4.0860426746536e-4,382.966929626456,442.212296336974,1053.24,0.708972944313064,189.79090475552573,Fw
520,0.991010139556763,0.707993715057657,272.48,544.96,2015_nk_067,Nush,2015,0.707431530496976,1.02329922910493,3.775282479379e-4,382.966929626456,442.212296336974,1053.24,0.708972944313064,189.79090475552573,Fw
521,1.00596794194436,0.707696240738223,273.004,546.008,2015_nk_067,Nush,2015,0.707420454120631,1.02368593695749,3.8670785255767e-4,382.966929626456,442.212296336974,1053.24,0.708972944313064,189.79090475552573,Fw
522,1.0022379918323,0.70812371179266,273.528,547.056,2015_nk_067,Nush,2015,0.707426141577916,1.02411611915042,4.3018219292667e-4,382.966929626456,442.212296336974,1053.24,0.708972944313064,189.79090475552573,Fw
523,0.990430660368841,0.707003276367703,274.052,548.104,2015_nk_067,Nush,2015,0.707426906762631,1.02451273310236,3.9661395194268e-4,382.966929626456,442.212296336974,1053.24,0.708972944313064,189.79090475552573,Fw
524,0.992540106178857,0.706873487589491,274.576,549.152,2015_nk_067,Nush,2015,0.707419395591727,1.0248839886301,3.7125552774375e-4,382.966929626456,442.212296336974,1053.24,0.708972944313064,189.79090475552573,Fw
525,1.00076867729137,0.708070211916208,275.1,550.2,2015_nk_067,Nush,2015,0.707407428700888,1.02515903881106,2.7505018095452e-4,382.966929626456,442.212296336974,1053.24,0.708972944313064,189.79090475552573,Fw
526,0.999322310352797,0.708043937187824,275.624,551.248,2015_nk_067,Nush,2015,0.707373135685753,1.0256867509597,5.2771214864222e-4,382.966929626456,442.212296336974,1053.24,0.708972944313064,189.79090475552573,Fw
527,0.998829743354924,0.707590919315096,276.148,552.296,2015_nk_067,Nush,2015,0.707373326333659,1.02570756474653,2.08137868289437e-5,382.966929626456,442.212296336974,1053.24,0.708972944313064,189.79090475552573,Fw
528,0.989695273619272,0.708370555908245,276.672,553.344,2015_nk_067,Nush,2015,0.707381711912159,1.02563437388461,-7.31908619189259e-5,382.966929626456,442.212296336974,1053.24,0.708972944313064,189.79090475552573,Fw
529,0.998239090802982,0.707155447140381,277.196,554.392,2015_nk_067,Nush,2015,0.707387256549236,1.02563117461983,-3.19926477976296e-6,382.966929626456,442.212296336974,1053.24,0.708972944313064,189.79090475552573,Fw
530,0.997110060055718,0.707839039640318,277.72,555.44,2015_nk_067,Nush,2015,0.707384368434604,1.02567705106912,4.58764492838881e-5,382.966929626456,442.212296336974,1053.24,0.708972944313064,189.79090475552573,Fw
531,0.991652730097716,0.706344521197888,278.244,556.488,2015_nk_067,Nush,2015,0.707372505584977,1.02589933605205,2.222849829383e-4,382.966929626456,442.212296336974,1053.24,0.708972944313064,189.79090475552573,Fw
532,1.00174473404572,0.707211028153754,278.768,557.536,2015_nk_067,Nush,2015,0.70734375907192,1.0258355279287,-6.38081233530485e-5,382.966929626456,442.212296336974,1053.24,0.708972944313064,189.79090475552573,Fw
533,1.00234778520497,0.707717664713295,279.292,558.584,2015_nk_067,Nush,2015,0.70734634918133,1.02556688237475,-2.6864555395178e-4,382.966929626456,442.212296336974,1053.24,0.708972944313064,189.79090475552573,Fw
534,1.00290507516198,0.708672380049226,279.816,559.632,2015_nk_067,Nush,2015,0.707383939571631,1.0252805019667799,-2.8638040797357e-4,382.966929626456,442.212296336974,1053.24,0.708972944313064,189.79090475552573,Fw
535,1.00258308385684,0.707128641283907,280.34,560.68,2015_nk_067,Nush,2015,0.70737861140575,1.02492473982852,-3.557621382515e-4,382.966929626456,442.212296336974,1053.24,0.708972944313064,189.79090475552573,Fw
536,1.00775223938904,0.707506511916625,280.864,561.728,2015_nk_067,Nush,2015,0.707356719700145,1.02437511007278,-5.4962975574302e-4,382.966929626456,442.212296336974,1053.24,0.708972944313064,189.79090475552573,Fw
537,1.01749813135683,0.707324391380239,281.388,562.776,2015_nk_067,Nush,2015,0.707376236517689,1.02424270153758,-1.3240853520413e-4,382.966929626456,442.212296336974,1053.24,0.708972944313064,189.79090475552573,Fw
538,1.02317869768961,0.707460493077318,281.912,563.824,2015_nk_067,Nush,2015,0.707372826707362,1.02442389032042,1.8118878284156e-4,382.966929626456,442.212296336974,1053.24,0.708972944313064,189.79090475552573,Fw
539,1.02755571164148,0.70720110946589,282.436,564.872,2015_nk_067,Nush,2015,0.70736343803789,1.02422409669975,-1.9979362066813e-4,382.966929626456,442.212296336974,1053.24,0.708972944313064,189.79090475552573,Fw
540,1.03106258786313,0.707079008432176,282.96,565.92,2015_nk_067,Nush,2015,0.707348191555273,1.02398257519648,-2.4152150327472e-4,382.966929626456,442.212296336974,1053.24,0.708972944313064,189.79090475552573,Fw
541,1.04518761876894,0.707318790565786,283.484,566.968,2015_nk_067,Nush,2015,0.707339151435142,1.02365373066646,-3.2884453001291e-4,382.966929626456,442.212296336974,1053.24,0.708972944313064,189.79090475552573,Fw
542,1.037292053081,0.707751131387193,284.008,568.016,2015_nk_067,Nush,2015,0.707347232314941,1.02342772651723,-2.2600414923101e-4,382.966929626456,442.212296336974,1053.24,0.708972944313064,189.79090475552573,Fw
543,1.03965398186715,0.707056893059263,284.532,569.064,2015_nk_067,Nush,2015,0.707347935732075,1.02371272478634,2.8499826910732e-4,382.966929626456,442.212296336974,1053.24,0.708972944313064,189.79090475552573,Fw
544,1.04026573922327,0.706989442415205,285.056,570.112,2015_nk_067,Nush,2015,0.70737209686714,1.02402194192432,3.0921713797615e-4,382.966929626456,442.212296336974,1053.24,0.708972944313064,189.79090475552573,Fw
545,1.03919144804087,0.706810186683572,285.58,571.16,2015_nk_067,Nush,2015,0.707386263179895,1.02481212131716,7.9017939284886e-4,382.966929626456,442.212296336974,1053.24,0.708972944313064,189.79090475552573,Fw
546,1.04742300645117,0.707788344842162,286.104,572.208,2015_nk_067,Nush,2015,0.707385109220003,1.02535543515645,5.433138392823e-4,382.966929626456,442.212296336974,1053.24,0.708972944313064,189.79090475552573,Fw
547,1.0502149202995,0.707995626782832,286.628,573.256,2015_nk_067,Nush,2015,0.707402533411196,1.02589548962666,5.4005447021676e-4,382.966929626456,442.212296336974,1053.24,0.708972944313064,189.79090475552573,Fw
548,1.04938434840139,0.706583440743031,287.152,574.304,2015_nk_067,Nush,2015,0.707404666075313,1.02644466663352,5.4917700685863e-4,382.966929626456,442.212296336974,1053.24,0.708972944313064,189.79090475552573,Fw
549,1.06263453498132,0.707558836649756,287.676,575.352,2015_nk_067,Nush,2015,0.707420089028393,1.02714388441667,6.9921778314419e-4,382.966929626456,442.212296336974,1053.24,0.708972944313064,189.79090475552573,Fw
550,1.05752658419364,0.707258619906795,288.2,576.4,2015_nk_067,Nush,2015,0.707403363669883,1.02757272462801,4.2884021134059e-4,382.966929626456,442.212296336974,1053.24,0.708972944313064,189.79090475552573,Fw
551,1.06263635300559,0.70765407884946,288.724,577.448,2015_nk_067,Nush,2015,0.707403083641788,1.02797817210201,4.0544747400517e-4,382.966929626456,442.212296336974,1053.24,0.708972944313064,189.79090475552573,Fw
552,1.05949335958499,0.707106587481741,289.248,578.496,2015_nk_067,Nush,2015,0.707388721312088,1.02851985748929,5.4168538728305e-4,382.966929626456,442.212296336974,1053.24,0.708972944313064,189.79090475552573,Fw
553,1.0595075287024,0.70760655469182,289.772,579.544,2015_nk_067,Nush,2015,0.707416364825697,1.02887351750625,3.536600169558e-4,382.966929626456,442.212296336974,1053.24,0.708972944313064,189.79090475552573,Fw
554,1.06793599005034,0.708227922705038,290.296,580.592,2015_nk_067,Nush,2015,0.70741991961014306,1.02915089126857,2.7737376231984e-4,382.966929626456,442.212296336974,1053.24,0.708972944313064,189.79090475552573,Fw
555,1.05152485262067,0.706734862243135,290.82,581.64,2015_nk_067,Nush,2015,0.707416067776821,1.02919372045791,4.28291893388444e-5,382.966929626456,442.212296336974,1053.24,0.708972944313064,189.79090475552573,Fw
556,1.05148427377428,0.706434551635952,291.344,582.688,2015_nk_067,Nush,2015,0.707400903163874,1.02918251995051,-1.12005073988897e-5,382.966929626456,442.212296336974,1053.24,0.708972944313064,189.79090475552573,Fw
557,1.03160619920701,0.708147771495782,291.868,583.736,2015_nk_067,Nush,2015,0.707378466899907,1.02943879107448,2.5627112396975e-4,382.966929626456,442.212296336974,1053.24,0.708972944313064,189.79090475552573,Fw
558,1.03034838360979,0.707534523355269,292.392,584.784,2015_nk_067,Nush,2015,0.707358535238516,1.02970066521176,2.6187413728417e-4,382.966929626456,442.212296336974,1053.24,0.708972944313064,189.79090475552573,Fw
559,1.02807358311737,0.708124088057908,292.916,585.832,2015_nk_067,Nush,2015,0.707351910131425,1.02983190640029,1.3124118852303e-4,382.966929626456,442.212296336974,1053.24,0.708972944313064,189.79090475552573,Fw
560,1.03676979746847,0.707249679464275,293.44,586.88,2015_nk_067,Nush,2015,0.70733879074916,1.03008458435764,2.5267795735395e-4,382.966929626456,442.212296336974,1053.24,0.708972944313064,189.79090475552573,Fw
561,1.04094419449872,0.707897735154846,293.964,587.928,2015_nk_067,Nush,2015,0.70737364867341,1.03042684746962,3.4226311198071e-4,382.966929626456,442.212296336974,1053.24,0.708972944313064,189.79090475552573,Fw
562,1.03330521085671,0.706395905653183,294.488,588.976,2015_nk_067,Nush,2015,0.707361155134515,1.03060634467172,1.794972020952e-4,382.966929626456,442.212296336974,1053.24,0.708972944313064,189.79090475552573,Fw
563,1.02784643092349,0.708300699193865,295.012,590.024,2015_nk_067,Nush,2015,0.707365695968759,1.03066629993246,5.99552607398746e-5,382.966929626456,442.212296336974,1053.24,0.708972944313064,189.79090475552573,Fw
564,1.01604205524795,0.70845687999732,295.536,591.072,2015_nk_067,Nush,2015,0.707337152621113,1.03076455481498,9.82548825199103e-5,382.966929626456,442.212296336974,1053.24,0.708972944313064,189.79090475552573,Fw
565,1.01222211950688,0.706893543133513,296.06,592.12,2015_nk_067,Nush,2015,0.707351406324465,1.03068790158532,-7.66532296609945e-5,382.966929626456,442.212296336974,1053.24,0.708972944313064,189.79090475552573,Fw
566,1.01534960712241,0.7062297928112,296.584,593.168,2015_nk_067,Nush,2015,0.707345791486986,1.03072308372117,3.51821358588467e-5,382.966929626456,442.212296336974,1053.24,0.708972944313064,189.79090475552573,Fw
567,1.03289603491077,0.707381988021309,297.108,594.216,2015_nk_067,Nush,2015,0.707346405508349,1.0308297802147,1.0669649352679e-4,382.966929626456,442.212296336974,1053.24,0.708972944313064,189.79090475552573,Fw
568,1.0351097319133,0.707526122042607,297.632,595.264,2015_nk_067,Nush,2015,0.707339647763568,1.03071079441475,-1.1898579995239e-4,382.966929626456,442.212296336974,1053.24,0.708972944313064,189.79090475552573,Fw
569,1.02749858057006,0.70676545646992,298.156,596.312,2015_nk_067,Nush,2015,0.707337532367459,1.03042664804255,-2.8414637219764e-4,382.966929626456,442.212296336974,1053.24,0.708972944313064,189.79090475552573,Fw
570,1.02406287194786,0.706962481574578,298.68,597.36,2015_nk_067,Nush,2015,0.707366775882223,1.02999460782403,-4.3204021852294e-4,382.966929626456,442.212296336974,1053.24,0.708972944313064,189.79090475552573,Fw
571,1.02250716448529,0.707551063687162,299.204,598.408,2015_nk_067,Nush,2015,0.707383819549479,1.02919867481718,-7.9593300685143e-4,382.966929626456,442.212296336974,1053.24,0.708972944313064,189.79090475552573,Fw
572,1.02341691435378,0.707839999409919,299.728,599.456,2015_nk_067,Nush,2015,0.707391026604359,1.02849245874216,-7.0621607501775e-4,382.966929626456,442.212296336974,1053.24,0.708972944313064,189.79090475552573,Fw
573,1.03596837033318,0.706686420034373,300.252,600.504,2015_nk_067,Nush,2015,0.707382181511896,1.02803269923143,-4.5975951073384e-4,382.966929626456,442.212296336974,1053.24,0.708972944313064,189.79090475552573,Fw
574,1.03441791525692,0.707908204007523,300.776,601.552,2015_nk_067,Nush,2015,0.70737776348802,1.02782244650367,-2.102527277541e-4,382.966929626456,442.212296336974,1053.24,0.708972944313064,189.79090475552573,Fw
575,1.05692267740509,0.708070915668716,301.3,602.6,2015_nk_067,Nush,2015,0.707389995422866,1.02755543579655,-2.6701070712209e-4,382.966929626456,442.212296336974,1053.24,0.708972944313064,189.79090475552573,Fw
576,1.05119155846834,0.706513539955169,301.824,603.648,2015_nk_067,Nush,2015,0.707355387181362,1.0269146655932,-6.4077020335107e-4,382.966929626456,442.212296336974,1053.24,0.708972944313064,189.79090475552573,Fw
577,1.0436912322859,0.707829264142299,302.348,604.696,2015_nk_067,Nush,2015,0.707336204411526,1.02624142165049,-6.7324394270929e-4,382.966929626456,442.212296336974,1053.24,0.708972944313064,189.79090475552573,Fw
578,1.03985534727417,0.707147307132423,302.872,605.744,2015_nk_067,Nush,2015,0.70734696274569,1.02561409255989,-6.2732909060137e-4,382.966929626456,442.212296336974,1053.24,0.708972944313064,189.79090475552573,Fw
579,1.0327977195245,0.706509798273506,303.396,606.792,2015_nk_067,Nush,2015,0.707336580562266,1.0247370000043,-8.7709255558321e-4,382.966929626456,442.212296336974,1053.24,0.708972944313064,189.79090475552573,Fw
580,1.01674055223721,0.706990193547071,303.92,607.84,2015_nk_067,Nush,2015,0.707376994280658,1.02400114153248,-7.3585847182644e-4,382.966929626456,442.212296336974,1053.24,0.708972944313064,189.79090475552573,Fw
581,1.03029479038466,0.707679439052533,304.444,608.888,2015_nk_067,Nush,2015,0.707371352050656,1.02303777758418,-9.6336394829932e-4,382.966929626456,442.212296336974,1053.24,0.708972944313064,189.79090475552573,Fw
582,1.03473911506929,0.707261972010627,304.968,609.936,2015_nk_067,Nush,2015,0.707382149223598,1.02208921950759,-0.00094855807658400005,382.966929626456,442.212296336974,1053.24,0.708972944313064,189.79090475552573,Fw
583,1.01165026138618,0.708661887184283,305.492,610.984,2015_nk_067,Nush,2015,0.707391372781857,1.021222949943,-8.6626956459268e-4,382.966929626456,442.212296336974,1053.24,0.708972944313064,189.79090475552573,Fw
584,1.00918253191805,0.707086774656254,306.016,612.032,2015_nk_067,Nush,2015,0.707367689445989,1.0204041359933,-8.1881394970229e-4,382.966929626456,442.212296336974,1053.24,0.708972944313064,189.79090475552573,Fw
585,1.0033384286517,0.707839101916895,306.54,613.08,2015_nk_067,Nush,2015,0.70738723994135,1.01970305691954,-7.0107907375471e-4,382.966929626456,442.212296336974,1053.24,0.708972944313064,189.79090475552573,Fw
586,0.998650279908869,0.707134060411008,307.064,614.128,2015_nk_067,Nush,2015,0.70739273038045,1.01929695437775,-4.0610254179451e-4,382.966929626456,442.212296336974,1053.24,0.708972944313064,189.79090475552573,Fw
587,1.01420601079311,0.706244743477053,307.588,615.176,2015_nk_067,Nush,2015,0.707391783705677,1.0189253163435401,-3.7163803420559e-4,382.966929626456,442.212296336974,1053.24,0.708972944313064,189.79090475552573,Fw
588,1.00540772185632,0.70717465622478,308.112,616.224,2015_nk_067,Nush,2015,0.70738265298827,1.01890828944151,-1.70269020305369e-5,382.966929626456,442.212296336974,1053.24,0.708972944313064,189.79090475552573,Fw
589,1.00611356211437,0.706757940714931,308.636,617.272,2015_nk_067,Nush,2015,0.707384247235626,1.0187409428178,-1.6734662371287e-4,382.966929626456,442.212296336974,1053.24,0.708972944313064,189.79090475552573,Fw
590,1.01227073749695,0.707051876704395,309.16,618.32,2015_nk_067,Nush,2015,0.707382323901903,1.0186203401316,-1.2060268620173e-4,382.966929626456,442.212296336974,1053.24,0.708972944313064,189.79090475552573,Fw
591,1.01218851681656,0.708435996652916,309.684,619.368,2015_nk_067,Nush,2015,0.707375223323673,1.01838809159485,-2.3224853675052e-4,382.966929626456,442.212296336974,1053.24,0.708972944313064,189.79090475552573,Fw
592,1.01251456617144,0.706461415820018,310.208,620.416,2015_nk_067,Nush,2015,0.707394687660203,1.01818166603472,-2.0642556012595e-4,382.966929626456,442.212296336974,1053.24,0.708972944313064,189.79090475552573,Fw
593,1.00594510084936,0.707990114767955,310.732,621.464,2015_nk_067,Nush,2015,0.707378551915638,1.01841049191029,2.2882587556916e-4,382.966929626456,442.212296336974,1053.24,0.708972944313064,189.79090475552573,Fw
594,1.00880036811317,0.706959779190435,311.256,622.512,2015_nk_067,Nush,2015,0.70734933667239,1.01869095340319,2.8046149290039e-4,382.966929626456,442.212296336974,1053.24,0.708972944313064,189.79090475552573,Fw
595,0.997983890077182,0.707983863485071,311.78,623.56,2015_nk_067,Nush,2015,0.707350397305774,1.01887098030441,1.8002690121354e-4,382.966929626456,442.212296336974,1053.24,0.708972944313064,189.79090475552573,Fw
596,1.00986316754058,0.707169621667843,312.304,624.608,2015_nk_067,Nush,2015,0.707360935767755,1.01902347101791,1.5249071349954e-4,382.966929626456,442.212296336974,1053.24,0.708972944313064,189.79090475552573,Fw
597,1.02389992096843,0.707361232662057,312.828,625.656,2015_nk_067,Nush,2015,0.707365572450499,1.01881334697559,-2.1012404231446e-4,382.966929626456,442.212296336974,1053.24,0.708972944313064,189.79090475552573,Fw
598,1.01603954969247,0.707055028390425,313.352,626.704,2015_nk_067,Nush,2015,0.707350663992923,1.01851138413873,-3.0196283685834e-4,382.966929626456,442.212296336974,1053.24,0.708972944313064,189.79090475552573,Fw
599,1.01050692930962,0.707074185699377,313.876,627.752,2015_nk_067,Nush,2015,0.707361328932894,1.01875754983503,2.4616569629731e-4,382.966929626456,442.212296336974,1053.24,0.708972944313064,189.79090475552573,Fw
600,1.00514017475175,0.708833619318029,314.4,628.8,2015_nk_067,Nush,2015,0.707355657476053,1.01899020854021,2.3265870517685e-4,382.966929626456,442.212296336974,1053.24,0.708972944313064,189.79090475552573,Fw
601,0.997431638357868,0.708341410601097,314.924,629.848,2015_nk_067,Nush,2015,0.70736932479279,1.01931778355437,3.2757501416402e-4,382.966929626456,442.212296336974,1053.24,0.708972944313064,189.79090475552573,Fw
602,0.994919088579926,0.708183554680013,315.448,630.896,2015_nk_067,Nush,2015,0.707356065691716,1.01944753764289,1.2975408851567e-4,382.966929626456,442.212296336974,1053.24,0.708972944313064,189.79090475552573,Fw
603,1.01206841122313,0.706526187511478,315.972,631.944,2015_nk_067,Nush,2015,0.707372647142483,1.01971925491634,2.7171727345121e-4,382.966929626456,442.212296336974,1053.24,0.708972944313064,189.79090475552573,Fw
604,1.02765057555802,0.706724360982655,316.496,632.992,2015_nk_067,Nush,2015,0.707346078310094,1.01986333909534,1.4408417900102e-4,382.966929626456,442.212296336974,1053.24,0.708972944313064,189.79090475552573,Fw
605,1.02317080561354,0.707544102774317,317.02,634.04,2015_nk_067,Nush,2015,0.707310303474788,1.0199727758279,1.0943673255847e-4,382.966929626456,442.212296336974,1053.24,0.708972944313064,189.79090475552573,Fw
606,1.00897679425011,0.705711850351946,317.544,635.088,2015_nk_067,Nush,2015,0.707309269060846,1.02000445509316,3.16792652630404e-5,382.966929626456,442.212296336974,1053.24,0.708972944313064,189.79090475552573,Fw
607,1.00982028373695,0.706844660592691,318.068,636.136,2015_nk_067,Nush,2015,0.707302783685867,1.02027598753532,2.7153244215627e-4,382.966929626456,442.212296336974,1053.24,0.708972944313064,189.79090475552573,Fw
608,1.01174460296531,0.707228940792856,318.592,637.184,2015_nk_067,Nush,2015,0.7073244313323,1.02028420522367,8.2176883491325e-6,382.966929626456,442.212296336974,1053.24,0.708972944313064,189.79090475552573,Fw
609,1.01000898164632,0.70693590564431,319.116,638.232,2015_nk_067,Nush,2015,0.707345192937749,1.02055177104803,2.6756582436893e-4,382.966929626456,442.212296336974,1053.24,0.708972944313064,189.79090475552573,Fw
610,1.01337507588405,0.709683443010276,319.64,639.28,2015_nk_067,Nush,2015,0.707321565789946,1.02119384645079,6.4207540275362e-4,382.966929626456,442.212296336974,1053.24,0.708972944313064,189.79090475552573,Fw
611,1.00483451610764,0.70731554504937,320.164,640.328,2015_nk_067,Nush,2015,0.707315014497563,1.02166990707237,4.7606062158145e-4,382.966929626456,442.212296336974,1053.24,0.708972944313064,189.79090475552573,Fw
612,1.00257987498995,0.707754417858231,320.688,641.376,2015_nk_067,Nush,2015,0.707319808670068,1.022109705953,4.3979888062839e-4,382.966929626456,442.212296336974,1053.24,0.708972944313064,189.79090475552573,Fw
613,1.00753135482684,0.708159968187372,321.212,642.424,2015_nk_067,Nush,2015,0.707307044390786,1.02267641942324,5.6671347023717e-4,382.966929626456,442.212296336974,1053.24,0.708972944313064,189.79090475552573,Fw
614,1.0188071530682,0.706806922552997,321.736,643.472,2015_nk_067,Nush,2015,0.707315079236832,1.02353765751074,8.6123808750238e-4,382.966929626456,442.212296336974,1053.24,0.708972944313064,189.79090475552573,Fw
615,1.00946010819538,0.707907891964747,322.26,644.52,2015_nk_067,Nush,2015,0.707326313542592,1.02434136240528,8.037048945404e-4,382.966929626456,442.212296336974,1053.24,0.708972944313064,189.79090475552573,Fw
616,1.02711812126662,0.706763977981988,322.784,645.568,2015_nk_067,Nush,2015,0.707324503008282,1.02531361915904,9.7225675375667e-4,382.966929626456,442.212296336974,1053.24,0.708972944313064,189.79090475552573,Fw
617,1.00930791715467,0.708090971009372,323.308,646.616,2015_nk_067,Nush,2015,0.707339439097684,1.02570687126588,3.9325210684793e-4,382.966929626456,442.212296336974,1053.24,0.708972944313064,189.79090475552573,Fw
618,1.02932676948795,0.706986680310906,323.832,647.664,2015_nk_067,Nush,2015,0.707368163095461,1.02632886662375,6.2199535786944e-4,382.966929626456,442.212296336974,1053.24,0.708972944313064,189.79090475552573,Fw
619,1.01803278569461,0.708219742899208,324.356,648.712,2015_nk_067,Nush,2015,0.707366530558538,1.02661474443452,2.8587781076705e-4,382.966929626456,442.212296336974,1053.24,0.708972944313064,189.79090475552573,Fw
620,1.02953363629636,0.707134279440907,324.88,649.76,2015_nk_067,Nush,2015,0.707382118800337,1.02702145743045,4.067129959322e-4,382.966929626456,442.212296336974,1053.24,0.708972944313064,189.79090475552573,Fw
621,1.02700928229368,0.707471700461071,325.404,650.808,2015_nk_067,Nush,2015,0.707356929626822,1.02762412800062,6.026705701696e-4,382.966929626456,442.212296336974,1053.24,0.708972944313064,189.79090475552573,Fw
622,1.02091967724915,0.707563765844954,325.928,651.856,2015_nk_067,Nush,2015,0.707378681284148,1.02812467878975,5.0055078912936e-4,382.966929626456,442.212296336974,1053.24,0.708972944313064,189.79090475552573,Fw
623,1.04157598345764,0.707332554519988,326.452,652.904,2015_nk_067,Nush,2015,0.707362837171958,1.02823688739915,1.1220860939786e-4,382.966929626456,442.212296336974,1053.24,0.708972944313064,189.79090475552573,Fw
624,1.03286974482197,0.706703965402413,326.976,653.952,2015_nk_067,Nush,2015,0.707371351427996,1.02850200311578,2.6511571663268e-4,382.966929626456,442.212296336974,1053.24,0.708972944313064,189.79090475552573,Fw
625,1.0230237335797,0.70695718113656,327.5,655,2015_nk_067,Nush,2015,0.707348798447352,1.02879750862961,2.955055138254e-4,382.966929626456,442.212296336974,1053.24,0.708972944313064,189.79090475552573,Fw
626,1.02449904993238,0.706862100530086,328.024,656.048,2015_nk_067,Nush,2015,0.707346674029543,1.02915424373065,3.5673510103939e-4,382.966929626456,442.212296336974,1053.24,0.708972944313064,189.79090475552573,Fw
627,1.0202885923719,0.707660188985943,328.548,657.096,2015_nk_067,Nush,2015,0.707327065532666,1.02919003394729,3.57902166392421e-5,382.966929626456,442.212296336974,1053.24,0.708972944313064,189.79090475552573,Fw
628,1.01699196170181,0.706631614588037,329.072,658.144,2015_nk_067,Nush,2015,0.707337318574975,1.02940682336621,2.1678941892733e-4,382.966929626456,442.212296336974,1053.24,0.708972944313064,189.79090475552573,Fw
629,1.04226852234789,0.707405352868157,329.596,659.192,2015_nk_067,Nush,2015,0.707349421084037,1.02925562036406,-1.5120300215709e-4,382.966929626456,442.212296336974,1053.24,0.708972944313064,189.79090475552573,Fw
630,1.03802239425848,0.706622194164142,330.12,660.24,2015_nk_067,Nush,2015,0.707335071669036,1.0289700708427,-2.8554952135428e-4,382.966929626456,442.212296336974,1053.24,0.708972944313064,189.79090475552573,Fw
631,1.04216166533512,0.708371102691357,330.644,661.288,2015_nk_067,Nush,2015,0.707313695860184,1.02885572509584,-1.1434574686131e-4,382.966929626456,442.212296336974,1053.24,0.708972944313064,189.79090475552573,Fw
632,1.03120215966472,0.707044453345503,331.168,662.336,2015_nk_067,Nush,2015,0.70731469464126,1.02880845194189,-4.72731539469251e-5,382.966929626456,442.212296336974,1053.24,0.708972944313064,189.79090475552573,Fw
633,1.05227140674025,0.707681307080387,331.692,663.384,2015_nk_067,Nush,2015,0.707331893879486,1.02872055144541,-8.79004964871033e-5,382.966929626456,442.212296336974,1053.24,0.708972944313064,189.79090475552573,Fw
634,1.04306296599699,0.706314074064178,332.216,664.432,2015_nk_067,Nush,2015,0.707348609394337,1.02816249419261,-5.5805725279656e-4,382.966929626456,442.212296336974,1053.24,0.708972944313064,189.79090475552573,Fw
635,1.06348888135859,0.705924425550385,332.74,665.48,2015_nk_067,Nush,2015,0.707353878973562,1.02760988574683,-5.5260844577675e-4,382.966929626456,442.212296336974,1053.24,0.708972944313064,189.79090475552573,Fw
636,1.05309231438413,0.706451475118636,333.264,666.528,2015_nk_067,Nush,2015,0.707372285078742,1.02700246283696,-6.0742290986892e-4,382.966929626456,442.212296336974,1053.24,0.708972944313064,189.79090475552573,Fw
637,1.05998317881527,0.707440141643558,333.788,667.576,2015_nk_067,Nush,2015,0.707385726568639,1.02618256678715,-8.1989604981669e-4,382.966929626456,442.212296336974,1053.24,0.708972944313064,189.79090475552573,Fw
638,1.04034840857512,0.708446165918395,334.312,668.624,2015_nk_067,Nush,2015,0.707378512210181,1.02569225572301,-4.9031106413521e-4,382.966929626456,442.212296336974,1053.24,0.708972944313064,189.79090475552573,Fw
639,1.04885166898664,0.707755494600427,334.836,669.672,2015_nk_067,Nush,2015,0.707373342461332,1.025263033801,-4.2922192201366e-4,382.966929626456,442.212296336974,1053.24,0.708972944313064,189.79090475552573,Fw
640,1.05526507640243,0.705572564678891,335.36,670.72,2015_nk_067,Nush,2015,0.707335530367433,1.02471740102531,-5.4563277568675e-4,382.966929626456,442.212296336974,1053.24,0.708972944313064,189.79090475552573,Fw
641,1.05885842767955,0.707286361509552,335.884,671.768,2015_nk_067,Nush,2015,0.707351984917619,1.02419709153333,-5.2030949198433e-4,382.966929626456,442.212296336974,1053.24,0.708972944313064,189.79090475552573,Fw
642,1.06112704790698,0.707549622360951,336.408,672.816,2015_nk_067,Nush,2015,0.707330921752327,1.02346260701356,-7.344845197641e-4,382.966929626456,442.212296336974,1053.24,0.708972944313064,189.79090475552573,Fw
643,1.04565306960042,0.707896030427383,336.932,673.864,2015_nk_067,Nush,2015,0.70733303740023,1.0227012337714,-7.613732421583e-4,382.966929626456,442.212296336974,1053.24,0.708972944313064,189.79090475552573,Fw
644,1.06085681716819,0.707568865418993,337.456,674.912,2015_nk_067,Nush,2015,0.707349892562689,1.02176115558431,-9.4007818709007e-4,382.966929626456,442.212296336974,1053.24,0.708972944313064,189.79090475552573,Fw
645,1.05156072232413,0.708513160262514,337.98,675.96,2015_nk_067,Nush,2015,0.707324647277097,1.0209796267315,-7.8152885281834e-4,382.966929626456,442.212296336974,1053.24,0.708972944313064,189.79090475552573,Fw
646,1.05698568513427,0.707025428352367,338.504,677.008,2015_nk_067,Nush,2015,0.707332746017136,1.02006582446245,-9.1380226904891e-4,382.966929626456,442.212296336974,1053.24,0.708972944313064,189.79090475552573,Fw
647,1.03780113720398,0.707140908841178,339.028,678.056,2015_nk_067,Nush,2015,0.707323609530504,1.01916552231343,-9.0030214901903e-4,382.966929626456,442.212296336974,1053.24,0.708972944313064,189.79090475552573,Fw
648,1.04272744332849,0.708898096091411,339.552,679.104,2015_nk_067,Nush,2015,0.707355940355886,1.01797879828093,-0.00118672403250075,382.966929626456,442.212296336974,1053.24,0.708972944313064,189.79090475552573,Fw
649,1.02326623076039,0.706659988499546,340.076,680.152,2015_nk_067,Nush,2015,0.7073494186124,1.01722227786542,-7.5652041550733e-4,382.966929626456,442.212296336974,1053.24,0.708972944313064,189.79090475552573,Fw
650,1.03667351725288,0.707987171212345,340.6,681.2,2015_nk_067,Nush,2015,0.707352631957912,1.01644329527034,-7.7898259508169e-4,382.966929626456,442.212296336974,1053.24,0.708972944313064,189.79090475552573,Fw
651,1.04834875102673,0.706924646242037,341.124,682.248,2015_nk_067,Nush,2015,0.707355892616586,1.01627527739917,-1.680178711716e-4,382.966929626456,442.212296336974,1053.24,0.708972944313064,189.79090475552573,Fw
652,1.04254761351921,0.707766515259583,341.648,683.296,2015_nk_067,Nush,2015,0.70735524748565,1.01631194124713,3.66638479638581e-5,382.966929626456,442.212296336974,1053.24,0.708972944313064,189.79090475552573,Fw
653,1.01267761741323,0.707039468036567,342.172,684.344,2015_nk_067,Nush,2015,0.707386487767494,1.01621599424922,-9.59469979155969e-5,382.966929626456,442.212296336974,1053.24,0.708972944313064,189.79090475552573,Fw
654,1.02470731111112,0.707470634552655,342.696,685.392,2015_nk_067,Nush,2015,0.707405304439678,1.01660673451117,3.9074026195473e-4,382.966929626456,442.212296336974,1053.24,0.708972944313064,189.79090475552573,Fw
655,1.01571422090672,0.706630684646439,343.22,686.44,2015_nk_067,Nush,2015,0.707399361932319,1.0172993351392,6.9260062803233e-4,382.966929626456,442.212296336974,1053.24,0.708972944313064,189.79090475552573,Fw
656,1.03126727360294,0.707042156599347,343.744,687.488,2015_nk_067,Nush,2015,0.707422671409553,1.01803700916678,7.376740275824e-4,382.966929626456,442.212296336974,1053.24,0.708972944313064,189.79090475552573,Fw
657,1.02604733396678,0.706184722849433,344.268,688.536,2015_nk_067,Nush,2015,0.707424673146312,1.01949596750889,0.00145895834210474,382.966929626456,442.212296336974,1053.24,0.708972944313064,189.79090475552573,Fw
658,1.02904691482811,0.70767021092892,344.792,689.584,2015_nk_067,Nush,2015,0.70743430204023,1.02188540415494,0.00238943664605396,382.966929626456,442.212296336974,1053.24,0.708972944313064,189.79090475552573,Fw
659,1.0014347491802,0.707800336243119,345.316,690.632,2015_nk_067,Nush,2015,0.7074459457073,1.02416725087905,0.00228184672411036,382.966929626456,442.212296336974,1053.24,0.708972944313064,189.79090475552573,Fw
660,0.988007203470497,0.707972654417989,345.84,691.68,2015_nk_067,Nush,2015,0.707440475669684,1.02699505129016,0.00282780041110176,382.966929626456,442.212296336974,1053.24,0.708972944313064,189.79090475552573,Fw
661,0.990570893546182,0.707058862069962,346.364,692.728,2015_nk_067,Nush,2015,0.707425068797445,1.03006376213923,0.00306871084907345,382.966929626456,442.212296336974,1053.24,0.708972944313064,189.79090475552573,Fw
662,0.992082699343117,0.708243481544599,346.888,693.776,2015_nk_067,Nush,2015,0.707431082579059,1.03358018206836,0.00351641992913532,382.966929626456,442.212296336974,1053.24,0.708972944313064,189.79090475552573,Fw
663,1.00679438143391,0.707558141805006,347.412,694.824,2015_nk_067,Nush,2015,0.707441411624036,1.03736533714182,0.00378515507345822,382.966929626456,442.212296336974,1053.24,0.708972944313064,189.79090475552573,Fw
664,0.994167140390218,0.707727291873691,347.936,695.872,2015_nk_067,Nush,2015,0.707468844079072,1.04155689130869,0.00419155416686356,382.966929626456,442.212296336974,1053.24,0.708972944313064,189.79090475552573,Fw
665,0.99001429886693,0.70786027752782,348.46,696.92,2015_nk_067,Nush,2015,0.707509562117893,1.04576448779938,0.00420759649069735,382.966929626456,442.212296336974,1053.24,0.708972944313064,189.79090475552573,Fw
666,0.972531419657974,0.706816216662797,348.984,697.968,2015_nk_067,Nush,2015,0.707537496935413,1.05039563252469,0.0046311447253069,382.966929626456,442.212296336974,1053.24,0.708972944313064,189.79090475552573,Fw
667,0.96062652074796,0.707651149986475,349.508,699.016,2015_nk_067,Nush,2015,0.707542521385929,1.05499040531119,0.00459477278650389,382.966929626456,442.212296336974,1053.24,0.708972944313064,189.79090475552573,Fw
668,0.982325939117188,0.706796079285406,350.032,700.064,2015_nk_067,Nush,2015,0.707532415820784,1.05996475810362,0.00497435279242664,382.966929626456,442.212296336974,1053.24,0.708972944313064,189.79090475552573,Fw
669,0.984255666325498,0.706625720713343,350.556,701.112,2015_nk_067,Nush,2015,0.70752303632345,1.06507297844958,0.00510822034595493,382.966929626456,442.212296336974,1053.24,0.708972944313064,189.79090475552573,Fw
670,0.980637109342845,0.707414717376382,351.08,702.16,2015_nk_067,Nush,2015,0.707557300701363,1.07005307764807,0.00498009919849385,382.966929626456,442.212296336974,1053.24,0.708972944313064,189.79090475552573,Fw
671,0.973615946588575,0.708302818060514,351.604,703.208,2015_nk_067,Nush,2015,0.707590499249771,1.07467667780765,0.00462360015958385,382.966929626456,442.212296336974,1053.24,0.708972944313064,189.79090475552573,Fw
672,0.958510803804112,0.706490627940712,352.128,704.256,2015_nk_067,Nush,2015,0.7075930197477,1.07919911467679,0.00452243686913323,382.966929626456,442.212296336974,1053.24,0.708972944313064,189.79090475552573,Fw
673,0.961848960297339,0.70828690706155,352.652,705.304,2015_nk_067,Nush,2015,0.707600519622397,1.08380076636515,0.00460165168836335,382.966929626456,442.212296336974,1053.24,0.708972944313064,189.79090475552573,Fw
674,0.962402461842787,0.707818232300556,353.176,706.352,2015_nk_067,Nush,2015,0.707613522222621,1.08832022182785,0.00451945546270216,382.966929626456,442.212296336974,1053.24,0.708972944313064,189.79090475552573,Fw
675,0.962568377026286,0.706393174829191,353.7,707.4,2015_nk_067,Nush,2015,0.707602219450285,1.09273535421662,0.00441513238877178,382.966929626456,442.212296336974,1053.24,0.708972944313064,189.79090475552573,Fw
676,0.972289985123684,0.707249902384359,354.224,708.448,2015_nk_067,Nush,2015,0.70762947154794,1.09707095326347,0.00433559904684722,382.966929626456,442.212296336974,1053.24,0.708972944313064,189.79090475552573,Fw
677,0.955289788213528,0.707542781811454,354.748,709.496,2015_nk_067,Nush,2015,0.707643889672738,1.1015373830363,0.00446642977282652,382.966929626456,442.212296336974,1053.24,0.708972944313064,189.79090475552573,Fw
678,0.958123327537908,0.708926529833809,355.272,710.544,2015_nk_067,Nush,2015,0.70762979775822,1.10610169242365,0.00456430938734775,382.966929626456,442.212296336974,1053.24,0.708972944313064,189.79090475552573,Fw
679,0.972641560764172,0.707828438290025,355.796,711.592,2015_nk_067,Nush,2015,0.70764454641545,1.11048514601737,0.00438345359372527,382.966929626456,442.212296336974,1053.24,0.708972944313064,189.79090475552573,Fw
680,0.982794680591455,0.707327080171648,356.32,712.64,2015_nk_067,Nush,2015,0.707630481364255,1.11437680541608,0.00389165939870817,382.966929626456,442.212296336974,1053.24,0.708972944313064,189.79090475552573,Fw
681,1.01692821002339,0.707667339981488,356.844,713.688,2015_nk_067,Nush,2015,0.707647295870396,1.11798914275609,0.00361233734000654,382.966929626456,442.212296336974,1053.24,0.708972944313064,189.79090475552573,Fw
682,1.02311950812698,0.70752505798879906,357.368,714.736,2015_nk_067,Nush,2015,0.707658615575861,1.12188317980015,0.0038940370440661,382.966929626456,442.212296336974,1053.24,0.708972944313064,189.79090475552573,Fw
683,1.0358191635827,0.709206971430625,357.892,715.784,2015_nk_067,Nush,2015,0.707689025501814,1.12589182829856,0.00400864849841231,382.966929626456,442.212296336974,1053.24,0.708972944313064,189.79090475552573,Fw
684,1.05631416053925,0.707832965733433,358.416,716.832,2015_nk_067,Nush,2015,0.707696814967917,1.12986872945658,0.0039769011580153,382.966929626456,442.212296336974,1053.24,0.708972944313064,189.79090475552573,Fw
685,1.06457977126164,0.706600630695053,358.94,717.88,2015_nk_067,Nush,2015,0.70771244466417,1.13380201939696,0.00393328994037967,382.966929626456,442.212296336974,1053.24,0.708972944313064,189.79090475552573,Fw
686,1.06875949158733,0.708260669164129,359.464,718.928,2015_nk_067,Nush,2015,0.707732004368586,1.1378345939409,0.00403257454393779,382.966929626456,442.212296336974,1053.24,0.708972944313064,189.79090475552573,Fw
687,1.10782609289819,0.707780293191442,359.988,719.976,2015_nk_067,Nush,2015,0.707754540450074,1.14199953062011,0.00416493667921425,382.966929626456,442.212296336974,1053.24,0.708972944313064,189.79090475552573,Fw
688,1.16035816046505,0.707209348223176,360.512,721.024,2015_nk_067,Nush,2015,0.70776181983607,1.14597038505163,0.0039708544315149,382.966929626456,442.212296336974,1053.24,0.708972944313064,189.79090475552573,Fw
689,1.17917932579451,0.708103972892348,361.036,722.072,2015_nk_067,Nush,2015,0.707743628608301,1.15044556658031,0.00447518152868298,382.966929626456,442.212296336974,1053.24,0.708972944313064,189.79090475552573,Fw
690,1.20769041892458,0.706293991907144,361.56,723.12,2015_nk_067,Nush,2015,0.707747559480901,1.15471320775429,0.00426764117398171,382.966929626456,442.212296336974,1053.24,0.708972944313064,189.79090475552573,Fw
691,1.22628431627953,0.707446690357022,362.084,724.168,2015_nk_067,Nush,2015,0.7077649643856,1.15888970940206,0.00417650164777439,382.966929626456,442.212296336974,1053.24,0.708972944313064,189.79090475552573,Fw
692,1.24218735541284,0.707405280242377,362.608,725.216,2015_nk_067,Nush,2015,0.707758199656992,1.16294600097433,0.00405629157226972,382.966929626456,442.212296336974,1053.24,0.708972944313064,189.79090475552573,Fw
693,1.27938071114774,0.708301049778996,363.132,726.264,2015_nk_067,Nush,2015,0.707765731241004,1.16695234321255,0.0040063422382155,382.966929626456,442.212296336974,1053.24,0.708972944313064,189.79090475552573,Fw
694,1.2945562160088,0.707960021366305,363.656,727.312,2015_nk_067,Nush,2015,0.707766877504718,1.17082955261009,0.00387720939754166,382.966929626456,442.212296336974,1053.24,0.708972944313064,189.79090475552573,Fw
695,1.31594467080043,0.708367507879655,364.18,728.36,2015_nk_067,Nush,2015,0.707759519702346,1.17496225836362,0.00413270575353053,382.966929626456,442.212296336974,1053.24,0.708972944313064,189.79090475552573,Fw
696,1.33096099790254,0.708127564169851,364.704,729.408,2015_nk_067,Nush,2015,0.707792640414615,1.17897877216544,0.00401651380182,382.966929626456,442.212296336974,1053.24,0.708972944313064,189.79090475552573,Fw
697,1.33566954600551,0.707741608674513,365.228,730.456,2015_nk_067,Nush,2015,0.707803367550256,1.18312962760332,0.00415085543787641,382.966929626456,442.212296336974,1053.24,0.708972944313064,189.79090475552573,Fw
698,1.33880957612071,0.707839832009669,365.752,731.504,2015_nk_067,Nush,2015,0.707829909230567,1.18735546260179,0.00422583499846829,382.966929626456,442.212296336974,1053.24,0.708972944313064,189.79090475552573,Fw
699,1.35534488974394,0.707192724760423,366.276,732.552,2015_nk_067,Nush,2015,0.707852617558503,1.19122555013821,0.00387008753642704,382.966929626456,442.212296336974,1053.24,0.708972944313064,189.79090475552573,Fw
700,1.35407102831207,0.707628427353638,366.8,733.6,2015_nk_067,Nush,2015,0.70785626650646,1.19474127504672,0.00351572490850716,382.966929626456,442.212296336974,1053.24,0.708972944313064,189.79090475552573,Fw
701,1.33627443725459,0.709278274414028,367.324,734.648,2015_nk_067,Nush,2015,0.707833331696068,1.1984992835041,0.00375800845738028,382.966929626456,442.212296336974,1053.24,0.708972944313064,189.79090475552573,Fw
702,1.33247326005497,0.707700852236736,367.848,735.696,2015_nk_067,Nush,2015,0.707855054604731,1.20287550425728,0.00437622075318189,382.966929626456,442.212296336974,1053.24,0.708972944313064,189.79090475552573,Fw
703,1.32175217090222,0.708346022909172,368.372,736.744,2015_nk_067,Nush,2015,0.707850005402717,1.20732249302959,0.00444698877230576,382.966929626456,442.212296336974,1053.24,0.708972944313064,189.79090475552573,Fw
704,1.33202414493032,0.708349021432433,368.896,737.792,2015_nk_067,Nush,2015,0.70784506185832,1.21175591371915,0.0044334206895611,382.966929626456,442.212296336974,1053.24,0.708972944313064,189.79090475552573,Fw
705,1.31646866565043,0.707834993922358,369.42,738.84,2015_nk_067,Nush,2015,0.707883497232253,1.21610011508318,0.00434420136403402,382.966929626456,442.212296336974,1053.24,0.708972944313064,189.79090475552573,Fw
706,1.31712162794511,0.708660554211652,369.944,739.888,2015_nk_067,Nush,2015,0.707888589852843,1.22082420628438,0.00472409120119899,382.966929626456,442.212296336974,1053.24,0.708972944313064,189.79090475552573,Fw
707,1.30578692357357,0.708005996329062,370.468,740.936,2015_nk_067,Nush,2015,0.707911458189474,1.22566060690219,0.00483640061780499,382.966929626456,442.212296336974,1053.24,0.708972944313064,189.79090475552573,Fw
708,1.31658600656935,0.708052581220353,370.992,741.984,2015_nk_067,Nush,2015,0.707885891770283,1.23040470733293,0.00474410043073958,382.966929626456,442.212296336974,1053.24,0.708972944313064,189.79090475552573,Fw
709,1.2862734463839,0.707544907933349,371.516,743.032,2015_nk_067,Nush,2015,0.70788603881948,1.23477768951108,0.0043729821781493,382.966929626456,442.212296336974,1053.24,0.708972944313064,189.79090475552573,Fw
710,1.27017308117537,0.707143268140619,372.04,744.08,2015_nk_067,Nush,2015,0.707900461557869,1.23969753099708,0.004919841485999,382.966929626456,442.212296336974,1053.24,0.708972944313064,189.79090475552573,Fw
711,1.26508899142713,0.707933516610486,372.564,745.128,2015_nk_067,Nush,2015,0.707900705769984,1.24420343350174,0.00450590250465943,382.966929626456,442.212296336974,1053.24,0.708972944313064,189.79090475552573,Fw
712,1.27618983616317,0.708445697587506,373.088,746.176,2015_nk_067,Nush,2015,0.707919475780824,1.2482854425194,0.00408200901766431,382.966929626456,442.212296336974,1053.24,0.708972944313064,189.79090475552573,Fw
713,1.25319652731796,0.708864063593764,373.612,747.224,2015_nk_067,Nush,2015,0.707921336552879,1.25220198502157,0.00391654250216966,382.966929626456,442.212296336974,1053.24,0.708972944313064,189.79090475552573,Fw
714,1.26332138059203,0.707938002518835,374.136,748.272,2015_nk_067,Nush,2015,0.707926693625164,1.25634251869993,0.00414053367835843,382.966929626456,442.212296336974,1053.24,0.708972944313064,189.79090475552573,Fw
715,1.2517116173295,0.70756846642158,374.66,749.32,2015_nk_067,Nush,2015,0.707959094769154,1.26044609269569,0.00410357399575867,382.966929626456,442.212296336974,1053.24,0.708972944313064,189.79090475552573,Fw
716,1.2732217462392,0.708215738864333,375.184,750.368,2015_nk_067,Nush,2015,0.707964208678524,1.26417244701984,0.00372635432415502,382.966929626456,442.212296336974,1053.24,0.708972944313064,189.79090475552573,Fw
717,1.27594353471964,0.707536887738722,375.708,751.416,2015_nk_067,Nush,2015,0.707983643055827,1.26715691768857,0.00298447066872609,382.966929626456,442.212296336974,1053.24,0.708972944313064,189.79090475552573,Fw
718,1.267298180719,0.708106974088679,376.232,752.464,2015_nk_067,Nush,2015,0.708001285287852,1.26935907244245,0.00220215475388286,382.966929626456,442.212296336974,1053.24,0.708972944313064,189.79090475552573,Fw
719,1.26994564090118,0.706708862576993,376.756,753.512,2015_nk_067,Nush,2015,0.707986762458176,1.2709005721997,0.00154149975724538,382.966929626456,442.212296336974,1053.24,0.708972944313064,189.79090475552573,Fw
720,1.2440656739094,0.708208506773952,377.28,754.56,2015_nk_067,Nush,2015,0.708006028655794,1.27217373499032,0.00127316279062151,382.966929626456,442.212296336974,1053.24,0.708972944313064,189.79090475552573,Fw
721,1.24116099241265,0.708103156351948,377.804,755.608,2015_nk_067,Nush,2015,0.70802415050718,1.27326711402839,0.00109337903807516,382.966929626456,442.212296336974,1053.24,0.708972944313064,189.79090475552573,Fw
722,1.2354601936793,0.707837597828059,378.328,756.656,2015_nk_067,Nush,2015,0.708025116869784,1.27415104193609,8.8392790770197e-4,382.966929626456,442.212296336974,1053.24,0.708972944313064,189.79090475552573,Fw
723,1.24717491572683,0.708010036845745,378.852,757.704,2015_nk_067,Nush,2015,0.708018245377596,1.27427861751334,1.2757557725029e-4,382.966929626456,442.212296336974,1053.24,0.708972944313064,189.79090475552573,Fw
724,1.22679970424272,0.707796067696548,379.376,758.752,2015_nk_067,Nush,2015,0.708014085130806,1.27407016386939,-2.0845364395283e-4,382.966929626456,442.212296336974,1053.24,0.708972944313064,189.79090475552573,Fw
725,1.23797664407876,0.707418809385462,379.9,759.8,2015_nk_067,Nush,2015,0.70800306780709,1.27332302221148,-7.4714165791611e-4,382.966929626456,442.212296336974,1053.24,0.708972944313064,189.79090475552573,Fw
726,1.21352224776716,0.708803459398965,380.424,760.848,2015_nk_067,Nush,2015,0.707998654436648,1.27247383517234,-8.4918703913672e-4,382.966929626456,442.212296336974,1053.24,0.708972944313064,189.79090475552573,Fw
727,1.20967784702055,0.708294778124948,380.948,761.896,2015_nk_067,Nush,2015,0.708004772639317,1.27177139068225,-7.0244449008805e-4,382.966929626456,442.212296336974,1053.24,0.708972944313064,189.79090475552573,Fw
728,1.23587603902528,0.708388580104053,381.472,762.944,2015_nk_067,Nush,2015,0.708010306487413,1.2704958299354,-0.00127556074685287,382.966929626456,442.212296336974,1053.24,0.708972944313064,189.79090475552573,Fw
729,1.21646091851112,0.707988220389508,381.996,763.992,2015_nk_067,Nush,2015,0.708033321766809,1.26909793485263,-0.001397895082768,382.966929626456,442.212296336974,1053.24,0.708972944313064,189.79090475552573,Fw
730,1.19158060385328,0.707633654253778,382.52,765.04,2015_nk_067,Nush,2015,0.708033941562026,1.26779339781709,-0.00130453703553801,382.966929626456,442.212296336974,1053.24,0.708972944313064,189.79090475552573,Fw
731,1.19909645403139,0.706926729437024,383.044,766.088,2015_nk_067,Nush,2015,0.708007126660858,1.26681583416208,-9.7756365501089e-4,382.966929626456,442.212296336974,1053.24,0.708972944313064,189.79090475552573,Fw
732,1.22108404899504,0.707794002460479,383.568,767.136,2015_nk_067,Nush,2015,0.707997699333449,1.26616959373969,-6.4624042238836e-4,382.966929626456,442.212296336974,1053.24,0.708972944313064,189.79090475552573,Fw
733,1.22866828663568,0.707983954940685,384.092,768.184,2015_nk_067,Nush,2015,0.707969540785929,1.26538848423298,-7.8110950671761e-4,382.966929626456,442.212296336974,1053.24,0.708972944313064,189.79090475552573,Fw
734,1.22840770321647,0.707521619636783,384.616,769.232,2015_nk_067,Nush,2015,0.707965263533318,1.26408283778872,-0.00130564644425957,382.966929626456,442.212296336974,1053.24,0.708972944313064,189.79090475552573,Fw
735,1.22322045886832,0.708699297265134,385.14,770.28,2015_nk_067,Nush,2015,0.707974448664565,1.26296495168732,-0.00111788610139874,382.966929626456,442.212296336974,1053.24,0.708972944313064,189.79090475552573,Fw
736,1.25573545719561,0.707555459619794,385.664,771.328,2015_nk_067,Nush,2015,0.707964264233623,1.26158353629721,-0.00138141539010195,382.966929626456,442.212296336974,1053.24,0.708972944313064,189.79090475552573,Fw
737,1.24547382528183,0.708914882009282,386.188,772.376,2015_nk_067,Nush,2015,0.707965487913968,1.26076451397234,-8.1902232487451e-4,382.966929626456,442.212296336974,1053.24,0.708972944313064,189.79090475552573,Fw
738,1.24276935338229,0.707392544682386,386.712,773.424,2015_nk_067,Nush,2015,0.707966573276946,1.26007489938163,-6.896145907087e-4,382.966929626456,442.212296336974,1053.24,0.708972944313064,189.79090475552573,Fw
739,1.23502049145312,0.707837261241824,387.236,774.472,2015_nk_067,Nush,2015,0.707972914962198,1.25942925707041,-6.4564231121844e-4,382.966929626456,442.212296336974,1053.24,0.708972944313064,189.79090475552573,Fw
740,1.27798516975139,0.708192444475005,387.76,775.52,2015_nk_067,Nush,2015,0.707995555412594,1.25904342645982,-3.8583061059371e-4,382.966929626456,442.212296336974,1053.24,0.708972944313064,189.79090475552573,Fw
741,1.28728236030297,0.707681992708366,388.284,776.568,2015_nk_067,Nush,2015,0.707996886289539,1.25829729726157,-7.461291982469e-4,382.966929626456,442.212296336974,1053.24,0.708972944313064,189.79090475552573,Fw
742,1.26804004918683,0.708651258639189,388.808,777.616,2015_nk_067,Nush,2015,0.707991724933369,1.25719241542846,-0.00110488183311541,382.966929626456,442.212296336974,1053.24,0.708972944313064,189.79090475552573,Fw
743,1.27081171371289,0.709318617753958,389.332,778.664,2015_nk_067,Nush,2015,0.707977904590047,1.25641427922588,-7.781362025756e-4,382.966929626456,442.212296336974,1053.24,0.708972944313064,189.79090475552573,Fw
744,1.30474618124075,0.708154390070515,389.856,779.712,2015_nk_067,Nush,2015,0.707977220366641,1.25522025433977,-0.0011940248861162,382.966929626456,442.212296336974,1053.24,0.708972944313064,189.79090475552573,Fw
745,1.31079421100715,0.708544699334436,390.38,780.76,2015_nk_067,Nush,2015,0.708019718389554,1.25384399417717,-0.00137626016259107,382.966929626456,442.212296336974,1053.24,0.708972944313064,189.79090475552573,Fw
746,1.29234075103663,0.708567503726322,390.904,781.808,2015_nk_067,Nush,2015,0.708007136825389,1.25186123196031,-0.00198276221685978,382.966929626456,442.212296336974,1053.24,0.708972944313064,189.79090475552573,Fw
747,1.28689433302176,0.708946355829618,391.428,782.856,2015_nk_067,Nush,2015,0.708018316715042,1.24979465475809,-0.0020665772022217,382.966929626456,442.212296336974,1053.24,0.708972944313064,189.79090475552573,Fw
748,1.29248744569801,0.708267882144704,391.952,783.904,2015_nk_067,Nush,2015,0.708024579986463,1.24800875147363,-0.00178590328446027,382.966929626456,442.212296336974,1053.24,0.708972944313064,189.79090475552573,Fw
749,1.27166931122923,0.707232603111769,392.476,784.952,2015_nk_067,Nush,2015,0.70804681040541,1.24578392913516,-0.00222482233847177,382.966929626456,442.212296336974,1053.24,0.708972944313064,189.79090475552573,Fw
750,1.28408018636187,0.707449963764247,393,786,2015_nk_067,Nush,2015,0.708051152677669,1.24415780748247,-0.00162612165268716,382.966929626456,442.212296336974,1053.24,0.708972944313064,189.79090475552573,Fw
751,1.29188705856404,0.708534001440156,393.524,787.048,2015_nk_067,Nush,2015,0.708056453627455,1.24203082627895,-0.00212698120352361,382.966929626456,442.212296336974,1053.24,0.708972944313064,189.79090475552573,Fw
752,1.29522302987497,0.707463261998638,394.048,788.096,2015_nk_067,Nush,2015,0.708070570042042,1.23972857848848,-0.00230224779046817,382.966929626456,442.212296336974,1053.24,0.708972944313064,189.79090475552573,Fw
753,1.28703524578275,0.707888760247706,394.572,789.144,2015_nk_067,Nush,2015,0.708069653126099,1.23716867157011,-0.0025599069183746,382.966929626456,442.212296336974,1053.24,0.708972944313064,189.79090475552573,Fw
754,1.28204899737163,0.707710406558909,395.096,790.192,2015_nk_067,Nush,2015,0.708090472862661,1.2348052852835,-0.00236338628660304,382.966929626456,442.212296336974,1053.24,0.708972944313064,189.79090475552573,Fw
755,1.27111617132547,0.707706468456673,395.62,791.24,2015_nk_067,Nush,2015,0.708086969124148,1.23202995190077,-0.00277533338273828,382.966929626456,442.212296336974,1053.24,0.708972944313064,189.79090475552573,Fw
756,1.28000977555433,0.707862761943362,396.144,792.288,2015_nk_067,Nush,2015,0.708102504812351,1.22996241664505,-0.0020675352557209,382.966929626456,442.212296336974,1053.24,0.708972944313064,189.79090475552573,Fw
757,1.29352287660022,0.708108700834616,396.668,793.336,2015_nk_067,Nush,2015,0.708106045131472,1.22779430107588,-0.00216811556916574,382.966929626456,442.212296336974,1053.24,0.708972944313064,189.79090475552573,Fw
758,1.26227593130953,0.708171862895475,397.192,794.384,2015_nk_067,Nush,2015,0.708091273102483,1.225061055901,-0.0027332451748816,382.966929626456,442.212296336974,1053.24,0.708972944313064,189.79090475552573,Fw
759,1.27147118477786,0.708573641524177,397.716,795.432,2015_nk_067,Nush,2015,0.70810859555672,1.22266623070289,-0.00239482519811074,382.966929626456,442.212296336974,1053.24,0.708972944313064,189.79090475552573,Fw
760,1.2757988061798,0.707665615066661,398.24,796.48,2015_nk_067,Nush,2015,0.708131037400553,1.22001200595055,-0.0026542247523329,382.966929626456,442.212296336974,1053.24,0.708972944313064,189.79090475552573,Fw
761,1.27762061795393,0.70766938034389,398.764,797.528,2015_nk_067,Nush,2015,0.708147278274474,1.21741341646263,-0.00259858948791947,382.966929626456,442.212296336974,1053.24,0.708972944313064,189.79090475552573,Fw
762,1.29369883471167,0.70713521259225,399.288,798.576,2015_nk_067,Nush,2015,0.708132808395146,1.2141853691663,-0.00322804729633686,382.966929626456,442.212296336974,1053.24,0.708972944313064,189.79090475552573,Fw
763,1.27488560049916,0.70665651005796,399.812,799.624,2015_nk_067,Nush,2015,0.70813727942587,1.21068660784276,-0.00349876132354265,382.966929626456,442.212296336974,1053.24,0.708972944313064,189.79090475552573,Fw
764,1.25368535827474,0.708092386275772,400.336,800.672,2015_nk_067,Nush,2015,0.708141261251296,1.20717986939363,-0.00350673844912031,382.966929626456,442.212296336974,1053.24,0.708972944313064,189.79090475552573,Fw
765,1.24939549956651,0.708386101797177,400.86,801.72,2015_nk_067,Nush,2015,0.708125119696555,1.20372606082803,-0.00345380856560529,382.966929626456,442.212296336974,1053.24,0.708972944313064,189.79090475552573,Fw
766,1.23423670453899,0.708049488355143,401.384,802.768,2015_nk_067,Nush,2015,0.708133699871751,1.19972698924977,-0.00399907157826118,382.966929626456,442.212296336974,1053.24,0.708972944313064,189.79090475552573,Fw
767,1.25664558408111,0.708079417149743,401.908,803.816,2015_nk_067,Nush,2015,0.708139548998916,1.19618433820134,-0.00354265104842644,382.966929626456,442.212296336974,1053.24,0.708972944313064,189.79090475552573,Fw
768,1.27520913112682,0.708117702999031,402.432,804.864,2015_nk_067,Nush,2015,0.70814062510712,1.19219651023361,-0.00398782796773678,382.966929626456,442.212296336974,1053.24,0.708972944313064,189.79090475552573,Fw
769,1.2475349077108,0.707925409048493,402.956,805.912,2015_nk_067,Nush,2015,0.708150978174496,1.18844938631706,-0.00374712391654919,382.966929626456,442.212296336974,1053.24,0.708972944313064,189.79090475552573,Fw
770,1.24702324453974,0.70850169516437,403.48,806.96,2015_nk_067,Nush,2015,0.708164308224636,1.18372230278117,-0.00472708353588125,382.966929626456,442.212296336974,1053.24,0.708972944313064,189.79090475552573,Fw
771,1.22032123953231,0.708013369227145,404.004,808.008,2015_nk_067,Nush,2015,0.70818044397254,1.17906315220184,-0.00465915057933408,382.966929626456,442.212296336974,1053.24,0.708972944313064,189.79090475552573,Fw
772,1.20989692617626,0.708136016217313,404.528,809.056,2015_nk_067,Nush,2015,0.708175905888587,1.17450595652352,-0.00455719567832191,382.966929626456,442.212296336974,1053.24,0.708972944313064,189.79090475552573,Fw
773,1.20650835516341,0.708034842994474,405.052,810.104,2015_nk_067,Nush,2015,0.708153498476827,1.16984910874594,-0.00465684777757702,382.966929626456,442.212296336974,1053.24,0.708972944313064,189.79090475552573,Fw
774,1.19167988742507,0.707896949114471,405.576,811.152,2015_nk_067,Nush,2015,0.708147754828729,1.16440636359025,-0.0054427451556871,382.966929626456,442.212296336974,1053.24,0.708972944313064,189.79090475552573,Fw
775,1.16913600757404,0.710118347796331,406.1,812.2,2015_nk_067,Nush,2015,0.708160072265894,1.15848559809754,-0.00592076549271159,382.966929626456,442.212296336974,1053.24,0.708972944313064,189.79090475552573,Fw
776,1.15425601322761,0.70746084501444,406.624,813.248,2015_nk_067,Nush,2015,0.70814106672386,1.15279328122562,-0.00569231687191873,382.966929626456,442.212296336974,1053.24,0.708972944313064,189.79090475552573,Fw
777,1.15194890258634,0.708207681117935,407.148,814.296,2015_nk_067,Nush,2015,0.708138253747359,1.14701569701867,-0.00577758420695829,382.966929626456,442.212296336974,1053.24,0.708972944313064,189.79090475552573,Fw
778,1.16014398365139,0.708482770373937,407.672,815.344,2015_nk_067,Nush,2015,0.708155093569023,1.1410408431445,-0.00597485387416441,382.966929626456,442.212296336974,1053.24,0.708972944313064,189.79090475552573,Fw
779,1.13645630059288,0.708042687713791,408.196,816.392,2015_nk_067,Nush,2015,0.70815933493536,1.13541565223,-0.00562519091449865,382.966929626456,442.212296336974,1053.24,0.708972944313064,189.79090475552573,Fw
780,1.14649837474817,0.708469043109509,408.72,817.44,2015_nk_067,Nush,2015,0.708179085052323,1.12935954525783,-0.00605610697217673,382.966929626456,442.212296336974,1053.24,0.708972944313064,189.79090475552573,Fw
781,1.11354212020124,0.708421213339111,409.244,818.488,2015_nk_067,Nush,2015,0.70815742926657,1.12315725219779,-0.00620229306003139,382.966929626456,442.212296336974,1053.24,0.708972944313064,189.79090475552573,Fw
782,1.0973253262512,0.708684582703274,409.768,819.536,2015_nk_067,Nush,2015,0.708165863922739,1.1164754117133,-0.00668184048449971,382.966929626456,442.212296336974,1053.24,0.708972944313064,189.79090475552573,Fw
783,1.09358050062435,0.707955021889134,410.292,820.584,2015_nk_067,Nush,2015,0.708219649031343,1.10980548378152,-0.00666992793177079,382.966929626456,442.212296336974,1053.24,0.708972944313064,189.79090475552573,Fw
784,1.08499652704654,0.709045251890325,410.816,821.632,2015_nk_067,Nush,2015,0.708246259979628,1.10325582661287,-0.00654965716865474,382.966929626456,442.212296336974,1053.24,0.708972944313064,189.79090475552573,Fw
785,1.07145664111446,0.70720858507467,411.34,822.68,2015_nk_067,Nush,2015,0.70823546516185,1.09695657356581,-0.00629925304705647,382.966929626456,442.212296336974,1053.24,0.708972944313064,189.79090475552573,Fw
786,1.08947013242391,0.709735600691152,411.864,823.728,2015_nk_067,Nush,2015,0.708249290216655,1.09035779021844,-0.00659878334737662,382.966929626456,442.212296336974,1053.24,0.708972944313064,189.79090475552573,Fw
787,1.0795909128706,0.708507197272166,412.388,824.776,2015_nk_067,Nush,2015,0.708249306153151,1.08330315822752,-0.00705463199091461,382.966929626456,442.212296336974,1053.24,0.708972944313064,189.79090475552573,Fw
788,1.07188132853238,0.707502258364739,412.912,825.824,2015_nk_067,Nush,2015,0.708253938157957,1.07685154189815,-0.00645161632937219,382.966929626456,442.212296336974,1053.24,0.708972944313064,189.79090475552573,Fw
789,1.07277140662447,0.709027567643688,413.436,826.872,2015_nk_067,Nush,2015,0.708249327348601,1.07060043095748,-0.00625111094066666,382.966929626456,442.212296336974,1053.24,0.708972944313064,189.79090475552573,Fw
790,1.03232711871331,0.708980164883795,413.96,827.92,2015_nk_067,Nush,2015,0.70826001974106,1.06507800356692,-0.00552242739056497,382.966929626456,442.212296336974,1053.24,0.708972944313064,189.79090475552573,Fw
791,1.04318108475622,0.707901181872298,414.484,828.968,2015_nk_067,Nush,2015,0.708297978035076,1.05943783731904,-0.00564016624787933,382.966929626456,442.212296336974,1053.24,0.708972944313064,189.79090475552573,Fw
792,1.02740121121482,0.706925809700786,415.008,830.016,2015_nk_067,Nush,2015,0.708306009280027,1.05306311498854,-0.00637472233049419,382.966929626456,442.212296336974,1053.24,0.708972944313064,189.79090475552573,Fw
793,1.01874260722311,0.708252216784152,415.532,831.064,2015_nk_067,Nush,2015,0.708321434743244,1.04677656912244,-0.00628654586610766,382.966929626456,442.212296336974,1053.24,0.708972944313064,189.79090475552573,Fw
794,1.01800339626926,0.707760529162318,416.056,832.112,2015_nk_067,Nush,2015,0.708317057235666,1.04058671513159,-0.00618985399084848,382.966929626456,442.212296336974,1053.24,0.708972944313064,189.79090475552573,Fw
795,1.015991944932,0.707730803980692,416.58,833.16,2015_nk_067,Nush,2015,0.708315486737402,1.03463188736468,-0.0059548277669057,382.966929626456,442.212296336974,1053.24,0.708972944313064,189.79090475552573,Fw
796,1.01579116249993,0.708070270131533,417.104,834.208,2015_nk_067,Nush,2015,0.7083325791308,1.02894742381136,-0.00568446355332197,382.966929626456,442.212296336974,1053.24,0.708972944313064,189.79090475552573,Fw
797,1.03291476237625,0.709265829639172,417.628,835.256,2015_nk_067,Nush,2015,0.708322822373733,1.02246038174038,-0.00648704207097639,382.966929626456,442.212296336974,1053.24,0.708972944313064,189.79090475552573,Fw
798,1.00349967531808,0.707457111174599,418.152,836.304,2015_nk_067,Nush,2015,0.70832558618054,1.01568437274386,-0.00677600899652675,382.966929626456,442.212296336974,1053.24,0.708972944313064,189.79090475552573,Fw
799,1.01019305646016,0.70845844528439,418.676,837.352,2015_nk_067,Nush,2015,0.70834250322042,1.00944395317219,-0.00624041957166965,382.966929626456,442.212296336974,1053.24,0.708972944313064,189.79090475552573,Fw
800,0.994360157598522,0.708992247483448,419.2,838.4,2015_nk_067,Nush,2015,0.708329156639395,1.00335021992631,-0.00609373324588081,382.966929626456,442.212296336974,1053.24,0.708972944313064,189.79090475552573,Fw
801,1.00773332554292,0.708650137582594,419.724,839.448,2015_nk_067,Nush,2015,0.70833430311025,0.997299707792213,-0.00605051213409402,382.966929626456,442.212296336974,1053.24,0.708972944313064,189.79090475552573,Fw
802,0.994608308487524,0.708378973602023,420.248,840.496,2015_nk_067,Nush,2015,0.708329890631736,0.991348574052826,-0.00595113373938749,382.966929626456,442.212296336974,1053.24,0.708972944313064,189.79090475552573,Fw
803,0.991400847058265,0.70797417304835,420.772,841.544,2015_nk_067,Nush,2015,0.708337771199999,0.985352163542694,-0.005996410510132,382.966929626456,442.212296336974,1053.24,0.708972944313064,189.79090475552573,Fw
804,0.978181471899525,0.707809771184649,421.296,842.592,2015_nk_067,Nush,2015,0.708333462819968,0.979670747445061,-0.00568141609763217,382.966929626456,442.212296336974,1053.24,0.708972944313064,189.79090475552573,Fw
805,0.955548281444465,0.709283745564307,421.82,843.64,2015_nk_067,Nush,2015,0.70828934813593,0.974116221513353,-0.00555452593170891,382.966929626456,442.212296336974,1053.24,0.708972944313064,189.79090475552573,Fw
806,0.950801738721513,0.707427171204275,422.344,844.688,2015_nk_067,Nush,2015,0.70831163266106,0.968691155289428,-0.00542506622392447,382.966929626456,442.212296336974,1053.24,0.708972944313064,189.79090475552573,Fw
807,0.940239280604252,0.708777577239579,422.868,845.736,2015_nk_067,Nush,2015,0.708295948932979,0.963107464169746,-0.00558369111968171,382.966929626456,442.212296336974,1053.24,0.708972944313064,189.79090475552573,Fw
808,0.933996213248145,0.709278271444541,423.392,846.784,2015_nk_067,Nush,2015,0.70828001443793,0.956849003093148,-0.00625846107659878,382.966929626456,442.212296336974,1053.24,0.708972944313064,189.79090475552573,Fw
809,0.934157856359316,0.707487085091959,423.916,847.832,2015_nk_067,Nush,2015,0.708287246983063,0.951048935810265,-0.00580006728288296,382.966929626456,442.212296336974,1053.24,0.708972944313064,189.79090475552573,Fw
810,0.920713768031252,0.708634970782072,424.44,848.88,2015_nk_067,Nush,2015,0.708280037733552,0.945203166249297,-0.00584576956096794,382.966929626456,442.212296336974,1053.24,0.708972944313064,189.79090475552573,Fw
811,0.919749474962162,0.707234654294958,424.964,849.928,2015_nk_067,Nush,2015,0.708281017962991,0.939710435518852,-0.00549273073044421,382.966929626456,442.212296336974,1053.24,0.708972944313064,189.79090475552573,Fw
812,0.89431260080499,0.707969341368794,425.488,850.976,2015_nk_067,Nush,2015,0.708274446173363,0.934390699618316,-0.00531973590053691,382.966929626456,442.212296336974,1053.24,0.708972944313064,189.79090475552573,Fw
813,0.886839569876497,0.711115866763944,426.012,852.024,2015_nk_067,Nush,2015,0.708292784989793,0.929021868061289,-0.00536883155702683,382.966929626456,442.212296336974,1053.24,0.708972944313064,189.79090475552573,Fw
814,0.889069567252342,0.709307063455993,426.536,853.072,2015_nk_067,Nush,2015,0.708259704015243,0.923886246865567,-0.00513562119572164,382.966929626456,442.212296336974,1053.24,0.708972944313064,189.79090475552573,Fw
815,0.893160988502081,0.707058779390006,427.06,854.12,2015_nk_067,Nush,2015,0.708272890974172,0.918567445722968,-0.00531880114259919,382.966929626456,442.212296336974,1053.24,0.708972944313064,189.79090475552573,Fw
816,0.884082774711722,0.708692265231664,427.584,855.168,2015_nk_067,Nush,2015,0.708255430069514,0.912939935433692,-0.00562751028927555,382.966929626456,442.212296336974,1053.24,0.708972944313064,189.79090475552573,Fw
817,0.870244957145345,0.708109657024387,428.108,856.216,2015_nk_067,Nush,2015,0.708251029639014,0.907532911507541,-0.00540702392615156,382.966929626456,442.212296336974,1053.24,0.708972944313064,189.79090475552573,Fw
818,0.875178951547202,0.708449783183786,428.632,857.264,2015_nk_067,Nush,2015,0.708275342100637,0.902423753324696,-0.00510915818284474,382.966929626456,442.212296336974,1053.24,0.708972944313064,189.79090475552573,Fw
819,0.896404528337863,0.708296992962839,429.156,858.312,2015_nk_067,Nush,2015,0.708239843881667,0.897551657030175,-0.00487209629452134,382.966929626456,442.212296336974,1053.24,0.708972944313064,189.79090475552573,Fw
820,0.944453162745908,0.708307158614221,429.68,859.36,2015_nk_067,Nush,2015,0.708244810975319,0.893180142424028,-0.00437151460614704,382.966929626456,442.212296336974,1053.24,0.708972944313064,189.79090475552573,Fw
821,0.939210643081165,0.709946877984807,430.204,860.408,2015_nk_067,Nush,2015,0.708231088724869,0.88843894442854,-0.004741197995488,382.966929626456,442.212296336974,1053.24,0.708972944313064,189.79090475552573,Fw
822,0.91121549488202,0.707617087289348,430.728,861.456,2015_nk_067,Nush,2015,0.708250514293646,0.883947024371029,-0.00449192005751087,382.966929626456,442.212296336974,1053.24,0.708972944313064,189.79090475552573,Fw
823,0.8976928485327,0.707582037850964,431.252,862.504,2015_nk_067,Nush,2015,0.708241386401172,0.879436962484571,-0.00451006188645731,382.966929626456,442.212296336974,1053.24,0.708972944313064,189.79090475552573,Fw
824,0.882294118823832,0.707829735821079,431.776,863.552,2015_nk_067,Nush,2015,0.708229820114332,0.874852910566736,-0.00458405191783573,382.966929626456,442.212296336974,1053.24,0.708972944313064,189.79090475552573,Fw
825,0.892105833552164,0.708291871901368,432.3,864.6,2015_nk_067,Nush,2015,0.708232116594281,0.870389356442484,-0.00446355412425203,382.966929626456,442.212296336974,1053.24,0.708972944313064,189.79090475552573,Fw
826,0.893168891339674,0.709075031959028,432.824,865.648,2015_nk_067,Nush,2015,0.708256599333219,0.865779709973947,-0.00460964646853712,382.966929626456,442.212296336974,1053.24,0.708972944313064,189.79090475552573,Fw
827,0.867423059822523,0.70749401172569,433.348,866.696,2015_nk_067,Nush,2015,0.708220324038278,0.860737911685402,-0.00504179828854467,382.966929626456,442.212296336974,1053.24,0.708972944313064,189.79090475552573,Fw
828,0.868648591335221,0.708283531407449,433.872,867.744,2015_nk_067,Nush,2015,0.708210930473065,0.856191498281431,-0.00454641340397066,382.966929626456,442.212296336974,1053.24,0.708972944313064,189.79090475552573,Fw
829,0.873109733410615,0.708940431441309,434.396,868.792,2015_nk_067,Nush,2015,0.708217450917909,0.851522394065011,-0.00466910421642031,382.966929626456,442.212296336974,1053.24,0.708972944313064,189.79090475552573,Fw
830,0.881399249786893,0.707700900302845,434.92,869.84,2015_nk_067,Nush,2015,0.708211420160677,0.847089503733942,-0.00443289033106931,382.966929626456,442.212296336974,1053.24,0.708972944313064,189.79090475552573,Fw
831,0.857290511486672,0.708322157478485,435.444,870.888,2015_nk_067,Nush,2015,0.70822557439614,0.842582907128601,-0.00450659660534058,382.966929626456,442.212296336974,1053.24,0.708972944313064,189.79090475552573,Fw
832,0.852828901813007,0.707871267506464,435.968,871.936,2015_nk_067,Nush,2015,0.70822199760826,0.838491971667335,-0.00409093546126627,382.966929626456,442.212296336974,1053.24,0.708972944313064,189.79090475552573,Fw
833,0.846723724555493,0.708507677090242,436.492,872.984,2015_nk_067,Nush,2015,0.708015188251163,0.835976153951871,-0.00251581771546405,382.966929626456,442.212296336974,1053.24,0.708972944313064,189.79090475552573,Fw
834,0.850794921567138,0.707638446312602,437.016,874.032,2015_nk_067,Nush,2015,0.708020382113016,0.832254093757675,-0.00372206019419585,382.966929626456,442.212296336974,1053.24,0.708972944313064,189.79090475552573,Fw
835,0.835864451671505,0.707471466754076,437.54,875.08,2015_nk_067,Nush,2015,0.708012115363391,0.82882107187811,-0.00343302187956462,382.966929626456,442.212296336974,1053.24,0.708972944313064,189.79090475552573,Fw
836,0.828752039792146,0.708797916522218,438.064,876.128,2015_nk_067,Nush,2015,0.708052874291089,0.825476417875262,-0.00334465400284834,382.966929626456,442.212296336974,1053.24,0.708972944313064,189.79090475552573,Fw
837,0.816927435405432,0.707266657433068,438.588,877.176,2015_nk_067,Nush,2015,0.708032072716716,0.822135630346887,-0.00334078752837497,382.966929626456,442.212296336974,1053.24,0.708972944313064,189.79090475552573,Fw
838,0.784636319055468,0.707526700671014,439.112,878.224,2015_nk_067,Nush,2015,0.707982611731511,0.818833209576423,-0.0033024207704635,382.966929626456,442.212296336974,1053.24,0.708972944313064,189.79090475552573,Fw
839,0.788452263619901,0.708476640421761,439.636,879.272,2015_nk_067,Nush,2015,0.707978327497309,0.815515651962284,-0.00331755761413943,382.966929626456,442.212296336974,1053.24,0.708972944313064,189.79090475552573,Fw
840,0.795752201090096,0.708036488138833,440.16,880.32,2015_nk_067,Nush,2015,0.70795028272732,0.812450709877752,-0.00306494208453212,382.966929626456,442.212296336974,1053.24,0.708972944313064,189.79090475552573,Fw
841,0.783978276374587,0.708480027105468,440.684,881.368,2015_nk_067,Nush,2015,0.707935569429308,0.809425555732063,-0.00302515414568927,382.966929626456,442.212296336974,1053.24,0.708972944313064,189.79090475552573,Fw
842,0.778141172218988,0.708290275325626,441.208,882.416,2015_nk_067,Nush,2015,0.707966402515559,0.80678928561398,-0.00263627011808243,382.966929626456,442.212296336974,1053.24,0.708972944313064,189.79090475552573,Fw
843,0.771450607202739,0.709055350874891,441.732,883.464,2015_nk_067,Nush,2015,0.707908547121921,0.804445250040115,-0.00234403557386476,382.966929626456,442.212296336974,1053.24,0.708972944313064,189.79090475552573,Fw
844,0.776859255303245,0.707060393417316,442.256,884.512,2015_nk_067,Nush,2015,0.707891589830318,0.802276321065348,-0.00216892897476773,382.966929626456,442.212296336974,1053.24,0.708972944313064,189.79090475552573,Fw
845,0.752328572558513,0.707999802610442,442.78,885.56,2015_nk_067,Nush,2015,0.707895168376515,0.799896816607637,-0.00237950445771118,382.966929626456,442.212296336974,1053.24,0.708972944313064,189.79090475552573,Fw
846,0.751819515067374,0.708687946411701,443.304,886.608,2015_nk_067,Nush,2015,0.707849639083234,0.797258064619134,-0.00263875198850239,382.966929626456,442.212296336974,1053.24,0.708972944313064,189.79090475552573,Fw
847,0.755169477301508,0.708243171442166,443.828,887.656,2015_nk_067,Nush,2015,0.707840884988867,0.79520342394837,-0.00205464067076389,382.966929626456,442.212296336974,1053.24,0.708972944313064,189.79090475552573,Fw
848,0.765331837561697,0.708961006062099,444.352,888.704,2015_nk_067,Nush,2015,0.707864032916685,0.792931377859587,-0.00227204608878351,382.966929626456,442.212296336974,1053.24,0.708972944313064,189.79090475552573,Fw
849,0.780445628953191,0.706897674505478,444.876,889.752,2015_nk_067,Nush,2015,0.707863872320212,0.790294472519408,-0.0026369053401788,382.966929626456,442.212296336974,1053.24,0.708972944313064,189.79090475552573,Fw
850,0.770036242344489,0.709278190502907,445.4,890.8,2015_nk_067,Nush,2015,0.707876600330024,0.786782373890078,-0.00351209862932977,382.966929626456,442.212296336974,1053.24,0.708972944313064,189.79090475552573,Fw
851,0.75870920502694,0.707077846845303,445.924,891.848,2015_nk_067,Nush,2015,0.707813383188668,0.783392997253256,-0.00338937663682204,382.966929626456,442.212296336974,1053.24,0.708972944313064,189.79090475552573,Fw
852,0.757886007764169,0.708091343827407,446.448,892.896,2015_nk_067,Nush,2015,0.707792088543002,0.78062223222995,-0.0027707650233062,382.966929626456,442.212296336974,1053.24,0.708972944313064,189.79090475552573,Fw
853,0.74813889403567,0.707704543235726,446.972,893.944,2015_nk_067,Nush,2015,0.707775503426509,0.777790783847753,-0.00283144838219695,382.966929626456,442.212296336974,1053.24,0.708972944313064,189.79090475552573,Fw
854,0.742960281199123,0.707066551951902,447.496,894.992,2015_nk_067,Nush,2015,0.707781796503089,0.775186627731641,-0.00260415611611176,382.966929626456,442.212296336974,1053.24,0.708972944313064,189.79090475552573,Fw
855,0.748178697476876,0.707868592777665,448.02,896.04,2015_nk_067,Nush,2015,0.707790966130821,0.772741147432391,-0.00244548029925007,382.966929626456,442.212296336974,1053.24,0.708972944313064,189.79090475552573,Fw
856,0.739212374387703,0.709539234467773,448.544,897.088,2015_nk_067,Nush,2015,0.707788557817885,0.770076236628655,-0.00266491080373665,382.966929626456,442.212296336974,1053.24,0.708972944313064,189.79090475552573,Fw
857,0.730406865063569,0.707089311942694,449.068,898.136,2015_nk_067,Nush,2015,0.707798193994139,0.767807740119799,-0.00226849650885541,382.966929626456,442.212296336974,1053.24,0.708972944313064,189.79090475552573,Fw
858,0.730714871079835,0.706893497261882,449.592,899.184,2015_nk_067,Nush,2015,0.707785915985646,0.765681216935152,-0.00212652318464734,382.966929626456,442.212296336974,1053.24,0.708972944313064,189.79090475552573,Fw
859,0.730046803474941,0.708849671974981,450.116,900.232,2015_nk_067,Nush,2015,0.707777556437308,0.763570872193602,-0.00211034474154947,382.966929626456,442.212296336974,1053.24,0.708972944313064,189.79090475552573,Fw
860,0.728386737734365,0.708630402049568,450.64,901.28,2015_nk_067,Nush,2015,0.707784014523372,0.761703154279173,-0.00186771791442897,382.966929626456,442.212296336974,1053.24,0.708972944313064,189.79090475552573,Fw
861,0.737337529222484,0.709499391710361,451.164,902.328,2015_nk_067,Nush,2015,0.707750383542615,0.760365488958194,-0.00133766532097934,382.966929626456,442.212296336974,1053.24,0.708972944313064,189.79090475552573,Fw
862,0.749152180811551,0.708164366329247,451.688,903.376,2015_nk_067,Nush,2015,0.707769728940861,0.759151317330155,-0.00121417162803938,382.966929626456,442.212296336974,1053.24,0.708972944313064,189.79090475552573,Fw
863,0.840451784130424,0.695565611622502,452.212,904.424,2015_nk_067,Nush,2015,0.707756731997924,0.758384265904176,-7.6705142597866e-4,382.966929626456,442.212296336974,1053.24,0.708972944313064,189.79090475552573,Fw
864,0.754857860247776,0.708121402895837,452.736,905.472,2015_nk_067,Nush,2015,0.707759012387766,0.757140234612605,-0.00124403129157113,382.966929626456,442.212296336974,1053.24,0.708972944313064,189.79090475552573,Fw
865,0.749566968670586,0.708787740586817,453.26,906.52,2015_nk_067,Nush,2015,0.707765797237818,0.756510561947217,-6.2967266538749e-4,382.966929626456,442.212296336974,1053.24,0.708972944313064,189.79090475552573,Fw
866,0.750122498550616,0.709872706866141,453.784,907.568,2015_nk_067,Nush,2015,0.70778970749093,0.756165296883421,-3.4526506379628e-4,382.966929626456,442.212296336974,1053.24,0.708972944313064,189.79090475552573,Fw
867,0.73979202890175,0.707529482777206,454.308,908.616,2015_nk_067,Nush,2015,0.707799217391355,0.756262721953812,9.74250703904556e-5,382.966929626456,442.212296336974,1053.24,0.708972944313064,189.79090475552573,Fw
868,0.735850967020336,0.706310612332233,454.832,909.664,2015_nk_067,Nush,2015,0.707824926900883,0.756765822980816,5.0310102700446e-4,382.966929626456,442.212296336974,1053.24,0.708972944313064,189.79090475552573,Fw
869,0.735104399510945,0.707230031039865,455.356,910.712,2015_nk_067,Nush,2015,0.707829332209645,0.757524264837955,7.5844185713935e-4,382.966929626456,442.212296336974,1053.24,0.708972944313064,189.79090475552573,Fw
870,0.736817242959332,0.706952284582706,455.88,911.76,2015_nk_067,Nush,2015,0.707816780707131,0.758396932164724,8.7266732676849e-4,382.966929626456,442.212296336974,1053.24,0.708972944313064,189.79090475552573,Fw
871,0.738240226220809,0.706351856414222,456.404,912.808,2015_nk_067,Nush,2015,0.707821536834119,0.759571567824742,0.00117463566001819,382.966929626456,442.212296336974,1053.24,0.708972944313064,189.79090475552573,Fw
872,0.736136393720044,0.709819326543861,456.928,913.856,2015_nk_067,Nush,2015,0.707830976606224,0.760783225255155,0.00121165743041296,382.966929626456,442.212296336974,1053.24,0.708972944313064,189.79090475552573,Fw
873,0.746197435444612,0.707644543145701,457.452,914.904,2015_nk_067,Nush,2015,0.707801304670184,0.76209922831531,0.00131600306015467,382.966929626456,442.212296336974,1053.24,0.708972944313064,189.79090475552573,Fw
874,0.758933828766283,0.708289625959773,457.976,915.952,2015_nk_067,Nush,2015,0.707828976983747,0.763752870107145,0.00165364179183536,382.966929626456,442.212296336974,1053.24,0.708972944313064,189.79090475552573,Fw
875,0.750390721039408,0.707273492161871,458.5,917,2015_nk_067,Nush,2015,0.707874414895233,0.766156532136779,0.00240366202963394,382.966929626456,442.212296336974,1053.24,0.708972944313064,189.79090475552573,Fw
876,0.725757655401581,0.705960507634785,459.024,918.048,2015_nk_067,Nush,2015,0.707851632942572,0.76878208461995,0.00262555248317142,382.966929626456,442.212296336974,1053.24,0.708972944313064,189.79090475552573,Fw
877,0.746966516899514,0.707584411362358,459.548,919.096,2015_nk_067,Nush,2015,0.70785283305344,0.771225607447768,0.00244352282781757,382.966929626456,442.212296336974,1053.24,0.708972944313064,189.79090475552573,Fw
878,0.738856186220192,0.709838658852887,460.072,920.144,2015_nk_067,Nush,2015,0.707832930176134,0.773826086177419,0.00260047872965141,382.966929626456,442.212296336974,1053.24,0.708972944313064,189.79090475552573,Fw
879,0.738190207927136,0.70828735717442,460.596,921.192,2015_nk_067,Nush,2015,0.707837623354964,0.776431554134359,0.00260546795693972,382.966929626456,442.212296336974,1053.24,0.708972944313064,189.79090475552573,Fw
880,0.733727244986119,0.709070839202979,461.12,922.24,2015_nk_067,Nush,2015,0.707807399394031,0.779138137102408,0.00270658296804849,382.966929626456,442.212296336974,1053.24,0.708972944313064,189.79090475552573,Fw
881,0.735848044871841,0.70615384950345494,461.644,923.288,2015_nk_067,Nush,2015,0.707831831168027,0.782082426279043,0.00294428917663592,382.966929626456,442.212296336974,1053.24,0.708972944313064,189.79090475552573,Fw
882,0.744969593483649,0.706339408549376,462.168,924.336,2015_nk_067,Nush,2015,0.707845659820635,0.785460046344029,0.0033776200649851,382.966929626456,442.212296336974,1053.24,0.708972944313064,189.79090475552573,Fw
883,0.727805945600887,0.706586930861361,462.692,925.384,2015_nk_067,Nush,2015,0.707848247555784,0.789314786211556,0.00385473986752771,382.966929626456,442.212296336974,1053.24,0.708972944313064,189.79090475552573,Fw
884,0.726044751857129,0.708207320415871,463.216,926.432,2015_nk_067,Nush,2015,0.707869750710413,0.793283220020907,0.00396843380935052,382.966929626456,442.212296336974,1053.24,0.708972944313064,189.79090475552573,Fw
885,0.745377015597154,0.708842049565329,463.74,927.48,2015_nk_067,Nush,2015,0.707894747160649,0.797763053084311,0.00447983306340427,382.966929626456,442.212296336974,1053.24,0.708972944313064,189.79090475552573,Fw
886,0.733274243115476,0.708930533182824,464.264,928.528,2015_nk_067,Nush,2015,0.707883354036072,0.8021582345576,0.0043951814732891,382.966929626456,442.212296336974,1053.24,0.708972944313064,189.79090475552573,Fw
887,0.731313269291195,0.70807218230094,464.788,929.576,2015_nk_067,Nush,2015,0.707924791347306,0.80697561923977,0.0048173846821703,382.966929626456,442.212296336974,1053.24,0.708972944313064,189.79090475552573,Fw
888,0.741057200256386,0.707546850897855,465.312,930.624,2015_nk_067,Nush,2015,0.707949235576596,0.812194222774155,0.00521860353438408,382.966929626456,442.212296336974,1053.24,0.708972944313064,189.79090475552573,Fw
889,0.746489048917648,0.708438858541069,465.836,931.672,2015_nk_067,Nush,2015,0.707934692693922,0.817929800593739,0.00573557781958445,382.966929626456,442.212296336974,1053.24,0.708972944313064,189.79090475552573,Fw
890,0.769336174921158,0.708088385466668,466.36,932.72,2015_nk_067,Nush,2015,0.707950995551598,0.823754629579117,0.00582482898537795,382.966929626456,442.212296336974,1053.24,0.708972944313064,189.79090475552573,Fw
891,0.777030592227917,0.706304298633038,466.884,933.768,2015_nk_067,Nush,2015,0.707941638109721,0.829782210087941,0.00602758050882413,382.966929626456,442.212296336974,1053.24,0.708972944313064,189.79090475552573,Fw
892,0.779978604130643,0.709031991401263,467.408,934.816,2015_nk_067,Nush,2015,0.707961815077973,0.835737981787861,0.00595577169991979,382.966929626456,442.212296336974,1053.24,0.708972944313064,189.79090475552573,Fw
893,0.800700638996773,0.707727860513984,467.932,935.864,2015_nk_067,Nush,2015,0.708185435722876,0.840792578194835,0.00505459640697437,382.966929626456,442.212296336974,1053.24,0.708972944313064,189.79090475552573,Fw
894,0.776153044072872,0.707775269703163,468.456,936.912,2015_nk_067,Nush,2015,0.708211538594908,0.847640074211458,0.00684749601662282,382.966929626456,442.212296336974,1053.24,0.708972944313064,189.79090475552573,Fw
895,0.798084091748251,0.707878557757172,468.98,937.96,2015_nk_067,Nush,2015,0.708218915201528,0.854693131763746,0.00705305755228836,382.966929626456,442.212296336974,1053.24,0.708972944313064,189.79090475552573,Fw
896,0.808036135964377,0.710232531708971,469.504,939.008,2015_nk_067,Nush,2015,0.708189331283753,0.861610698625326,0.00691756686157952,382.966929626456,442.212296336974,1053.24,0.708972944313064,189.79090475552573,Fw
897,0.822772939628854,0.707837251458519,470.028,940.056,2015_nk_067,Nush,2015,0.708208723239223,0.869034846399836,0.00742414777451006,382.966929626456,442.212296336974,1053.24,0.708972944313064,189.79090475552573,Fw
898,0.81482238067574,0.709069271242724,470.552,941.104,2015_nk_067,Nush,2015,0.708269638048494,0.876992487215744,0.00795764081590822,382.966929626456,442.212296336974,1053.24,0.708972944313064,189.79090475552573,Fw
899,0.833958775048255,0.708740958947475,471.076,942.152,2015_nk_067,Nush,2015,0.708286161972686,0.885544125309387,0.00855163809364301,382.966929626456,442.212296336974,1053.24,0.708972944313064,189.79090475552573,Fw
900,0.848112240696208,0.707283397987975,471.6,943.2,2015_nk_067,Nush,2015,0.708326161865816,0.894003246904812,0.00845912159542506,382.966929626456,442.212296336974,1053.24,0.708972944313064,189.79090475552573,Fw
901,0.854456415975681,0.708765394724747,472.124,944.248,2015_nk_067,Nush,2015,0.708388249004168,0.90250646496254,0.00850321805772813,382.966929626456,442.212296336974,1053.24,0.708972944313064,189.79090475552573,Fw
902,0.850840618043764,0.708856661651943,472.648,945.296,2015_nk_067,Nush,2015,0.708361944314545,0.911529356955906,0.00902289199336581,382.966929626456,442.212296336974,1053.24,0.708972944313064,189.79090475552573,Fw
903,0.850410790812024,0.707275034712512,473.172,946.344,2015_nk_067,Nush,2015,0.708373264403429,0.920590690679997,0.00906133372409046,382.966929626456,442.212296336974,1053.24,0.708972944313064,189.79090475552573,Fw
904,0.876077762813359,0.708720732231082,473.696,947.392,2015_nk_067,Nush,2015,0.708378938978493,0.929711445841444,0.00912075516144706,382.966929626456,442.212296336974,1053.24,0.708972944313064,189.79090475552573,Fw
905,0.896548294336546,0.710726077299614,474.22,948.44,2015_nk_067,Nush,2015,0.708399401944806,0.939041017978178,0.00932957213673402,382.966929626456,442.212296336974,1053.24,0.708972944313064,189.79090475552573,Fw
906,0.909352664057663,0.707321029252003,474.744,949.488,2015_nk_067,Nush,2015,0.70844688861165,0.949411889903971,0.0103708719257936,382.966929626456,442.212296336974,1053.24,0.708972944313064,189.79090475552573,Fw
907,0.901780846970558,0.708315178094282,475.268,950.536,2015_nk_067,Nush,2015,0.70847246496554,0.960176248225838,0.0107643583218668,382.966929626456,442.212296336974,1053.24,0.708972944313064,189.79090475552573,Fw
908,0.921360561340786,0.707766833423722,475.792,951.584,2015_nk_067,Nush,2015,0.708483633032138,0.971514927288774,0.0113386790629358,382.966929626456,442.212296336974,1053.24,0.708972944313064,189.79090475552573,Fw
909,0.936773706369573,0.707179265235315,476.316,952.632,2015_nk_067,Nush,2015,0.708485302192637,0.982809417288369,0.0112944899995946,382.966929626456,442.212296336974,1053.24,0.708972944313064,189.79090475552573,Fw
910,0.932431220427395,0.707464752846919,476.84,953.68,2015_nk_067,Nush,2015,0.708476451009071,0.994840280405149,0.0120308631167806,382.966929626456,442.212296336974,1053.24,0.708972944313064,189.79090475552573,Fw
911,0.935366555625098,0.708543753285036,477.364,954.728,2015_nk_067,Nush,2015,0.708537277176211,1.00711504355274,0.01227476314759,382.966929626456,442.212296336974,1053.24,0.708972944313064,189.79090475552573,Fw
912,0.960543211663279,0.708921062983866,477.888,955.776,2015_nk_067,Nush,2015,0.708574113874476,1.01971568228997,0.0126006387372295,382.966929626456,442.212296336974,1053.24,0.708972944313064,189.79090475552573,Fw
913,0.979423286087333,0.707859807344723,478.412,956.824,2015_nk_067,Nush,2015,0.708610277151196,1.03279439066632,0.0130787083763506,382.966929626456,442.212296336974,1053.24,0.708972944313064,189.79090475552573,Fw
914,0.981066309760153,0.708356741229624,478.936,957.872,2015_nk_067,Nush,2015,0.708620675792797,1.04610643486728,0.0133120442009587,382.966929626456,442.212296336974,1053.24,0.708972944313064,189.79090475552573,Fw
915,1.01696868128113,0.70936837979182,479.46,958.92,2015_nk_067,Nush,2015,0.708619394844279,1.05897602022508,0.0128695853578058,382.966929626456,442.212296336974,1053.24,0.708972944313064,189.79090475552573,Fw
916,1.00292326278505,0.708855646993178,479.984,959.968,2015_nk_067,Nush,2015,0.708636166941451,1.07234700826807,0.0133709880429862,382.966929626456,442.212296336974,1053.24,0.708972944313064,189.79090475552573,Fw
917,1.01944994599379,0.709575550616708,480.508,961.016,2015_nk_067,Nush,2015,0.708657320953236,1.0859833231341,0.0136363148660308,382.966929626456,442.212296336974,1053.24,0.708972944313064,189.79090475552573,Fw
918,1.04383108314288,0.708360151019241,481.032,962.064,2015_nk_067,Nush,2015,0.708679799515987,1.09990727469286,0.0139239515587559,382.966929626456,442.212296336974,1053.24,0.708972944313064,189.79090475552573,Fw
919,1.07418147265001,0.707977099014585,481.556,963.112,2015_nk_067,Nush,2015,0.708687494521448,1.11364160324844,0.0137343285555844,382.966929626456,442.212296336974,1053.24,0.708972944313064,189.79090475552573,Fw
920,1.07787647685704,0.709608573510094,482.08,964.16,2015_nk_067,Nush,2015,0.708700795663389,1.12744459360564,0.0138029903571979,382.966929626456,442.212296336974,1053.24,0.708972944313064,189.79090475552573,Fw
921,1.09899235975193,0.708937945197768,482.604,965.208,2015_nk_067,Nush,2015,0.708740287673374,1.1406795357786499,0.0132349421730138,382.966929626456,442.212296336974,1053.24,0.708972944313064,189.79090475552573,Fw
922,1.10649848280674,0.709374984424369,483.128,966.256,2015_nk_067,Nush,2015,0.708747879583644,1.15397066491813,0.0132911291394806,382.966929626456,442.212296336974,1053.24,0.708972944313064,189.79090475552573,Fw
923,1.14372756854889,0.708982850316671,483.652,967.304,2015_nk_067,Nush,2015,0.708768059162951,1.16731288133972,0.0133422164215857,382.966929626456,442.212296336974,1053.24,0.708972944313064,189.79090475552573,Fw
924,1.16570762124514,0.709687575217737,484.176,968.352,2015_nk_067,Nush,2015,0.708792239644573,1.18158562921741,0.0142727478776912,382.966929626456,442.212296336974,1053.24,0.708972944313064,189.79090475552573,Fw
925,1.17275042180789,0.709230336984066,484.7,969.4,2015_nk_067,Nush,2015,0.708819386700441,1.19588500220309,0.014299372985684001,382.966929626456,442.212296336974,1053.24,0.708972944313064,189.79090475552573,Fw
926,1.16517651024539,0.70809767179964,485.224,970.448,2015_nk_067,Nush,2015,0.708801267873934,1.20986874654678,0.0139837443436863,382.966929626456,442.212296336974,1053.24,0.708972944313064,189.79090475552573,Fw
927,1.18524089537235,0.708693000105359,485.748,971.496,2015_nk_067,Nush,2015,0.708833078296844,1.2236091298208,0.0137403832740244,382.966929626456,442.212296336974,1053.24,0.708972944313064,189.79090475552573,Fw
928,1.21330941597483,0.709965500888504,486.272,972.544,2015_nk_067,Nush,2015,0.708833632011662,1.23771243754607,0.0141033077252648,382.966929626456,442.212296336974,1053.24,0.708972944313064,189.79090475552573,Fw
929,1.24820268512953,0.7082214664914,486.796,973.592,2015_nk_067,Nush,2015,0.708838236906102,1.25208106226441,0.0143686247183383,382.966929626456,442.212296336974,1053.24,0.708972944313064,189.79090475552573,Fw
930,1.24436453868483,0.709352278170528,487.32,974.64,2015_nk_067,Nush,2015,0.708866326961786,1.26675320110769,0.0146721388432811,382.966929626456,442.212296336974,1053.24,0.708972944313064,189.79090475552573,Fw
931,1.2484333096845,0.710077084715306,487.844,975.688,2015_nk_067,Nush,2015,0.708870355226523,1.28164817351142,0.0148949724037286,382.966929626456,442.212296336974,1053.24,0.708972944313064,189.79090475552573,Fw
932,1.27750991332199,0.708241045166485,488.368,976.736,2015_nk_067,Nush,2015,0.708873317847157,1.296116396915,0.0144682234035809,382.966929626456,442.212296336974,1053.24,0.708972944313064,189.79090475552573,Fw
933,1.28987745889004,0.708323748478734,488.892,977.784,2015_nk_067,Nush,2015,0.708894578384987,1.31075838633265,0.0146419894176515,382.966929626456,442.212296336974,1053.24,0.708972944313064,189.79090475552573,Fw
934,1.30617913845311,0.708630100463659,489.416,978.832,2015_nk_067,Nush,2015,0.708891986489567,1.32492807514586,0.0141696888132123,382.966929626456,442.212296336974,1053.24,0.708972944313064,189.79090475552573,Fw
935,1.31016504924344,0.70850127014062,489.94,979.88,2015_nk_067,Nush,2015,0.70886411264739,1.3388367024502,0.0139086273043341,382.966929626456,442.212296336974,1053.24,0.708972944313064,189.79090475552573,Fw
936,1.3480099709492,0.708809707645432,490.464,980.928,2015_nk_067,Nush,2015,0.708893699853694,1.35331878821592,0.0144820857657224,382.966929626456,442.212296336974,1053.24,0.708972944313064,189.79090475552573,Fw
937,1.39282801621152,0.709118992595777,490.988,981.976,2015_nk_067,Nush,2015,0.708913716625026,1.36884268303708,0.0155238948211649,382.966929626456,442.212296336974,1053.24,0.708972944313064,189.79090475552573,Fw
938,1.41917692999634,0.710508742848759,491.512,983.024,2015_nk_067,Nush,2015,0.708930820597829,1.38377771220834,0.0149350291712587,382.966929626456,442.212296336974,1053.24,0.708972944313064,189.79090475552573,Fw
939,1.41585960790281,0.70838750680436,492.036,984.072,2015_nk_067,Nush,2015,0.708977449784738,1.39824524338991,0.0144675311815667,382.966929626456,442.212296336974,1053.24,0.708972944313064,189.79090475552573,Fw
940,1.45557903199295,0.708539768189004,492.56,985.12,2015_nk_067,Nush,2015,0.708995648461239,1.41317657039639,0.0149313270064841,382.966929626456,442.212296336974,1053.24,0.708972944313064,189.79090475552573,Fw
941,1.47233383372724,0.709803419531863,493.084,986.168,2015_nk_067,Nush,2015,0.708998803207503,1.42877505749053,0.0155984870941368,382.966929626456,442.212296336974,1053.24,0.708972944313064,189.79090475552573,Fw
942,1.50100791771743,0.708549610445273,493.608,987.216,2015_nk_067,Nush,2015,0.708988954575286,1.44350383278226,0.0147287752917338,382.966929626456,442.212296336974,1053.24,0.708972944313064,189.79090475552573,Fw
943,1.51252844818192,0.708756727464556,494.132,988.264,2015_nk_067,Nush,2015,0.709010003255108,1.45821056893629,0.014706736154023,382.966929626456,442.212296336974,1053.24,0.708972944313064,189.79090475552573,Fw
944,1.52476740391466,0.708831238911954,494.656,989.312,2015_nk_067,Nush,2015,0.709028498648384,1.47298348779463,0.0147729188583428,382.966929626456,442.212296336974,1053.24,0.708972944313064,189.79090475552573,Fw
945,1.51755213706549,0.708765192654235,495.18,990.36,2015_nk_067,Nush,2015,0.709027314160588,1.48723051645684,0.0142470286622143,382.966929626456,442.212296336974,1053.24,0.708972944313064,189.79090475552573,Fw
946,1.53553352569465,0.709936859013138,495.704,991.408,2015_nk_067,Nush,2015,0.709027836876036,1.5016588274958,0.014428311038956,382.966929626456,442.212296336974,1053.24,0.708972944313064,189.79090475552573,Fw
947,1.54949216125304,0.709341423008061,496.228,992.456,2015_nk_067,Nush,2015,0.709012029064437,1.51567911422523,0.0140202867294279,382.966929626456,442.212296336974,1053.24,0.708972944313064,189.79090475552573,Fw
948,1.57649429378175,0.708895564662893,496.752,993.504,2015_nk_067,Nush,2015,0.709023046824805,1.52915026602203,0.013471151796804,382.966929626456,442.212296336974,1053.24,0.708972944313064,189.79090475552573,Fw
949,1.57054876225271,0.708900558868709,497.276,994.552,2015_nk_067,Nush,2015,0.709038594152175,1.54196021912953,0.0128099531074977,382.966929626456,442.212296336974,1053.24,0.708972944313064,189.79090475552573,Fw
950,1.59751559635304,0.708886453983156,497.8,995.6,2015_nk_067,Nush,2015,0.709025316579661,1.55535444175993,0.0133942226304011,382.966929626456,442.212296336974,1053.24,0.708972944313064,189.79090475552573,Fw
951,1.57112712260874,0.708673819232115,498.324,996.648,2015_nk_067,Nush,2015,0.709029384971323,1.56848684516065,0.013132403400717,382.966929626456,442.212296336974,1053.24,0.708972944313064,189.79090475552573,Fw
952,1.57744635249947,0.709487506017445,498.848,997.696,2015_nk_067,Nush,2015,0.709016818753657,1.58181973627509,0.0133328911144468,382.966929626456,442.212296336974,1053.24,0.708972944313064,189.79090475552573,Fw
953,1.60123362429192,0.70893863527244,499.372,998.744,2015_nk_067,Nush,2015,0.709023349150618,1.59503692819689,0.0132171919218,382.966929626456,442.212296336974,1053.24,0.708972944313064,189.79090475552573,Fw
954,1.63251791673434,0.709226098600461,499.896,999.792,2015_nk_067,Nush,2015,0.709021640124389,1.60757634854856,0.0125394203516647,382.966929626456,442.212296336974,1053.24,0.708972944313064,189.79090475552573,Fw
955,1.65604647088928,0.709507381109288,500.42,1000.84,2015_nk_067,Nush,2015,0.709023242550856,1.61984592520057,0.0122695766520122,382.966929626456,442.212296336974,1053.24,0.708972944313064,189.79090475552573,Fw
956,1.64706079658556,0.709145402118508,500.944,1001.888,2015_nk_067,Nush,2015,0.709037013302458,1.63212676117122,0.0122808359706477,382.966929626456,442.212296336974,1053.24,0.708972944313064,189.79090475552573,Fw
957,1.64719593607032,0.709745876833131,501.468,1002.936,2015_nk_067,Nush,2015,0.709038536554035,1.64390603426082,0.0117792730896029,382.966929626456,442.212296336974,1053.24,0.708972944313064,189.79090475552573,Fw
958,1.66102084419163,0.709102494131802,501.992,1003.984,2015_nk_067,Nush,2015,0.709028107112243,1.65559140714246,0.0116853728816364,382.966929626456,442.212296336974,1053.24,0.708972944313064,189.79090475552573,Fw
959,1.69607625814855,0.709017252613922,502.516,1005.032,2015_nk_067,Nush,2015,0.709037573455422,1.66689355168947,0.0113021445470138,382.966929626456,442.212296336974,1053.24,0.708972944313064,189.79090475552573,Fw
960,1.72844057129308,0.708968801328967,503.04,1006.08,2015_nk_067,Nush,2015,0.709035323603668,1.67826731864522,0.0113737669557494,382.966929626456,442.212296336974,1053.24,0.708972944313064,189.79090475552573,Fw
961,1.7481547601994,0.709007090608962,503.564,1007.128,2015_nk_067,Nush,2015,0.709016190188571,1.68966319802832,0.0113958793830951,382.966929626456,442.212296336974,1053.24,0.708972944313064,189.79090475552573,Fw
962,1.71893402225861,0.709034418889976,504.088,1008.176,2015_nk_067,Nush,2015,0.709031616067506,1.70080445090347,0.0111412528751522,382.966929626456,442.212296336974,1053.24,0.708972944313064,189.79090475552573,Fw
963,1.72893015587112,0.708550666982344,504.612,1009.224,2015_nk_067,Nush,2015,0.709052854774819,1.71219464198927,0.0113901910857994,382.966929626456,442.212296336974,1053.24,0.708972944313064,189.79090475552573,Fw
964,1.7262590916061,0.708565218505902,505.136,1010.272,2015_nk_067,Nush,2015,0.709072720210744,1.72294798030213,0.0107533383128582,382.966929626456,442.212296336974,1053.24,0.708972944313064,189.79090475552573,Fw
965,1.73106593259659,0.709053646768975,505.66,1011.32,2015_nk_067,Nush,2015,0.709076953959897,1.73370951740612,0.01076153710399,382.966929626456,442.212296336974,1053.24,0.708972944313064,189.79090475552573,Fw
966,1.77827781000102,0.709096261630268,506.184,1012.368,2015_nk_067,Nush,2015,0.709073676731909,1.7436718922445,0.00996237483838791,382.966929626456,442.212296336974,1053.24,0.708972944313064,189.79090475552573,Fw
967,1.83321453624045,0.709516184374152,506.708,1013.416,2015_nk_067,Nush,2015,0.709065210924562,1.75309156416084,0.00941967191633841,382.966929626456,442.212296336974,1053.24,0.708972944313064,189.79090475552573,Fw
968,1.81746231161631,0.708793071791937,507.232,1014.464,2015_nk_067,Nush,2015,0.709034007612646,1.76215483211121,0.00906326795036771,382.966929626456,442.212296336974,1053.24,0.708972944313064,189.79090475552573,Fw
969,1.80482557726358,0.709977016449848,507.756,1015.512,2015_nk_067,Nush,2015,0.709052368572913,1.77109827111329,0.00894343900207994,382.966929626456,442.212296336974,1053.24,0.708972944313064,189.79090475552573,Fw
970,1.82831084081644,0.708556673436985,508.28,1016.56,2015_nk_067,Nush,2015,0.709069398919754,1.78014299854426,0.00904472743097107,382.966929626456,442.212296336974,1053.24,0.708972944313064,189.79090475552573,Fw
971,1.87127578127331,0.708733038060889,508.804,1017.608,2015_nk_067,Nush,2015,0.709058557154135,1.7887112162346,0.00856821769033855,382.966929626456,442.212296336974,1053.24,0.708972944313064,189.79090475552573,Fw
972,1.84426972916731,0.708330145050828,509.328,1018.656,2015_nk_067,Nush,2015,0.709075529493002,1.79664607531463,0.00793485908003078,382.966929626456,442.212296336974,1053.24,0.708972944313064,189.79090475552573,Fw
973,1.8618274553287,0.709122728134046,509.852,1019.704,2015_nk_067,Nush,2015,0.709093649382292,1.80485858575966,0.00821251044503013,382.966929626456,442.212296336974,1053.24,0.708972944313064,189.79090475552573,Fw
974,1.86744144126072,0.709466464826189,510.376,1020.752,2015_nk_067,Nush,2015,0.709095252968599,1.8133470954519,0.00848850969224202,382.966929626456,442.212296336974,1053.24,0.708972944313064,189.79090475552573,Fw
975,1.87179040101398,0.709297310524033,510.9,1021.8,2015_nk_067,Nush,2015,0.709106272658702,1.82151626749311,0.00816917204120604,382.966929626456,442.212296336974,1053.24,0.708972944313064,189.79090475552573,Fw
976,1.86862192512241,0.708887009920059,511.424,1022.848,2015_nk_067,Nush,2015,0.709096645177773,1.83029094570603,0.00877467821292099,382.966929626456,442.212296336974,1053.24,0.708972944313064,189.79090475552573,Fw
977,1.86066714975946,0.708627081920826,511.948,1023.896,2015_nk_067,Nush,2015,0.709093136462885,1.83808355410619,0.00779260840016427,382.966929626456,442.212296336974,1053.24,0.708972944313064,189.79090475552573,Fw
978,1.85210019095112,0.709021216641271,512.472,1024.944,2015_nk_067,Nush,2015,0.709104060826067,1.84587536637608,0.0077918122698879,382.966929626456,442.212296336974,1053.24,0.708972944313064,189.79090475552573,Fw
979,1.84277865909987,0.708909938656775,512.996,1025.992,2015_nk_067,Nush,2015,0.709106908601953,1.85405320345819,0.00817783708211195,382.966929626456,442.212296336974,1053.24,0.708972944313064,189.79090475552573,Fw
980,1.8815298346811,0.70881191915931,513.52,1027.04,2015_nk_067,Nush,2015,0.709110798201072,1.86147452913471,0.00742132567651255,382.966929626456,442.212296336974,1053.24,0.708972944313064,189.79090475552573,Fw
981,1.88693656379494,0.709182048697481,514.044,1028.088,2015_nk_067,Nush,2015,0.70912101587456,1.8696410544307,0.00816652529599504,382.966929626456,442.212296336974,1053.24,0.708972944313064,189.79090475552573,Fw
982,1.90647194967356,0.708621011364394,514.568,1029.136,2015_nk_067,Nush,2015,0.709120724976332,1.87802587676704,0.00838482233633564,382.966929626456,442.212296336974,1053.24,0.708972944313064,189.79090475552573,Fw
983,1.93675908385689,0.709374674134311,515.092,1030.184,2015_nk_067,Nush,2015,0.709127967419548,1.88624050466406,0.00821462789702387,382.966929626456,442.212296336974,1053.24,0.708972944313064,189.79090475552573,Fw
984,1.91807284234502,0.709585033644037,515.616,1031.232,2015_nk_067,Nush,2015,0.709120550243249,1.89354900316373,0.0073084984996703,382.966929626456,442.212296336974,1053.24,0.708972944313064,189.79090475552573,Fw
985,1.90892502092862,0.709326482572101,516.14,1032.28,2015_nk_067,Nush,2015,0.709119125823327,1.90149691904443,0.00794791588069921,382.966929626456,442.212296336974,1053.24,0.708972944313064,189.79090475552573,Fw
986,1.90202666848425,0.708923916895758,516.664,1033.328,2015_nk_067,Nush,2015,0.70911938595316,1.90937509564454,0.00787817660010415,382.966929626456,442.212296336974,1053.24,0.708972944313064,189.79090475552573,Fw
987,1.89199728074852,0.708784395199963,517.188,1034.376,2015_nk_067,Nush,2015,0.70911517616541,1.91746103806299,0.00808594241845695,382.966929626456,442.212296336974,1053.24,0.708972944313064,189.79090475552573,Fw
988,1.91443178887302,0.709339734380934,517.712,1035.424,2015_nk_067,Nush,2015,0.709107688959949,1.92502668806071,0.00756564999771614,382.966929626456,442.212296336974,1053.24,0.708972944313064,189.79090475552573,Fw
989,1.92633135795036,0.708789447082151,518.236,1036.472,2015_nk_067,Nush,2015,0.709111857989302,1.93223296614153,0.00720627808082264,382.966929626456,442.212296336974,1053.24,0.708972944313064,189.79090475552573,Fw
990,1.9267905560298,0.709217287065296,518.76,1037.52,2015_nk_067,Nush,2015,0.709115693134022,1.93919073832303,0.00695777218150284,382.966929626456,442.212296336974,1053.24,0.708972944313064,189.79090475552573,Fw
991,1.9321860726702,0.708929079809512,519.284,1038.568,2015_nk_067,Nush,2015,0.709121803082627,1.94546788481579,0.00627714649275513,382.966929626456,442.212296336974,1053.24,0.708972944313064,189.79090475552573,Fw
992,1.94598508583112,0.709166597902558,519.808,1039.616,2015_nk_067,Nush,2015,0.709124154153472,1.95256387329709,0.00709598848130444,382.966929626456,442.212296336974,1053.24,0.708972944313064,189.79090475552573,Fw
993,1.97328892403801,0.709598070917517,520.332,1040.664,2015_nk_067,Nush,2015,0.709139610595317,1.95883408758512,0.00627021428802443,382.966929626456,442.212296336974,1053.24,0.708972944313064,189.79090475552573,Fw
994,1.95137943722459,0.709822026619147,520.856,1041.712,2015_nk_067,Nush,2015,0.709146400027583,1.96592373142266,0.0070896438375454,382.966929626456,442.212296336974,1053.24,0.708972944313064,189.79090475552573,Fw
995,1.95585727548284,0.70875529508982,521.38,1042.76,2015_nk_067,Nush,2015,0.709145012706497,1.97262283807143,0.00669910664876805,382.966929626456,442.212296336974,1053.24,0.708972944313064,189.79090475552573,Fw
996,1.94575246125247,0.708613073966169,521.904,1043.808,2015_nk_067,Nush,2015,0.70914063991602,1.97843796093863,0.00581512286720054,382.966929626456,442.212296336974,1053.24,0.708972944313064,189.79090475552573,Fw
997,1.95800833119181,0.708611044154969,522.428,1044.856,2015_nk_067,Nush,2015,0.709146664554771,1.98329834348265,0.00486038254401455,382.966929626456,442.212296336974,1053.24,0.708972944313064,189.79090475552573,Fw
998,1.9629730070184,0.708636544133763,522.952,1045.904,2015_nk_067,Nush,2015,0.709149952814348,1.98894927418131,0.00565093069866585,382.966929626456,442.212296336974,1053.24,0.708972944313064,189.79090475552573,Fw
999,1.9524659480276,0.709489164420421,523.476,1046.952,2015_nk_067,Nush,2015,0.709134102755741,1.9947665810268,0.00581730684548432,382.966929626456,442.212296336974,1053.24,0.708972944313064,189.79090475552573,Fw
1000,1.99826267785122,0.709561588999435,524,1048,2015_nk_067,Nush,2015,0.709147141522208,2.00064064831931,0.00587406729251061,382.966929626456,442.212296336974,1053.24,0.708972944313064,189.79090475552573,Fw
1001,1.98642689514755,0.709152913594762,524.524,1049.048,2015_nk_067,Nush,2015,0.709158951600993,2.00577868873167,0.00513804041236243,382.966929626456,442.212296336974,1053.24,0.708972944313064,189.79090475552573,Fw
1002,1.97709946251927,0.709567950777281,525.048,1050.096,2015_nk_067,Nush,2015,0.709175750144873,2.01174166260879,0.00596297387711697,382.966929626456,442.212296336974,1053.24,0.708972944313064,189.79090475552573,Fw
1003,2.00527907488373,0.709843920821959,525.572,1051.144,2015_nk_067,Nush,2015,0.70918221966649,2.01772688168432,0.0059852190755354,382.966929626456,442.212296336974,1053.24,0.708972944313064,189.79090475552573,Fw
1004,2.03407798544918,0.708927454090375,526.096,1052.192,2015_nk_067,Nush,2015,0.70917448606893,2.01885897644643,0.00113209476210852,382.966929626456,442.212296336974,1053.24,0.708972944313064,189.79090475552573,Fw
1005,2.00770245953785,0.709426374060385,526.62,1053.24,2015_nk_067,Nush,2015,0.70918413175074,2.00447842822605,-0.0143805482203803,382.966929626456,442.212296336974,1053.24,0.708972944313064,189.79090475552573,Early Marine
1006,2.06201421846991,0.70935921015738,527.144,1054.288,2015_nk_067,Nush,2015,0.70918907799832,1.97979971322522,-0.0246787150008283,382.966929626456,442.212296336974,1053.24,0.708972944313064,189.79090475552573,Early Marine
1007,2.01704866526289,0.709130900114826,527.668,1055.336,2015_nk_067,Nush,2015,NA,NA,NA,382.966929626456,442.212296336974,1053.24,0.708972944313064,189.79090475552573,Early Marine
1008,2.04400302997503,0.70955102645382,528.192,1056.384,2015_nk_067,Nush,2015,NA,NA,NA,382.966929626456,442.212296336974,1053.24,0.708972944313064,189.79090475552573,Early Marine
1009,2.06121898717943,0.709071425421839,528.716,1057.432,2015_nk_067,Nush,2015,NA,NA,NA,382.966929626456,442.212296336974,1053.24,0.708972944313064,189.79090475552573,Early Marine
1010,2.04279513694379,0.709119829930307,529.24,1058.48,2015_nk_067,Nush,2015,NA,NA,NA,382.966929626456,442.212296336974,1053.24,0.708972944313064,189.79090475552573,Early Marine
1011,2.06111864036844,0.70928687964135,529.764,1059.528,2015_nk_067,Nush,2015,NA,NA,NA,382.966929626456,442.212296336974,1053.24,0.708972944313064,189.79090475552573,Early Marine
1012,2.08053569267961,0.70947005212382,530.288,1060.576,2015_nk_067,Nush,2015,NA,NA,NA,382.966929626456,442.212296336974,1053.24,0.708972944313064,189.79090475552573,Early Marine
1013,2.09411129811335,0.709373181865395,530.812,1061.624,2015_nk_067,Nush,2015,NA,NA,NA,382.966929626456,442.212296336974,1053.24,0.708972944313064,189.79090475552573,Early Marine
1014,2.07102782671457,0.708781068022532,531.336,1062.672,2015_nk_067,Nush,2015,NA,NA,NA,382.966929626456,442.212296336974,1053.24,0.708972944313064,189.79090475552573,Early Marine
1015,2.13292142373123,0.709421915913972,531.86,1063.72,2015_nk_067,Nush,2015,NA,NA,NA,382.966929626456,442.212296336974,1053.24,0.708972944313064,189.79090475552573,Early Marine
1016,2.11975139259181,0.709161009908457,532.384,1064.768,2015_nk_067,Nush,2015,NA,NA,NA,382.966929626456,442.212296336974,1053.24,0.708972944313064,189.79090475552573,Early Marine
1017,2.13235248117774,0.709493289568107,532.908,1065.816,2015_nk_067,Nush,2015,NA,NA,NA,382.966929626456,442.212296336974,1053.24,0.708972944313064,189.79090475552573,Early Marine
1018,2.1149598440546,0.70865326180418,533.432,1066.864,2015_nk_067,Nush,2015,NA,NA,NA,382.966929626456,442.212296336974,1053.24,0.708972944313064,189.79090475552573,Early Marine
1019,2.12845294299791,0.709267394375112,533.956,1067.912,2015_nk_067,Nush,2015,NA,NA,NA,382.966929626456,442.212296336974,1053.24,0.708972944313064,189.79090475552573,Early Marine
1020,2.14590690218325,0.70919891001215,534.48,1068.96,2015_nk_067,Nush,2015,NA,NA,NA,382.966929626456,442.212296336974,1053.24,0.708972944313064,189.79090475552573,Early Marine
1021,2.12478354976471,0.709373687525243,535.004,1070.008,2015_nk_067,Nush,2015,NA,NA,NA,382.966929626456,442.212296336974,1053.24,0.708972944313064,189.79090475552573,Early Marine
1022,2.14469333113687,0.709175483140698,535.528,1071.056,2015_nk_067,Nush,2015,NA,NA,NA,382.966929626456,442.212296336974,1053.24,0.708972944313064,189.79090475552573,Early Marine
1023,2.10514301315259,0.709478053493036,536.052,1072.104,2015_nk_067,Nush,2015,NA,NA,NA,382.966929626456,442.212296336974,1053.24,0.708972944313064,189.79090475552573,Early Marine
1024,2.15163772185883,0.708972584441897,536.576,1073.152,2015_nk_067,Nush,2015,NA,NA,NA,382.966929626456,442.212296336974,1053.24,0.708972944313064,189.79090475552573,Early Marine
1025,2.13301233152268,0.708970407503812,537.1,1074.2,2015_nk_067,Nush,2015,NA,NA,NA,382.966929626456,442.212296336974,1053.24,0.708972944313064,189.79090475552573,Early Marine
1026,2.12718518203305,0.708833894201653,537.624,1075.248,2015_nk_067,Nush,2015,NA,NA,NA,382.966929626456,442.212296336974,1053.24,0.708972944313064,189.79090475552573,Early Marine
1027,2.12483748888133,0.709877662699181,538.148,1076.296,2015_nk_067,Nush,2015,NA,NA,NA,382.966929626456,442.212296336974,1053.24,0.708972944313064,189.79090475552573,Early Marine
1028,2.15651815353626,0.708990367366567,538.672,1077.344,2015_nk_067,Nush,2015,NA,NA,NA,382.966929626456,442.212296336974,1053.24,0.708972944313064,189.79090475552573,Early Marine
1029,2.15386398799265,0.709026012933438,539.196,1078.392,2015_nk_067,Nush,2015,NA,NA,NA,382.966929626456,442.212296336974,1053.24,0.708972944313064,189.79090475552573,Early Marine
1030,2.18075487836708,0.709338999425025,539.72,1079.44,2015_nk_067,Nush,2015,NA,NA,NA,382.966929626456,442.212296336974,1053.24,0.708972944313064,189.79090475552573,Early Marine
1031,2.17955820601504,0.709441642787975,540.244,1080.488,2015_nk_067,Nush,2015,NA,NA,NA,382.966929626456,442.212296336974,1053.24,0.708972944313064,189.79090475552573,Early Marine
1032,2.20204816179432,0.709338057683601,540.768,1081.536,2015_nk_067,Nush,2015,NA,NA,NA,382.966929626456,442.212296336974,1053.24,0.708972944313064,189.79090475552573,Early Marine
1033,2.22094059986083,0.709510899431062,541.292,1082.584,2015_nk_067,Nush,2015,NA,NA,NA,382.966929626456,442.212296336974,1053.24,0.708972944313064,189.79090475552573,Early Marine
1034,1.93536712698724,0.709002448972592,541.816,1083.632,2015_nk_067,Nush,2015,NA,NA,NA,382.966929626456,442.212296336974,1053.24,0.708972944313064,189.79090475552573,Early Marine
1035,1.00895750779117,0.709876051432672,542.34,1084.68,2015_nk_067,Nush,2015,NA,NA,NA,382.966929626456,442.212296336974,1053.24,0.708972944313064,189.79090475552573,Early Marine
1036,0.387899025072703,0.709183784774838,542.864,1085.728,2015_nk_067,Nush,2015,NA,NA,NA,382.966929626456,442.212296336974,1053.24,0.708972944313064,189.79090475552573,Early Marine
