"Cycle","Time","Iso","Sr88","Microns","Fish_id","Watershed","Year","Iso_MA","natal_iso","marine_start_index","natal_start_index","natal_end_index"
615,322.26,0.718875471737206,0.505691157777122,644.52,"2016_yk_102a","Yukon",2016,NA,0.720015984447761,1001,643.729730958335,761.494227447731
616,322.784,0.720380219895986,0.506711761501295,645.568,"2016_yk_102a","Yukon",2016,NA,0.720015984447761,1001,643.729730958335,761.494227447731
617,323.308,0.719858661702488,0.503175089651166,646.616,"2016_yk_102a","Yukon",2016,NA,0.720015984447761,1001,643.729730958335,761.494227447731
618,323.832,0.719834439269625,0.505313653667906,647.664,"2016_yk_102a","Yukon",2016,NA,0.720015984447761,1001,643.729730958335,761.494227447731
619,324.356,0.720435173059645,0.520453632169654,648.712,"2016_yk_102a","Yukon",2016,NA,0.720015984447761,1001,643.729730958335,761.494227447731
620,324.88,0.721442424876273,0.512788459920091,649.76,"2016_yk_102a","Yukon",2016,NA,0.720015984447761,1001,643.729730958335,761.494227447731
621,325.404,0.720430715667766,0.501474117602943,650.808,"2016_yk_102a","Yukon",2016,NA,0.720015984447761,1001,643.729730958335,761.494227447731
622,325.928,0.719445273384884,0.497025371709136,651.856,"2016_yk_102a","Yukon",2016,NA,0.720015984447761,1001,643.729730958335,761.494227447731
623,326.452,0.719666412519529,0.501282336158741,652.904,"2016_yk_102a","Yukon",2016,NA,0.720015984447761,1001,643.729730958335,761.494227447731
624,326.976,0.719432962553195,0.504310763599023,653.952,"2016_yk_102a","Yukon",2016,NA,0.720015984447761,1001,643.729730958335,761.494227447731
625,327.5,0.72211776783022,0.509237887644354,655,"2016_yk_102a","Yukon",2016,NA,0.720015984447761,1001,643.729730958335,761.494227447731
626,328.024,0.719366540207458,0.519503870682021,656.048,"2016_yk_102a","Yukon",2016,NA,0.720015984447761,1001,643.729730958335,761.494227447731
627,328.548,0.720573199792519,0.524450378500573,657.096,"2016_yk_102a","Yukon",2016,NA,0.720015984447761,1001,643.729730958335,761.494227447731
628,329.072,0.720635916524824,0.515063223646525,658.144,"2016_yk_102a","Yukon",2016,NA,0.720015984447761,1001,643.729730958335,761.494227447731
629,329.596,0.721595969917861,0.522508937793164,659.192,"2016_yk_102a","Yukon",2016,NA,0.720015984447761,1001,643.729730958335,761.494227447731
630,330.12,0.720939714218655,0.540799957042425,660.24,"2016_yk_102a","Yukon",2016,NA,0.720015984447761,1001,643.729730958335,761.494227447731
631,330.644,0.720614210573448,0.52875915600854,661.288,"2016_yk_102a","Yukon",2016,NA,0.720015984447761,1001,643.729730958335,761.494227447731
632,331.168,0.720126334958979,0.525642970373594,662.336,"2016_yk_102a","Yukon",2016,NA,0.720015984447761,1001,643.729730958335,761.494227447731
633,331.692,0.718988127226626,0.543049561762801,663.384,"2016_yk_102a","Yukon",2016,NA,0.720015984447761,1001,643.729730958335,761.494227447731
634,332.216,0.721170095664796,0.551602113986309,664.432,"2016_yk_102a","Yukon",2016,NA,0.720015984447761,1001,643.729730958335,761.494227447731
635,332.74,0.719925033841767,0.536969464742345,665.48,"2016_yk_102a","Yukon",2016,NA,0.720015984447761,1001,643.729730958335,761.494227447731
636,333.264,0.719299278455624,0.540952417807047,666.528,"2016_yk_102a","Yukon",2016,NA,0.720015984447761,1001,643.729730958335,761.494227447731
637,333.788,0.71982550539031,0.554302402292353,667.576,"2016_yk_102a","Yukon",2016,NA,0.720015984447761,1001,643.729730958335,761.494227447731
638,334.312,0.721895564759447,0.555305914592596,668.624,"2016_yk_102a","Yukon",2016,NA,0.720015984447761,1001,643.729730958335,761.494227447731
639,334.836,0.717588107267029,0.541050653249917,669.672,"2016_yk_102a","Yukon",2016,NA,0.720015984447761,1001,643.729730958335,761.494227447731
640,335.36,0.72093925065643,0.53950829281246,670.72,"2016_yk_102a","Yukon",2016,NA,0.720015984447761,1001,643.729730958335,761.494227447731
641,335.884,0.71955869823972,0.543641199331734,671.768,"2016_yk_102a","Yukon",2016,NA,0.720015984447761,1001,643.729730958335,761.494227447731
642,336.408,0.72039318069736,0.55232893468649,672.816,"2016_yk_102a","Yukon",2016,NA,0.720015984447761,1001,643.729730958335,761.494227447731
643,336.932,0.718673080078944,0.527520959552323,673.864,"2016_yk_102a","Yukon",2016,NA,0.720015984447761,1001,643.729730958335,761.494227447731
644,337.456,0.721538995768872,0.53974950185026,674.912,"2016_yk_102a","Yukon",2016,0.720304844951671,0.720015984447761,1001,643.729730958335,761.494227447731
645,337.98,0.719551063109654,0.542402617028073,675.96,"2016_yk_102a","Yukon",2016,0.720322371837564,0.720015984447761,1001,643.729730958335,761.494227447731
646,338.504,0.719656314014463,0.544794404694735,677.008,"2016_yk_102a","Yukon",2016,0.720306113816289,0.720015984447761,1001,643.729730958335,761.494227447731
647,339.028,0.719811721647974,0.539322623869267,678.056,"2016_yk_102a","Yukon",2016,0.720301901719493,0.720015984447761,1001,643.729730958335,761.494227447731
648,339.552,0.71849615078883,0.541581135890429,679.104,"2016_yk_102a","Yukon",2016,0.720269381529186,0.720015984447761,1001,643.729730958335,761.494227447731
649,340.076,0.720679197373274,0.537113870338789,680.152,"2016_yk_102a","Yukon",2016,0.720287535583013,0.720015984447761,1001,643.729730958335,761.494227447731
650,340.6,0.721204711965188,0.53724234502675,681.2,"2016_yk_102a","Yukon",2016,0.720292833884668,0.720015984447761,1001,643.729730958335,761.494227447731
651,341.124,0.720034890489175,0.540887032185418,682.248,"2016_yk_102a","Yukon",2016,0.72027590056436,0.720015984447761,1001,643.729730958335,761.494227447731
652,341.648,0.7238019278239,0.547721942488509,683.296,"2016_yk_102a","Yukon",2016,0.720285155034988,0.720015984447761,1001,643.729730958335,761.494227447731
653,342.172,0.721740079428765,0.562755224703423,684.344,"2016_yk_102a","Yukon",2016,0.720295507571792,0.720015984447761,1001,643.729730958335,761.494227447731
654,342.696,0.718349785371131,0.560817247306863,685.392,"2016_yk_102a","Yukon",2016,0.720305849770719,0.720015984447761,1001,643.729730958335,761.494227447731
655,343.22,0.721366654872675,0.557495579409829,686.44,"2016_yk_102a","Yukon",2016,0.720275468302939,0.720015984447761,1001,643.729730958335,761.494227447731
656,343.744,0.721990509580378,0.546954320546688,687.488,"2016_yk_102a","Yukon",2016,0.72030636071859,0.720015984447761,1001,643.729730958335,761.494227447731
657,344.268,0.722127815159887,0.562568703651735,688.536,"2016_yk_102a","Yukon",2016,0.72031037160395,0.720015984447761,1001,643.729730958335,761.494227447731
658,344.792,0.719629765333116,0.546855471862242,689.584,"2016_yk_102a","Yukon",2016,0.72025357945328,0.720015984447761,1001,643.729730958335,761.494227447731
659,345.316,0.720593966767083,0.553821399654672,690.632,"2016_yk_102a","Yukon",2016,0.720207733507746,0.720015984447761,1001,643.729730958335,761.494227447731
660,345.84,0.719661675964425,0.551756097481314,691.68,"2016_yk_102a","Yukon",2016,0.720184643570174,0.720015984447761,1001,643.729730958335,761.494227447731
661,346.364,0.721868756724087,0.569397782658396,692.728,"2016_yk_102a","Yukon",2016,0.720158737977094,0.720015984447761,1001,643.729730958335,761.494227447731
662,346.888,0.721906487086464,0.558161229268685,693.776,"2016_yk_102a","Yukon",2016,0.720120098543889,0.720015984447761,1001,643.729730958335,761.494227447731
663,347.412,0.720354389663286,0.554539485010276,694.824,"2016_yk_102a","Yukon",2016,0.720146524479396,0.720015984447761,1001,643.729730958335,761.494227447731
664,347.936,0.720697261638602,0.559147478442287,695.872,"2016_yk_102a","Yukon",2016,0.720171186044206,0.720015984447761,1001,643.729730958335,761.494227447731
665,348.46,0.719127778425438,0.578992081829076,696.92,"2016_yk_102a","Yukon",2016,0.720169106228903,0.720015984447761,1001,643.729730958335,761.494227447731
666,348.984,0.720872784082016,0.536350512822986,697.968,"2016_yk_102a","Yukon",2016,0.720171888787116,0.720015984447761,1001,643.729730958335,761.494227447731
667,349.508,0.721199407445607,0.54507026773034,699.016,"2016_yk_102a","Yukon",2016,0.720170474045148,0.720015984447761,1001,643.729730958335,761.494227447731
668,350.032,0.719812566044102,0.563420421539083,700.064,"2016_yk_102a","Yukon",2016,0.720150336811792,0.720015984447761,1001,643.729730958335,761.494227447731
669,350.556,0.718266269838082,0.568484227099533,701.112,"2016_yk_102a","Yukon",2016,0.720161537039456,0.720015984447761,1001,643.729730958335,761.494227447731
670,351.08,0.718831036190491,0.554015961039584,702.16,"2016_yk_102a","Yukon",2016,0.720119234742096,0.720015984447761,1001,643.729730958335,761.494227447731
671,351.604,0.721199980065143,0.537295604173255,703.208,"2016_yk_102a","Yukon",2016,0.720159146686736,0.720015984447761,1001,643.729730958335,761.494227447731
672,352.128,0.72055626318324,0.545906976795916,704.256,"2016_yk_102a","Yukon",2016,0.720156863519922,0.720015984447761,1001,643.729730958335,761.494227447731
673,352.652,0.719550462839919,0.545254411055043,705.304,"2016_yk_102a","Yukon",2016,0.720156726327956,0.720015984447761,1001,643.729730958335,761.494227447731
674,353.176,0.71978469744636,0.545666868425006,706.352,"2016_yk_102a","Yukon",2016,0.720154798406809,0.720015984447761,1001,643.729730958335,761.494227447731
675,353.7,0.719927084890778,0.560396259360687,707.4,"2016_yk_102a","Yukon",2016,0.720154944113911,0.720015984447761,1001,643.729730958335,761.494227447731
676,354.224,0.719404738619497,0.564618893518389,708.448,"2016_yk_102a","Yukon",2016,0.720139580371572,0.720015984447761,1001,643.729730958335,761.494227447731
677,354.748,0.719605935894744,0.559694618061312,709.496,"2016_yk_102a","Yukon",2016,0.720140378569357,0.720015984447761,1001,643.729730958335,761.494227447731
678,355.272,0.717883227851201,0.560971887452885,710.544,"2016_yk_102a","Yukon",2016,0.72016214905067,0.720015984447761,1001,643.729730958335,761.494227447731
679,355.796,0.721524416289276,0.565823059366836,711.592,"2016_yk_102a","Yukon",2016,0.72012978415529,0.720015984447761,1001,643.729730958335,761.494227447731
680,356.32,0.721760322975543,0.573177680017925,712.64,"2016_yk_102a","Yukon",2016,0.720101683437024,0.720015984447761,1001,643.729730958335,761.494227447731
681,356.844,0.719414716449312,0.571813662951114,713.688,"2016_yk_102a","Yukon",2016,0.720077054881513,0.720015984447761,1001,643.729730958335,761.494227447731
682,357.368,0.720000541622566,0.579985593140625,714.736,"2016_yk_102a","Yukon",2016,0.719954322252192,0.720015984447761,1001,643.729730958335,761.494227447731
683,357.892,0.720287564727728,0.577064556743061,715.784,"2016_yk_102a","Yukon",2016,0.719922581527194,0.720015984447761,1001,643.729730958335,761.494227447731
684,358.416,0.720053494488809,0.58786972336968,716.832,"2016_yk_102a","Yukon",2016,0.719914501514788,0.720015984447761,1001,643.729730958335,761.494227447731
685,358.94,0.72029487976342,0.572410184468002,717.88,"2016_yk_102a","Yukon",2016,0.719904502877165,0.720015984447761,1001,643.729730958335,761.494227447731
686,359.464,0.721220085146568,0.576324910550327,718.928,"2016_yk_102a","Yukon",2016,0.719868188542729,0.720015984447761,1001,643.729730958335,761.494227447731
687,359.988,0.720813852914095,0.580729623266979,719.976,"2016_yk_102a","Yukon",2016,0.719827848830542,0.720015984447761,1001,643.729730958335,761.494227447731
688,360.512,0.717228387484646,0.576628789622768,721.024,"2016_yk_102a","Yukon",2016,0.719841499418237,0.720015984447761,1001,643.729730958335,761.494227447731
689,361.036,0.718845213185768,0.570579090495821,722.072,"2016_yk_102a","Yukon",2016,0.719839904082566,0.720015984447761,1001,643.729730958335,761.494227447731
690,361.56,0.71955431796437,0.575907729091982,723.12,"2016_yk_102a","Yukon",2016,0.719844913948474,0.720015984447761,1001,643.729730958335,761.494227447731
691,362.084,0.719059874988603,0.584230535000575,724.168,"2016_yk_102a","Yukon",2016,0.719793871309962,0.720015984447761,1001,643.729730958335,761.494227447731
692,362.608,0.717807968966697,0.568139032156015,725.216,"2016_yk_102a","Yukon",2016,0.719744047844971,0.720015984447761,1001,643.729730958335,761.494227447731
693,363.132,0.720573683357072,0.552427005610054,726.264,"2016_yk_102a","Yukon",2016,0.719744375699407,0.720015984447761,1001,643.729730958335,761.494227447731
694,363.656,0.722649789553418,0.555102662780727,727.312,"2016_yk_102a","Yukon",2016,0.719751385527502,0.720015984447761,1001,643.729730958335,761.494227447731
695,364.18,0.719800244923577,0.567163667146302,728.36,"2016_yk_102a","Yukon",2016,0.719741449737302,0.720015984447761,1001,643.729730958335,761.494227447731
696,364.704,0.719466231948372,0.572868062042128,729.408,"2016_yk_102a","Yukon",2016,0.719711670735033,0.720015984447761,1001,643.729730958335,761.494227447731
697,365.228,0.71974062087223,0.571443684639426,730.456,"2016_yk_102a","Yukon",2016,0.719675964506377,0.720015984447761,1001,643.729730958335,761.494227447731
698,365.752,0.720687330758124,0.572357691631336,731.504,"2016_yk_102a","Yukon",2016,0.719683325523704,0.720015984447761,1001,643.729730958335,761.494227447731
699,366.276,0.718260120926839,0.579791236506564,732.552,"2016_yk_102a","Yukon",2016,0.719708143322089,0.720015984447761,1001,643.729730958335,761.494227447731
700,366.8,0.718401112814849,0.58729256182813,733.6,"2016_yk_102a","Yukon",2016,0.719707652885802,0.720015984447761,1001,643.729730958335,761.494227447731
701,367.324,0.721953414918135,0.572367152390644,734.648,"2016_yk_102a","Yukon",2016,0.719674540137919,0.720015984447761,1001,643.729730958335,761.494227447731
702,367.848,0.720256190688502,0.583242564501236,735.696,"2016_yk_102a","Yukon",2016,0.719684790228326,0.720015984447761,1001,643.729730958335,761.494227447731
703,368.372,0.718664848561002,0.582220141515557,736.744,"2016_yk_102a","Yukon",2016,0.71969804202623,0.720015984447761,1001,643.729730958335,761.494227447731
704,368.896,0.721423320500016,0.571790173928241,737.792,"2016_yk_102a","Yukon",2016,0.719658979569372,0.720015984447761,1001,643.729730958335,761.494227447731
705,369.42,0.719559805535812,0.558172159392302,738.84,"2016_yk_102a","Yukon",2016,0.7196282742979,0.720015984447761,1001,643.729730958335,761.494227447731
706,369.944,0.718734489474094,0.561152071435055,739.888,"2016_yk_102a","Yukon",2016,0.719621491173236,0.720015984447761,1001,643.729730958335,761.494227447731
707,370.468,0.719859613515075,0.568934979278485,740.936,"2016_yk_102a","Yukon",2016,0.719602643444933,0.720015984447761,1001,643.729730958335,761.494227447731
708,370.992,0.719802379667607,0.575155922666388,741.984,"2016_yk_102a","Yukon",2016,0.719657265248028,0.720015984447761,1001,643.729730958335,761.494227447731
709,371.516,0.718737303650482,0.566368213283871,743.032,"2016_yk_102a","Yukon",2016,0.719619510935617,0.720015984447761,1001,643.729730958335,761.494227447731
710,372.04,0.719518668869242,0.566917735653503,744.08,"2016_yk_102a","Yukon",2016,0.719572637819182,0.720015984447761,1001,643.729730958335,761.494227447731
711,372.564,0.718557177158507,0.579690549908758,745.128,"2016_yk_102a","Yukon",2016,0.719567044841403,0.720015984447761,1001,643.729730958335,761.494227447731
712,373.088,0.716437970064663,0.580289276853525,746.176,"2016_yk_102a","Yukon",2016,0.719558405727929,0.720015984447761,1001,643.729730958335,761.494227447731
713,373.612,0.719835635928841,0.57894956800532,747.224,"2016_yk_102a","Yukon",2016,0.71956188836615,0.720015984447761,1001,643.729730958335,761.494227447731
714,374.136,0.71786498462678,0.578356967893742,748.272,"2016_yk_102a","Yukon",2016,0.719548384747648,0.720015984447761,1001,643.729730958335,761.494227447731
715,374.66,0.720766736615318,0.591619152788956,749.32,"2016_yk_102a","Yukon",2016,0.719516693910782,0.720015984447761,1001,643.729730958335,761.494227447731
716,375.184,0.719811649514229,0.595704758074887,750.368,"2016_yk_102a","Yukon",2016,0.719481224067901,0.720015984447761,1001,643.729730958335,761.494227447731
717,375.708,0.719707432428659,0.584186377399704,751.416,"2016_yk_102a","Yukon",2016,0.719445302115549,0.720015984447761,1001,643.729730958335,761.494227447731
718,376.232,0.720448800594788,0.591352568998725,752.464,"2016_yk_102a","Yukon",2016,0.719432223028544,0.720015984447761,1001,643.729730958335,761.494227447731
719,376.756,0.720498246626853,0.590061938823158,753.512,"2016_yk_102a","Yukon",2016,0.719439024937207,0.720015984447761,1001,643.729730958335,761.494227447731
720,377.28,0.719962267918922,0.581004380330962,754.56,"2016_yk_102a","Yukon",2016,0.719446312447366,0.720015984447761,1001,643.729730958335,761.494227447731
721,377.804,0.718806198413359,0.590803586075031,755.608,"2016_yk_102a","Yukon",2016,0.719419525710439,0.720015984447761,1001,643.729730958335,761.494227447731
722,378.328,0.718917079186978,0.594663725051359,756.656,"2016_yk_102a","Yukon",2016,0.719469478910505,0.720015984447761,1001,643.729730958335,761.494227447731
723,378.852,0.720374060929478,0.593496524445093,757.704,"2016_yk_102a","Yukon",2016,0.719456870772506,0.720015984447761,1001,643.729730958335,761.494227447731
724,379.376,0.721117851324279,0.589957515717897,758.752,"2016_yk_102a","Yukon",2016,0.719347216472088,0.720015984447761,1001,643.729730958335,761.494227447731
725,379.9,0.71853163101343,0.577676715426905,759.8,"2016_yk_102a","Yukon",2016,0.719343504628807,0.720015984447761,1001,643.729730958335,761.494227447731
726,380.424,0.719086043945874,0.599688210950711,760.848,"2016_yk_102a","Yukon",2016,0.719322010932816,0.720015984447761,1001,643.729730958335,761.494227447731
727,380.948,0.719057033726288,0.597467795079319,761.896,"2016_yk_102a","Yukon",2016,0.719333669783444,0.720015984447761,1001,643.729730958335,761.494227447731
728,381.472,0.720254227083708,0.571685241217882,762.944,"2016_yk_102a","Yukon",2016,0.719292381312256,0.720015984447761,1001,643.729730958335,761.494227447731
729,381.996,0.719755337741189,0.567589593618137,763.992,"2016_yk_102a","Yukon",2016,0.719298426698386,0.720015984447761,1001,643.729730958335,761.494227447731
730,382.52,0.71880161001321,0.561097983181006,765.04,"2016_yk_102a","Yukon",2016,0.719317029655467,0.720015984447761,1001,643.729730958335,761.494227447731
731,383.044,0.719213215192185,0.555842825147597,766.088,"2016_yk_102a","Yukon",2016,0.719261820577384,0.720015984447761,1001,643.729730958335,761.494227447731
732,383.568,0.721171268607681,0.575607075833148,767.136,"2016_yk_102a","Yukon",2016,0.719267155965017,0.720015984447761,1001,643.729730958335,761.494227447731
733,384.092,0.720345570714157,0.596054420427445,768.184,"2016_yk_102a","Yukon",2016,0.719252140621512,0.720015984447761,1001,643.729730958335,761.494227447731
734,384.616,0.717440950034852,0.599652730802246,769.232,"2016_yk_102a","Yukon",2016,0.719194748643063,0.720015984447761,1001,643.729730958335,761.494227447731
735,385.14,0.718084768602448,0.58688839570587,770.28,"2016_yk_102a","Yukon",2016,0.719124860672495,0.720015984447761,1001,643.729730958335,761.494227447731
736,385.664,0.718997751139682,0.594959230366352,771.328,"2016_yk_102a","Yukon",2016,0.719109323339378,0.720015984447761,1001,643.729730958335,761.494227447731
737,386.188,0.718475072196591,0.579733088268399,772.376,"2016_yk_102a","Yukon",2016,0.719081688290948,0.720015984447761,1001,643.729730958335,761.494227447731
738,386.712,0.721160536036879,0.563100390929027,773.424,"2016_yk_102a","Yukon",2016,0.719049188231696,0.720015984447761,1001,643.729730958335,761.494227447731
739,387.236,0.719259157544598,0.582315059685318,774.472,"2016_yk_102a","Yukon",2016,0.719042972120391,0.720015984447761,1001,643.729730958335,761.494227447731
740,387.76,0.718947935989478,0.588445300300708,775.52,"2016_yk_102a","Yukon",2016,0.719029383663249,0.720015984447761,1001,643.729730958335,761.494227447731
741,388.284,0.719079137782572,0.595008487823509,776.568,"2016_yk_102a","Yukon",2016,0.719025660822996,0.720015984447761,1001,643.729730958335,761.494227447731
742,388.808,0.719482194814128,0.583974196732265,777.616,"2016_yk_102a","Yukon",2016,0.719093173960592,0.720015984447761,1001,643.729730958335,761.494227447731
743,389.332,0.720496523020984,0.578640391098456,778.664,"2016_yk_102a","Yukon",2016,0.719066562100492,0.720015984447761,1001,643.729730958335,761.494227447731
744,389.856,0.719243277378694,0.586491718130768,779.712,"2016_yk_102a","Yukon",2016,0.719080068342922,0.720015984447761,1001,643.729730958335,761.494227447731
745,390.38,0.718393429551432,0.583988300141886,780.76,"2016_yk_102a","Yukon",2016,0.719027332226968,0.720015984447761,1001,643.729730958335,761.494227447731
746,390.904,0.71909189457373,0.56448351109353,781.808,"2016_yk_102a","Yukon",2016,0.718985662044736,0.720015984447761,1001,643.729730958335,761.494227447731
747,391.428,0.718658535772951,0.585452591260488,782.856,"2016_yk_102a","Yukon",2016,0.718947395976588,0.720015984447761,1001,643.729730958335,761.494227447731
748,391.952,0.716443642264328,0.590318732769957,783.904,"2016_yk_102a","Yukon",2016,0.718891053302745,0.720015984447761,1001,643.729730958335,761.494227447731
749,392.476,0.71925332770559,0.589570302667275,784.952,"2016_yk_102a","Yukon",2016,0.718826925702608,0.720015984447761,1001,643.729730958335,761.494227447731
750,393,0.71999156857391,0.572489843405045,786,"2016_yk_102a","Yukon",2016,0.718778240305097,0.720015984447761,1001,643.729730958335,761.494227447731
751,393.524,0.717452670773002,0.574322760518195,787.048,"2016_yk_102a","Yukon",2016,0.718763743408396,0.720015984447761,1001,643.729730958335,761.494227447731
752,394.048,0.720805160970609,0.596981557228573,788.096,"2016_yk_102a","Yukon",2016,0.718747560819537,0.720015984447761,1001,643.729730958335,761.494227447731
753,394.572,0.719817195077153,0.592794992171469,789.144,"2016_yk_102a","Yukon",2016,0.718679830733118,0.720015984447761,1001,643.729730958335,761.494227447731
754,395.096,0.716070531528333,0.597218340539655,790.192,"2016_yk_102a","Yukon",2016,0.718629138188971,0.720015984447761,1001,643.729730958335,761.494227447731
755,395.62,0.719577534326726,0.605230569197963,791.24,"2016_yk_102a","Yukon",2016,0.718610354431494,0.720015984447761,1001,643.729730958335,761.494227447731
756,396.144,0.718176610188905,0.614506221151765,792.288,"2016_yk_102a","Yukon",2016,0.718576357413315,0.720015984447761,1001,643.729730958335,761.494227447731
757,396.668,0.720440151909919,0.596641203070154,793.336,"2016_yk_102a","Yukon",2016,0.718544545917583,0.720015984447761,1001,643.729730958335,761.494227447731
758,397.192,0.718210022486867,0.596533318633272,794.384,"2016_yk_102a","Yukon",2016,0.718474326815905,0.720015984447761,1001,643.729730958335,761.494227447731
759,397.716,0.718622844094605,0.604458443245059,795.432,"2016_yk_102a","Yukon",2016,0.718429785595471,0.720015984447761,1001,643.729730958335,761.494227447731
760,398.24,0.719517290239702,0.605262699597421,796.48,"2016_yk_102a","Yukon",2016,0.718409578609365,0.720015984447761,1001,643.729730958335,761.494227447731
761,398.764,0.718640870233158,0.582915656056139,797.528,"2016_yk_102a","Yukon",2016,0.718384165647562,0.720015984447761,1001,643.729730958335,761.494227447731
762,399.288,0.720576313946477,0.593456241939269,798.576,"2016_yk_102a","Yukon",2016,0.718287519792886,0.720015984447761,1001,643.729730958335,761.494227447731
763,399.812,0.717763927950689,0.609466811147716,799.624,"2016_yk_102a","Yukon",2016,0.71824536489752,0.720015984447761,1001,643.729730958335,761.494227447731
764,400.336,0.717979801793107,0.605566432975375,800.672,"2016_yk_102a","Yukon",2016,0.718289967435913,0.720015984447761,1001,643.729730958335,761.494227447731
765,400.86,0.715366527301698,0.5871937334938,801.72,"2016_yk_102a","Yukon",2016,0.718278004210512,0.720015984447761,1001,643.729730958335,761.494227447731
766,401.384,0.717802249487123,0.590029382477345,802.768,"2016_yk_102a","Yukon",2016,0.718255020165138,0.720015984447761,1001,643.729730958335,761.494227447731
767,401.908,0.718201510609253,0.608626174739681,803.816,"2016_yk_102a","Yukon",2016,0.718239727332079,0.720015984447761,1001,643.729730958335,761.494227447731
768,402.432,0.717852376112495,0.610066139142745,804.864,"2016_yk_102a","Yukon",2016,0.718162582397683,0.720015984447761,1001,643.729730958335,761.494227447731
769,402.956,0.718364336972158,0.601681785958275,805.912,"2016_yk_102a","Yukon",2016,0.718125128901594,0.720015984447761,1001,643.729730958335,761.494227447731
770,403.48,0.718703361440708,0.619041123887489,806.96,"2016_yk_102a","Yukon",2016,0.718096577097246,0.720015984447761,1001,643.729730958335,761.494227447731
771,404.004,0.718333806743377,0.615677308806321,808.008,"2016_yk_102a","Yukon",2016,0.718113364726266,0.720015984447761,1001,643.729730958335,761.494227447731
772,404.528,0.720488758320408,0.593738553432778,809.056,"2016_yk_102a","Yukon",2016,0.718095114509155,0.720015984447761,1001,643.729730958335,761.494227447731
773,405.052,0.71823892432283,0.572519449713379,810.104,"2016_yk_102a","Yukon",2016,0.718033165252801,0.720015984447761,1001,643.729730958335,761.494227447731
774,405.576,0.718675359172604,0.597904610376915,811.152,"2016_yk_102a","Yukon",2016,0.717956050465178,0.720015984447761,1001,643.729730958335,761.494227447731
775,406.1,0.71760256965805,0.610705396660857,812.2,"2016_yk_102a","Yukon",2016,0.717932127966886,0.720015984447761,1001,643.729730958335,761.494227447731
776,406.624,0.717311438580316,0.59286547810793,813.248,"2016_yk_102a","Yukon",2016,0.717912132703923,0.720015984447761,1001,643.729730958335,761.494227447731
777,407.148,0.717411468339787,0.587972595788389,814.296,"2016_yk_102a","Yukon",2016,0.717880750578201,0.720015984447761,1001,643.729730958335,761.494227447731
778,407.672,0.717068240164188,0.596638737039637,815.344,"2016_yk_102a","Yukon",2016,0.717870120239564,0.720015984447761,1001,643.729730958335,761.494227447731
779,408.196,0.716650590618612,0.603308863005379,816.392,"2016_yk_102a","Yukon",2016,0.717834672460311,0.720015984447761,1001,643.729730958335,761.494227447731
780,408.72,0.717041144068311,0.595520260740328,817.44,"2016_yk_102a","Yukon",2016,0.717827358080047,0.720015984447761,1001,643.729730958335,761.494227447731
781,409.244,0.717936384611282,0.603866614541996,818.488,"2016_yk_102a","Yukon",2016,0.717838298492303,0.720015984447761,1001,643.729730958335,761.494227447731
782,409.768,0.717946123855461,0.609729602257987,819.536,"2016_yk_102a","Yukon",2016,0.717783681897812,0.720015984447761,1001,643.729730958335,761.494227447731
783,410.292,0.716310255744291,0.609888726593188,820.584,"2016_yk_102a","Yukon",2016,0.717750652619839,0.720015984447761,1001,643.729730958335,761.494227447731
784,410.816,0.718076298675508,0.597242667939058,821.632,"2016_yk_102a","Yukon",2016,0.717738602338606,0.720015984447761,1001,643.729730958335,761.494227447731
785,411.34,0.717404605564768,0.599757939989067,822.68,"2016_yk_102a","Yukon",2016,0.717695631456696,0.720015984447761,1001,643.729730958335,761.494227447731
786,411.864,0.717046222855184,0.605218211563916,823.728,"2016_yk_102a","Yukon",2016,0.717656298080337,0.720015984447761,1001,643.729730958335,761.494227447731
787,412.388,0.717148343982312,0.615204153233205,824.776,"2016_yk_102a","Yukon",2016,0.717598803081512,0.720015984447761,1001,643.729730958335,761.494227447731
788,412.912,0.716041080983028,0.602360772766118,825.824,"2016_yk_102a","Yukon",2016,0.717593965047557,0.720015984447761,1001,643.729730958335,761.494227447731
789,413.436,0.717082864515197,0.609449169832004,826.872,"2016_yk_102a","Yukon",2016,0.717562347517612,0.720015984447761,1001,643.729730958335,761.494227447731
790,413.96,0.717589190846854,0.609812567379121,827.92,"2016_yk_102a","Yukon",2016,0.717512774869189,0.720015984447761,1001,643.729730958335,761.494227447731
791,414.484,0.717688437483957,0.634585808692609,828.968,"2016_yk_102a","Yukon",2016,0.717488878691489,0.720015984447761,1001,643.729730958335,761.494227447731
792,415.008,0.715372517327155,0.613476609075879,830.016,"2016_yk_102a","Yukon",2016,0.717402734757591,0.720015984447761,1001,643.729730958335,761.494227447731
793,415.532,0.717816276992186,0.608685870754237,831.064,"2016_yk_102a","Yukon",2016,0.717381774703036,0.720015984447761,1001,643.729730958335,761.494227447731
794,416.056,0.720117102338441,0.623782777633326,832.112,"2016_yk_102a","Yukon",2016,0.717345194593859,0.720015984447761,1001,643.729730958335,761.494227447731
795,416.58,0.717366975078368,0.639707044194769,833.16,"2016_yk_102a","Yukon",2016,0.717361241752309,0.720015984447761,1001,643.729730958335,761.494227447731
796,417.104,0.717618708417225,0.631209456686029,834.208,"2016_yk_102a","Yukon",2016,0.717339605234949,0.720015984447761,1001,643.729730958335,761.494227447731
797,417.628,0.717557502213054,0.628809531630077,835.256,"2016_yk_102a","Yukon",2016,0.717329097766273,0.720015984447761,1001,643.729730958335,761.494227447731
798,418.152,0.716531839973177,0.638170829070155,836.304,"2016_yk_102a","Yukon",2016,0.717311847755497,0.720015984447761,1001,643.729730958335,761.494227447731
799,418.676,0.717011947779239,0.623446834003127,837.352,"2016_yk_102a","Yukon",2016,0.717270015137387,0.720015984447761,1001,643.729730958335,761.494227447731
800,419.2,0.717234827728558,0.614403223288557,838.4,"2016_yk_102a","Yukon",2016,0.717199775467884,0.720015984447761,1001,643.729730958335,761.494227447731
801,419.724,0.720086395523787,0.612663729130829,839.448,"2016_yk_102a","Yukon",2016,0.717148145142517,0.720015984447761,1001,643.729730958335,761.494227447731
802,420.248,0.718387181787458,0.627976861937885,840.496,"2016_yk_102a","Yukon",2016,0.717084351514923,0.720015984447761,1001,643.729730958335,761.494227447731
803,420.772,0.71677956763978,0.62117567631352,841.544,"2016_yk_102a","Yukon",2016,0.717042933667735,0.720015984447761,1001,643.729730958335,761.494227447731
804,421.296,0.7146163901213,0.609976346169313,842.592,"2016_yk_102a","Yukon",2016,0.716986314983789,0.720015984447761,1001,643.729730958335,761.494227447731
805,421.82,0.716958079653938,0.607761729067156,843.64,"2016_yk_102a","Yukon",2016,0.716948158274824,0.720015984447761,1001,643.729730958335,761.494227447731
806,422.344,0.717892178795916,0.629626193178968,844.688,"2016_yk_102a","Yukon",2016,0.716904157390667,0.720015984447761,1001,643.729730958335,761.494227447731
807,422.868,0.716775608229664,0.627298274242034,845.736,"2016_yk_102a","Yukon",2016,0.716891736209375,0.720015984447761,1001,643.729730958335,761.494227447731
808,423.392,0.715805821946055,0.624863671085965,846.784,"2016_yk_102a","Yukon",2016,0.716875747855315,0.720015984447761,1001,643.729730958335,761.494227447731
809,423.916,0.717126460950427,0.628652995437396,847.832,"2016_yk_102a","Yukon",2016,0.716829838975427,0.720015984447761,1001,643.729730958335,761.494227447731
810,424.44,0.719552705758052,0.645875460112788,848.88,"2016_yk_102a","Yukon",2016,0.716809227222315,0.720015984447761,1001,643.729730958335,761.494227447731
811,424.964,0.718109095508375,0.617887357080943,849.928,"2016_yk_102a","Yukon",2016,0.716800415313599,0.720015984447761,1001,643.729730958335,761.494227447731
812,425.488,0.717528165301169,0.613229871285096,850.976,"2016_yk_102a","Yukon",2016,0.716757486739601,0.720015984447761,1001,643.729730958335,761.494227447731
813,426.012,0.717835438398745,0.628002105458807,852.024,"2016_yk_102a","Yukon",2016,0.716756907686482,0.720015984447761,1001,643.729730958335,761.494227447731
814,426.536,0.715347514654357,0.645196239148528,853.072,"2016_yk_102a","Yukon",2016,0.716717679492058,0.720015984447761,1001,643.729730958335,761.494227447731
815,427.06,0.716999281412148,0.627785837250624,854.12,"2016_yk_102a","Yukon",2016,0.716699436731933,0.720015984447761,1001,643.729730958335,761.494227447731
816,427.584,0.715816607607363,0.629585940855875,855.168,"2016_yk_102a","Yukon",2016,0.716665269357101,0.720015984447761,1001,643.729730958335,761.494227447731
817,428.108,0.716990451980426,0.645363264260831,856.216,"2016_yk_102a","Yukon",2016,0.716630666259511,0.720015984447761,1001,643.729730958335,761.494227447731
818,428.632,0.717919740449536,0.629349132475296,857.264,"2016_yk_102a","Yukon",2016,0.716631346045114,0.720015984447761,1001,643.729730958335,761.494227447731
819,429.156,0.716725792297914,0.623651189420045,858.312,"2016_yk_102a","Yukon",2016,0.7165811726609,0.720015984447761,1001,643.729730958335,761.494227447731
820,429.68,0.716542931334323,0.614377164879876,859.36,"2016_yk_102a","Yukon",2016,0.716542744325497,0.720015984447761,1001,643.729730958335,761.494227447731
821,430.204,0.717207099571151,0.64081174831442,860.408,"2016_yk_102a","Yukon",2016,0.716514572181307,0.720015984447761,1001,643.729730958335,761.494227447731
822,430.728,0.71540767791262,0.645353217038894,861.456,"2016_yk_102a","Yukon",2016,0.716532909913534,0.720015984447761,1001,643.729730958335,761.494227447731
823,431.252,0.716506324677382,0.652829543805723,862.504,"2016_yk_102a","Yukon",2016,0.716508251494113,0.720015984447761,1001,643.729730958335,761.494227447731
824,431.776,0.715784995242485,0.655979555506389,863.552,"2016_yk_102a","Yukon",2016,0.716480138070223,0.720015984447761,1001,643.729730958335,761.494227447731
825,432.3,0.716329356808691,0.659700673490525,864.6,"2016_yk_102a","Yukon",2016,0.71645890786244,0.720015984447761,1001,643.729730958335,761.494227447731
826,432.824,0.716504058445504,0.644309665371277,865.648,"2016_yk_102a","Yukon",2016,0.716424091751388,0.720015984447761,1001,643.729730958335,761.494227447731
827,433.348,0.717571062488743,0.656111924311361,866.696,"2016_yk_102a","Yukon",2016,0.71640386285369,0.720015984447761,1001,643.729730958335,761.494227447731
828,433.872,0.716817375465888,0.663682938785042,867.744,"2016_yk_102a","Yukon",2016,0.716396161908457,0.720015984447761,1001,643.729730958335,761.494227447731
829,434.396,0.715854379885564,0.663393758962907,868.792,"2016_yk_102a","Yukon",2016,0.716402942324262,0.720015984447761,1001,643.729730958335,761.494227447731
830,434.92,0.714488981270566,0.647933369223499,869.84,"2016_yk_102a","Yukon",2016,0.71638321367544,0.720015984447761,1001,643.729730958335,761.494227447731
831,435.444,0.71523598722133,0.66573225639665,870.888,"2016_yk_102a","Yukon",2016,0.716306021117636,0.720015984447761,1001,643.729730958335,761.494227447731
832,435.968,0.716661140664753,0.677176645432992,871.936,"2016_yk_102a","Yukon",2016,0.716260200081185,0.720015984447761,1001,643.729730958335,761.494227447731
833,436.492,0.715753853491537,0.661023622031451,872.984,"2016_yk_102a","Yukon",2016,0.716270153193388,0.720015984447761,1001,643.729730958335,761.494227447731
834,437.016,0.715278238135867,0.665276182832133,874.032,"2016_yk_102a","Yukon",2016,0.716304348246974,0.720015984447761,1001,643.729730958335,761.494227447731
835,437.54,0.715313167120154,0.679481333409405,875.08,"2016_yk_102a","Yukon",2016,0.716245969713047,0.720015984447761,1001,643.729730958335,761.494227447731
836,438.064,0.714671385530872,0.690609054825709,876.128,"2016_yk_102a","Yukon",2016,0.716220106496622,0.720015984447761,1001,643.729730958335,761.494227447731
837,438.588,0.716666197462292,0.679710653577247,877.176,"2016_yk_102a","Yukon",2016,0.716209747043752,0.720015984447761,1001,643.729730958335,761.494227447731
838,439.112,0.716108938920584,0.666873917192376,878.224,"2016_yk_102a","Yukon",2016,0.716233626744292,0.720015984447761,1001,643.729730958335,761.494227447731
839,439.636,0.71389605782536,0.669916177090438,879.272,"2016_yk_102a","Yukon",2016,0.716223509729696,0.720015984447761,1001,643.729730958335,761.494227447731
840,440.16,0.715804438881578,0.667130847082158,880.32,"2016_yk_102a","Yukon",2016,0.716181266001993,0.720015984447761,1001,643.729730958335,761.494227447731
841,440.684,0.717407670088305,0.647742073998906,881.368,"2016_yk_102a","Yukon",2016,0.716125792915488,0.720015984447761,1001,643.729730958335,761.494227447731
842,441.208,0.715370409415595,0.655577487714971,882.416,"2016_yk_102a","Yukon",2016,0.716126232270435,0.720015984447761,1001,643.729730958335,761.494227447731
843,441.732,0.71627551255716,0.665607397397593,883.464,"2016_yk_102a","Yukon",2016,0.716102369356848,0.720015984447761,1001,643.729730958335,761.494227447731
844,442.256,0.71572260701005,0.664819093310333,884.512,"2016_yk_102a","Yukon",2016,0.716136966937566,0.720015984447761,1001,643.729730958335,761.494227447731
845,442.78,0.716310039957258,0.649788392365172,885.56,"2016_yk_102a","Yukon",2016,0.716091081075479,0.720015984447761,1001,643.729730958335,761.494227447731
846,443.304,0.714996180365288,0.65937818805207,886.608,"2016_yk_102a","Yukon",2016,0.716099170844791,0.720015984447761,1001,643.729730958335,761.494227447731
847,443.828,0.715072158126902,0.653770966681158,887.656,"2016_yk_102a","Yukon",2016,0.716118383764328,0.720015984447761,1001,643.729730958335,761.494227447731
848,444.352,0.716081868119187,0.663688628200791,888.704,"2016_yk_102a","Yukon",2016,0.716101327010659,0.720015984447761,1001,643.729730958335,761.494227447731
849,444.876,0.714072461462369,0.642958201002166,889.752,"2016_yk_102a","Yukon",2016,0.716087292551199,0.720015984447761,1001,643.729730958335,761.494227447731
850,445.4,0.715283490722659,0.644974304334898,890.8,"2016_yk_102a","Yukon",2016,0.716104781656982,0.720015984447761,1001,643.729730958335,761.494227447731
851,445.924,0.715998108832592,0.635226275337979,891.848,"2016_yk_102a","Yukon",2016,0.716076525873474,0.720015984447761,1001,643.729730958335,761.494227447731
852,446.448,0.716472781260737,0.648896549112145,892.896,"2016_yk_102a","Yukon",2016,0.716111276093914,0.720015984447761,1001,643.729730958335,761.494227447731
853,446.972,0.716336771826943,0.643244056406248,893.944,"2016_yk_102a","Yukon",2016,0.716104934242848,0.720015984447761,1001,643.729730958335,761.494227447731
854,447.496,0.718430296905077,0.644375235698562,894.992,"2016_yk_102a","Yukon",2016,0.716109437107067,0.720015984447761,1001,643.729730958335,761.494227447731
855,448.02,0.716093162611331,0.653313872336157,896.04,"2016_yk_102a","Yukon",2016,0.716149488388577,0.720015984447761,1001,643.729730958335,761.494227447731
856,448.544,0.715529741754158,0.659411947524597,897.088,"2016_yk_102a","Yukon",2016,0.716147476585286,0.720015984447761,1001,643.729730958335,761.494227447731
857,449.068,0.716343768351143,0.662036878411977,898.136,"2016_yk_102a","Yukon",2016,0.716159393454747,0.720015984447761,1001,643.729730958335,761.494227447731
858,449.592,0.716069783259222,0.65795224223227,899.184,"2016_yk_102a","Yukon",2016,0.716142243043717,0.720015984447761,1001,643.729730958335,761.494227447731
859,450.116,0.717418772727511,0.66576766159175,900.232,"2016_yk_102a","Yukon",2016,0.716151872710104,0.720015984447761,1001,643.729730958335,761.494227447731
860,450.64,0.716051108799257,0.662907510150015,901.28,"2016_yk_102a","Yukon",2016,0.71624364829374,0.720015984447761,1001,643.729730958335,761.494227447731
861,451.164,0.715454842055559,0.661230550849506,902.328,"2016_yk_102a","Yukon",2016,0.716261778053067,0.720015984447761,1001,643.729730958335,761.494227447731
862,451.688,0.715637919600368,0.660914326109402,903.376,"2016_yk_102a","Yukon",2016,0.716289154559357,0.720015984447761,1001,643.729730958335,761.494227447731
863,452.212,0.717376754371962,0.66760813448812,904.424,"2016_yk_102a","Yukon",2016,0.716322076273705,0.720015984447761,1001,643.729730958335,761.494227447731
864,452.736,0.716668093336479,0.660192757068245,905.472,"2016_yk_102a","Yukon",2016,0.716366048438387,0.720015984447761,1001,643.729730958335,761.494227447731
865,453.26,0.713455367618306,0.66429816916545,906.52,"2016_yk_102a","Yukon",2016,0.716365683370424,0.720015984447761,1001,643.729730958335,761.494227447731
866,453.784,0.716340385810445,0.668785311027492,907.568,"2016_yk_102a","Yukon",2016,0.716416371063561,0.720015984447761,1001,643.729730958335,761.494227447731
867,454.308,0.71615404105744,0.672445191576621,908.616,"2016_yk_102a","Yukon",2016,0.716422675839835,0.720015984447761,1001,643.729730958335,761.494227447731
868,454.832,0.717238603978435,0.651182644529683,909.664,"2016_yk_102a","Yukon",2016,0.716460375408803,0.720015984447761,1001,643.729730958335,761.494227447731
869,455.356,0.716519440074666,0.660375559493172,910.712,"2016_yk_102a","Yukon",2016,0.716546118531355,0.720015984447761,1001,643.729730958335,761.494227447731
870,455.88,0.717018082095896,0.654669818717348,911.76,"2016_yk_102a","Yukon",2016,0.716566469174424,0.720015984447761,1001,643.729730958335,761.494227447731
871,456.404,0.714780710318039,0.663558409908557,912.808,"2016_yk_102a","Yukon",2016,0.716593832347946,0.720015984447761,1001,643.729730958335,761.494227447731
872,456.928,0.717554526598046,0.652588075694962,913.856,"2016_yk_102a","Yukon",2016,0.716643761262561,0.720015984447761,1001,643.729730958335,761.494227447731
873,457.452,0.71640366358353,0.660705235911854,914.904,"2016_yk_102a","Yukon",2016,0.716665790935853,0.720015984447761,1001,643.729730958335,761.494227447731
874,457.976,0.717423369497425,0.657429084968217,915.952,"2016_yk_102a","Yukon",2016,0.716728466065578,0.720015984447761,1001,643.729730958335,761.494227447731
875,458.5,0.714246129686894,0.644797285552104,917,"2016_yk_102a","Yukon",2016,0.716813805373968,0.720015984447761,1001,643.729730958335,761.494227447731
876,459.024,0.716301993766077,0.6399318562733,918.048,"2016_yk_102a","Yukon",2016,0.716910699746993,0.720015984447761,1001,643.729730958335,761.494227447731
877,459.548,0.718143227152652,0.63548939910124,919.096,"2016_yk_102a","Yukon",2016,0.716988715218878,0.720015984447761,1001,643.729730958335,761.494227447731
878,460.072,0.716896335229383,0.64961035292249,920.144,"2016_yk_102a","Yukon",2016,0.717080829463343,0.720015984447761,1001,643.729730958335,761.494227447731
879,460.596,0.715883724730346,0.652704554149237,921.192,"2016_yk_102a","Yukon",2016,0.71715858912713,0.720015984447761,1001,643.729730958335,761.494227447731
880,461.12,0.717592277681306,0.658697818435504,922.24,"2016_yk_102a","Yukon",2016,0.71722012700847,0.720015984447761,1001,643.729730958335,761.494227447731
881,461.644,0.715511752560698,0.669134579098328,923.288,"2016_yk_102a","Yukon",2016,0.717331852945736,0.720015984447761,1001,643.729730958335,761.494227447731
882,462.168,0.717492691138976,0.684411086824244,924.336,"2016_yk_102a","Yukon",2016,0.717413068464759,0.720015984447761,1001,643.729730958335,761.494227447731
883,462.692,0.716125813613454,0.668016876904751,925.384,"2016_yk_102a","Yukon",2016,0.717480790488058,0.720015984447761,1001,643.729730958335,761.494227447731
884,463.216,0.7160551670956,0.679624455105289,926.432,"2016_yk_102a","Yukon",2016,0.71751381046417,0.720015984447761,1001,643.729730958335,761.494227447731
885,463.74,0.718732433699294,0.673797466740594,927.48,"2016_yk_102a","Yukon",2016,0.717568471932994,0.720015984447761,1001,643.729730958335,761.494227447731
886,464.264,0.716383350248025,0.657555288398551,928.528,"2016_yk_102a","Yukon",2016,0.717638165281896,0.720015984447761,1001,643.729730958335,761.494227447731
887,464.788,0.718286074656404,0.664449333130869,929.576,"2016_yk_102a","Yukon",2016,0.717693742860128,0.720015984447761,1001,643.729730958335,761.494227447731
888,465.312,0.715788350804082,0.665065551878456,930.624,"2016_yk_102a","Yukon",2016,0.717766042840953,0.720015984447761,1001,643.729730958335,761.494227447731
889,465.836,0.716432159868829,0.669257692233282,931.672,"2016_yk_102a","Yukon",2016,0.717817179078627,0.720015984447761,1001,643.729730958335,761.494227447731
890,466.36,0.719995516288693,0.664547061261535,932.72,"2016_yk_102a","Yukon",2016,0.717874303333336,0.720015984447761,1001,643.729730958335,761.494227447731
891,466.884,0.716323772780973,0.657924823122653,933.768,"2016_yk_102a","Yukon",2016,0.71794983876616,0.720015984447761,1001,643.729730958335,761.494227447731
892,467.408,0.718303731042115,0.67652058678398,934.816,"2016_yk_102a","Yukon",2016,0.718046520577012,0.720015984447761,1001,643.729730958335,761.494227447731
893,467.932,0.717729156352467,0.673416648464304,935.864,"2016_yk_102a","Yukon",2016,0.718097334345764,0.720015984447761,1001,643.729730958335,761.494227447731
894,468.456,0.717916568016777,0.676131364873398,936.912,"2016_yk_102a","Yukon",2016,0.718186471902954,0.720015984447761,1001,643.729730958335,761.494227447731
895,468.98,0.715291263042392,0.663575792679088,937.96,"2016_yk_102a","Yukon",2016,0.71833308090224,0.720015984447761,1001,643.729730958335,761.494227447731
896,469.504,0.717712647119077,0.670422925914463,939.008,"2016_yk_102a","Yukon",2016,0.718420499409816,0.720015984447761,1001,643.729730958335,761.494227447731
897,470.028,0.717044484038696,0.673450255020722,940.056,"2016_yk_102a","Yukon",2016,0.718513417222215,0.720015984447761,1001,643.729730958335,761.494227447731
898,470.552,0.718370913058681,0.666580976515636,941.104,"2016_yk_102a","Yukon",2016,0.718603599156338,0.720015984447761,1001,643.729730958335,761.494227447731
899,471.076,0.719040645178509,0.660388820753977,942.152,"2016_yk_102a","Yukon",2016,0.718700671273614,0.720015984447761,1001,643.729730958335,761.494227447731
900,471.6,0.717025477465714,0.653140652532381,943.2,"2016_yk_102a","Yukon",2016,0.71878918368097,0.720015984447761,1001,643.729730958335,761.494227447731
901,472.124,0.719049460499605,0.664690978247004,944.248,"2016_yk_102a","Yukon",2016,0.71894791089996,0.720015984447761,1001,643.729730958335,761.494227447731
902,472.648,0.718366144292492,0.650978577116915,945.296,"2016_yk_102a","Yukon",2016,0.719046548382334,0.720015984447761,1001,643.729730958335,761.494227447731
903,473.172,0.717597292954674,0.660160556145377,946.344,"2016_yk_102a","Yukon",2016,0.719160898904329,0.720015984447761,1001,643.729730958335,761.494227447731
904,473.696,0.719483114793553,0.659633771817258,947.392,"2016_yk_102a","Yukon",2016,0.719246327130135,0.720015984447761,1001,643.729730958335,761.494227447731
905,474.22,0.721430398460664,0.660342722656758,948.44,"2016_yk_102a","Yukon",2016,0.71941081911415,0.720015984447761,1001,643.729730958335,761.494227447731
906,474.744,0.720809842746802,0.647077311218537,949.488,"2016_yk_102a","Yukon",2016,0.719542392536178,0.720015984447761,1001,643.729730958335,761.494227447731
907,475.268,0.719753086440018,0.643776439475478,950.536,"2016_yk_102a","Yukon",2016,0.719648162615403,0.720015984447761,1001,643.729730958335,761.494227447731
908,475.792,0.721608722787035,0.642506036849053,951.584,"2016_yk_102a","Yukon",2016,0.719703231373774,0.720015984447761,1001,643.729730958335,761.494227447731
909,476.316,0.718738041289615,0.64708453168688,952.632,"2016_yk_102a","Yukon",2016,0.719832434377279,0.720015984447761,1001,643.729730958335,761.494227447731
910,476.84,0.718975763603037,0.62889217282714,953.68,"2016_yk_102a","Yukon",2016,0.719927690663619,0.720015984447761,1001,643.729730958335,761.494227447731
911,477.364,0.722701665068545,0.632566573994074,954.728,"2016_yk_102a","Yukon",2016,0.72001932193372,0.720015984447761,1001,643.729730958335,761.494227447731
912,477.888,0.721345712402149,0.617262269920297,955.776,"2016_yk_102a","Yukon",2016,0.720115360764076,0.720015984447761,1001,643.729730958335,761.494227447731
913,478.412,0.72040009322487,0.613126354536275,956.824,"2016_yk_102a","Yukon",2016,0.720230860194302,0.720015984447761,1001,643.729730958335,761.494227447731
914,478.936,0.720411495471817,0.605173416127294,957.872,"2016_yk_102a","Yukon",2016,0.720353229999767,0.720015984447761,1001,643.729730958335,761.494227447731
915,479.46,0.719372850740766,0.615179320418513,958.92,"2016_yk_102a","Yukon",2016,0.720430181284515,0.720015984447761,1001,643.729730958335,761.494227447731
916,479.984,0.71971134268828,0.619211183381057,959.968,"2016_yk_102a","Yukon",2016,0.720515392256445,0.720015984447761,1001,643.729730958335,761.494227447731
917,480.508,0.719678423045075,0.618422630126736,961.016,"2016_yk_102a","Yukon",2016,0.720626609734984,0.720015984447761,1001,643.729730958335,761.494227447731
918,481.032,0.720407782108672,0.614483573332344,962.064,"2016_yk_102a","Yukon",2016,0.72076762447502,0.720015984447761,1001,643.729730958335,761.494227447731
919,481.556,0.720486946987995,0.614018294385721,963.112,"2016_yk_102a","Yukon",2016,0.720916410241456,0.720015984447761,1001,643.729730958335,761.494227447731
920,482.08,0.719478564081795,0.617340816318282,964.16,"2016_yk_102a","Yukon",2016,0.720982379345367,0.720015984447761,1001,643.729730958335,761.494227447731
921,482.604,0.719986968025008,0.61726475352839,965.208,"2016_yk_102a","Yukon",2016,0.721119776599411,0.720015984447761,1001,643.729730958335,761.494227447731
922,483.128,0.72143882825149,0.618710395253402,966.256,"2016_yk_102a","Yukon",2016,0.721178108744456,0.720015984447761,1001,643.729730958335,761.494227447731
923,483.652,0.720425580497023,0.614125293818177,967.304,"2016_yk_102a","Yukon",2016,0.721282221990691,0.720015984447761,1001,643.729730958335,761.494227447731
924,484.176,0.722016346767901,0.60955873556298,968.352,"2016_yk_102a","Yukon",2016,0.721344232107793,0.720015984447761,1001,643.729730958335,761.494227447731
925,484.7,0.722251907575487,0.588445914714387,969.4,"2016_yk_102a","Yukon",2016,0.721479689621497,0.720015984447761,1001,643.729730958335,761.494227447731
926,485.224,0.72158549626501,0.594398135763848,970.448,"2016_yk_102a","Yukon",2016,0.721564361103228,0.720015984447761,1001,643.729730958335,761.494227447731
927,485.748,0.721729109801361,0.596594657537571,971.496,"2016_yk_102a","Yukon",2016,0.72167806508917,0.720015984447761,1001,643.729730958335,761.494227447731
928,486.272,0.722649520025812,0.606712484643403,972.544,"2016_yk_102a","Yukon",2016,0.721745443404578,0.720015984447761,1001,643.729730958335,761.494227447731
929,486.796,0.722343767111244,0.59685163734481,973.592,"2016_yk_102a","Yukon",2016,0.721799884255294,0.720015984447761,1001,643.729730958335,761.494227447731
930,487.32,0.72232882653726,0.611564429245947,974.64,"2016_yk_102a","Yukon",2016,0.721887574400741,0.720015984447761,1001,643.729730958335,761.494227447731
931,487.844,0.724304343457434,0.600496804831863,975.688,"2016_yk_102a","Yukon",2016,0.721947561072887,0.720015984447761,1001,643.729730958335,761.494227447731
932,488.368,0.723472775540459,0.586878576998296,976.736,"2016_yk_102a","Yukon",2016,0.722055590104637,0.720015984447761,1001,643.729730958335,761.494227447731
933,488.892,0.723264694903247,0.575982597824636,977.784,"2016_yk_102a","Yukon",2016,0.722133963339366,0.720015984447761,1001,643.729730958335,761.494227447731
934,489.416,0.722549063045753,0.582251371881816,978.832,"2016_yk_102a","Yukon",2016,0.722225325265097,0.720015984447761,1001,643.729730958335,761.494227447731
935,489.94,0.724115648727821,0.598434654902889,979.88,"2016_yk_102a","Yukon",2016,0.722233711184526,0.720015984447761,1001,643.729730958335,761.494227447731
936,490.464,0.724196399087765,0.596804844754739,980.928,"2016_yk_102a","Yukon",2016,0.722257266502137,0.720015984447761,1001,643.729730958335,761.494227447731
937,490.988,0.724489431906157,0.59306578201284,981.976,"2016_yk_102a","Yukon",2016,0.722328053356402,0.720015984447761,1001,643.729730958335,761.494227447731
938,491.512,0.720200460731646,0.596546264290395,983.024,"2016_yk_102a","Yukon",2016,0.722328663841138,0.720015984447761,1001,643.729730958335,761.494227447731
939,492.036,0.723635904940623,0.596826701609089,984.072,"2016_yk_102a","Yukon",2016,0.722369001947912,0.720015984447761,1001,643.729730958335,761.494227447731
940,492.56,0.723307654861701,0.591324591655959,985.12,"2016_yk_102a","Yukon",2016,0.722423041004695,0.720015984447761,1001,643.729730958335,761.494227447731
941,493.084,0.721009628766783,0.579109231518158,986.168,"2016_yk_102a","Yukon",2016,0.722447660103596,0.720015984447761,1001,643.729730958335,761.494227447731
942,493.608,0.723255020960315,0.586490184425206,987.216,"2016_yk_102a","Yukon",2016,0.722430842870911,0.720015984447761,1001,643.729730958335,761.494227447731
943,494.132,0.723055779427003,0.594099682260847,988.264,"2016_yk_102a","Yukon",2016,0.722450440102782,0.720015984447761,1001,643.729730958335,761.494227447731
944,494.656,0.723397355423531,0.571220163405627,989.312,"2016_yk_102a","Yukon",2016,0.722462051944593,0.720015984447761,1001,643.729730958335,761.494227447731
945,495.18,0.723349510784137,0.570184485826362,990.36,"2016_yk_102a","Yukon",2016,0.722503532319256,0.720015984447761,1001,643.729730958335,761.494227447731
946,495.704,0.721496008563859,0.571158877224121,991.408,"2016_yk_102a","Yukon",2016,0.722544486389953,0.720015984447761,1001,643.729730958335,761.494227447731
947,496.228,0.724959123368747,0.577054157768842,992.456,"2016_yk_102a","Yukon",2016,0.722557590032002,0.720015984447761,1001,643.729730958335,761.494227447731
948,496.752,0.724249235206267,0.565420529808485,993.504,"2016_yk_102a","Yukon",2016,0.722555875032086,0.720015984447761,1001,643.729730958335,761.494227447731
949,497.276,0.725359305854941,0.56223127719807,994.552,"2016_yk_102a","Yukon",2016,0.722610999072465,0.720015984447761,1001,643.729730958335,761.494227447731
950,497.8,0.723953662523347,0.577173445181268,995.6,"2016_yk_102a","Yukon",2016,0.722653107171477,0.720015984447761,1001,643.729730958335,761.494227447731
951,498.324,0.724567608023623,0.568236822852196,996.648,"2016_yk_102a","Yukon",2016,0.722713978996263,0.720015984447761,1001,643.729730958335,761.494227447731
952,498.848,0.721803659744816,0.550510035954023,997.696,"2016_yk_102a","Yukon",2016,0.722676501583815,0.720015984447761,1001,643.729730958335,761.494227447731
953,499.372,0.723975951126598,0.560867374179987,998.744,"2016_yk_102a","Yukon",2016,0.722704492893751,0.720015984447761,1001,643.729730958335,761.494227447731
954,499.896,0.721637175042888,0.554196608538006,999.792,"2016_yk_102a","Yukon",2016,0.722675669934066,0.720015984447761,1001,643.729730958335,761.494227447731
955,500.42,0.723418713864618,0.554421241301906,1000.84,"2016_yk_102a","Yukon",2016,0.722650441953052,0.720015984447761,1001,643.729730958335,761.494227447731
956,500.944,0.722792936022938,0.5474779244813,1001.888,"2016_yk_102a","Yukon",2016,0.722630564045637,0.720015984447761,1001,643.729730958335,761.494227447731
957,501.468,0.723866723195254,0.553989593500664,1002.936,"2016_yk_102a","Yukon",2016,0.722634533740133,0.720015984447761,1001,643.729730958335,761.494227447731
958,501.992,0.722413611983142,0.552898396476129,1003.984,"2016_yk_102a","Yukon",2016,0.722555101650405,0.720015984447761,1001,643.729730958335,761.494227447731
959,502.516,0.722307096221483,0.540130672859063,1005.032,"2016_yk_102a","Yukon",2016,0.722526052134347,0.720015984447761,1001,643.729730958335,761.494227447731
960,503.04,0.722286886192514,0.536389301190743,1006.08,"2016_yk_102a","Yukon",2016,0.722529345832202,0.720015984447761,1001,643.729730958335,761.494227447731
961,503.564,0.722648660828354,0.538061038619679,1007.128,"2016_yk_102a","Yukon",2016,0.722491093051447,0.720015984447761,1001,643.729730958335,761.494227447731
962,504.088,0.72484788619747,0.534601806607328,1008.176,"2016_yk_102a","Yukon",2016,0.72246957544381,0.720015984447761,1001,643.729730958335,761.494227447731
963,504.612,0.722299687038442,0.530616445401881,1009.224,"2016_yk_102a","Yukon",2016,0.722495234628568,0.720015984447761,1001,643.729730958335,761.494227447731
964,505.136,0.724964830337421,0.53181248712829,1010.272,"2016_yk_102a","Yukon",2016,0.722461655895298,0.720015984447761,1001,643.729730958335,761.494227447731
965,505.66,0.721933553626408,0.537353981184342,1011.32,"2016_yk_102a","Yukon",2016,0.722406300184058,0.720015984447761,1001,643.729730958335,761.494227447731
966,506.184,0.72222316180347,0.532901799899997,1012.368,"2016_yk_102a","Yukon",2016,0.722358208831135,0.720015984447761,1001,643.729730958335,761.494227447731
967,506.708,0.724000297695877,0.506189024910454,1013.416,"2016_yk_102a","Yukon",2016,0.722306073875568,0.720015984447761,1001,643.729730958335,761.494227447731
968,507.232,0.721645351871198,0.511998086896692,1014.464,"2016_yk_102a","Yukon",2016,0.72235898167846,0.720015984447761,1001,643.729730958335,761.494227447731
969,507.756,0.72115832769609,0.508194683296122,1015.512,"2016_yk_102a","Yukon",2016,0.722295968097557,0.720015984447761,1001,643.729730958335,761.494227447731
970,508.28,0.722218107010013,0.490662314686332,1016.56,"2016_yk_102a","Yukon",2016,0.72223740047428,0.720015984447761,1001,643.729730958335,761.494227447731
971,508.804,0.724178811002618,0.48723367513452,1017.608,"2016_yk_102a","Yukon",2016,0.722198675129267,0.720015984447761,1001,643.729730958335,761.494227447731
972,509.328,0.720336678441024,0.500083332943604,1018.656,"2016_yk_102a","Yukon",2016,0.722151269083144,0.720015984447761,1001,643.729730958335,761.494227447731
973,509.852,0.721575927137148,0.501306084580544,1019.704,"2016_yk_102a","Yukon",2016,0.72211280722271,0.720015984447761,1001,643.729730958335,761.494227447731
974,510.376,0.72110820598044,0.49945091690087,1020.752,"2016_yk_102a","Yukon",2016,0.722027292927719,0.720015984447761,1001,643.729730958335,761.494227447731
975,510.9,0.721861673220575,0.489140845194634,1021.8,"2016_yk_102a","Yukon",2016,0.721992923348455,0.720015984447761,1001,643.729730958335,761.494227447731
976,511.424,0.72216858693012,0.494583964259354,1022.848,"2016_yk_102a","Yukon",2016,0.721963611388404,0.720015984447761,1001,643.729730958335,761.494227447731
977,511.948,0.72046464156801,0.491652608346663,1023.896,"2016_yk_102a","Yukon",2016,0.721916744761578,0.720015984447761,1001,643.729730958335,761.494227447731
978,512.472,0.720304882113695,0.489663667923705,1024.944,"2016_yk_102a","Yukon",2016,0.721873196435301,0.720015984447761,1001,643.729730958335,761.494227447731
979,512.996,0.723794389410719,0.488502237437692,1025.992,"2016_yk_102a","Yukon",2016,0.721736550415997,0.720015984447761,1001,643.729730958335,761.494227447731
980,513.52,0.722005050022537,0.490350003149452,1027.04,"2016_yk_102a","Yukon",2016,0.721672690787379,0.720015984447761,1001,643.729730958335,761.494227447731
981,514.044,0.723639277512178,0.495610499526627,1028.088,"2016_yk_102a","Yukon",2016,0.721591632164029,0.720015984447761,1001,643.729730958335,761.494227447731
982,514.568,0.719190183504599,0.485911475436617,1029.136,"2016_yk_102a","Yukon",2016,0.721579200454587,0.720015984447761,1001,643.729730958335,761.494227447731
983,515.092,0.722105059093181,0.491489818641947,1030.184,"2016_yk_102a","Yukon",2016,0.721488217661057,0.720015984447761,1001,643.729730958335,761.494227447731
984,515.616,0.720286969186767,0.495707576149386,1031.232,"2016_yk_102a","Yukon",2016,0.721450449123257,0.720015984447761,1001,643.729730958335,761.494227447731
985,516.14,0.72073822871465,0.497967350359287,1032.28,"2016_yk_102a","Yukon",2016,0.721365781628672,0.720015984447761,1001,643.729730958335,761.494227447731
986,516.664,0.72039282182012,0.481889049928929,1033.328,"2016_yk_102a","Yukon",2016,0.721323597286956,0.720015984447761,1001,643.729730958335,761.494227447731
987,517.188,0.72196729147111,0.482873157894063,1034.376,"2016_yk_102a","Yukon",2016,0.721238703208442,0.720015984447761,1001,643.729730958335,761.494227447731
988,517.712,0.717883594642176,0.482425737213927,1035.424,"2016_yk_102a","Yukon",2016,0.721208357528908,0.720015984447761,1001,643.729730958335,761.494227447731
989,518.236,0.720600796147759,0.47897051681626,1036.472,"2016_yk_102a","Yukon",2016,0.721141886103512,0.720015984447761,1001,643.729730958335,761.494227447731
990,518.76,0.722526448408528,0.467610510820103,1037.52,"2016_yk_102a","Yukon",2016,0.721094736981279,0.720015984447761,1001,643.729730958335,761.494227447731
991,519.284,0.722009176612148,0.478779929857649,1038.568,"2016_yk_102a","Yukon",2016,0.721063299983617,0.720015984447761,1001,643.729730958335,761.494227447731
992,519.808,0.72218171908223,0.486102355889808,1039.616,"2016_yk_102a","Yukon",2016,0.720978898816414,0.720015984447761,1001,643.729730958335,761.494227447731
993,520.332,0.724804245988723,0.482127319738661,1040.664,"2016_yk_102a","Yukon",2016,0.720916336953258,0.720015984447761,1001,643.729730958335,761.494227447731
994,520.856,0.720534339049576,0.468523884930498,1041.712,"2016_yk_102a","Yukon",2016,0.720855098563499,0.720015984447761,1001,643.729730958335,761.494227447731
995,521.38,0.720794306053411,0.474309555831419,1042.76,"2016_yk_102a","Yukon",2016,0.720812233293844,0.720015984447761,1001,643.729730958335,761.494227447731
996,521.904,0.721310917912354,0.478241941599905,1043.808,"2016_yk_102a","Yukon",2016,0.720774551452101,0.720015984447761,1001,643.729730958335,761.494227447731
997,522.428,0.72136133457216,0.473136028417111,1044.856,"2016_yk_102a","Yukon",2016,0.72068376935194,0.720015984447761,1001,643.729730958335,761.494227447731
998,522.952,0.723374928905193,0.4639784503178,1045.904,"2016_yk_102a","Yukon",2016,0.720612014614233,0.720015984447761,1001,643.729730958335,761.494227447731
999,523.476,0.719855090086447,0.463328198922018,1046.952,"2016_yk_102a","Yukon",2016,0.720565592192928,0.720015984447761,1001,643.729730958335,761.494227447731
1000,524,0.719793597465037,0.462850028950395,1048,"2016_yk_102a","Yukon",2016,0.72052323403602,0.720015984447761,1001,643.729730958335,761.494227447731
1001,524.524,0.718686108066039,0.440230980583416,1049.048,"2016_yk_102a","Yukon",2016,0.720454077090529,0.720015984447761,1001,643.729730958335,761.494227447731
1002,525.048,0.72041065819293,0.449859184866418,1050.096,"2016_yk_102a","Yukon",2016,0.720393608929535,0.720015984447761,1001,643.729730958335,761.494227447731
1003,525.572,0.720748067800955,0.462120273263801,1051.144,"2016_yk_102a","Yukon",2016,0.720334957774612,0.720015984447761,1001,643.729730958335,761.494227447731
1004,526.096,0.718266497724055,0.458617422998295,1052.192,"2016_yk_102a","Yukon",2016,0.720297657955798,0.720015984447761,1001,643.729730958335,761.494227447731
1005,526.62,0.72128733602829,0.452359231072538,1053.24,"2016_yk_102a","Yukon",2016,0.720234986188791,0.720015984447761,1001,643.729730958335,761.494227447731
1006,527.144,0.719737290960842,0.459508790772612,1054.288,"2016_yk_102a","Yukon",2016,0.720157393049395,0.720015984447761,1001,643.729730958335,761.494227447731
1007,527.668,0.722147125759172,0.463123580144282,1055.336,"2016_yk_102a","Yukon",2016,0.720204800123442,0.720015984447761,1001,643.729730958335,761.494227447731
1008,528.192,0.721636335629665,0.462762657401738,1056.384,"2016_yk_102a","Yukon",2016,0.720211958460364,0.720015984447761,1001,643.729730958335,761.494227447731
1009,528.716,0.717160544696708,0.468099587653415,1057.432,"2016_yk_102a","Yukon",2016,0.720138594604907,0.720015984447761,1001,643.729730958335,761.494227447731
1010,529.24,0.72012208480625,0.462601956765361,1058.48,"2016_yk_102a","Yukon",2016,0.72007891369611,0.720015984447761,1001,643.729730958335,761.494227447731
1011,529.764,0.719704090622611,0.465068532685886,1059.528,"2016_yk_102a","Yukon",2016,0.720024792368598,0.720015984447761,1001,643.729730958335,761.494227447731
1012,530.288,0.721057757178268,0.472220638064462,1060.576,"2016_yk_102a","Yukon",2016,0.720002899676079,0.720015984447761,1001,643.729730958335,761.494227447731
1013,530.812,0.718516983514813,0.464986691757376,1061.624,"2016_yk_102a","Yukon",2016,0.719944326421878,0.720015984447761,1001,643.729730958335,761.494227447731
1014,531.336,0.719371062774926,0.466411503118296,1062.672,"2016_yk_102a","Yukon",2016,0.719966284553419,0.720015984447761,1001,643.729730958335,761.494227447731
1015,531.86,0.718338664189478,0.468346247483085,1063.72,"2016_yk_102a","Yukon",2016,0.719959001940231,0.720015984447761,1001,643.729730958335,761.494227447731
1016,532.384,0.720261875520018,0.470847826076747,1064.768,"2016_yk_102a","Yukon",2016,0.719953385481469,0.720015984447761,1001,643.729730958335,761.494227447731
1017,532.908,0.718773078484394,0.466093175192541,1065.816,"2016_yk_102a","Yukon",2016,0.719945667210175,0.720015984447761,1001,643.729730958335,761.494227447731
1018,533.432,0.720592871211103,0.467409152947136,1066.864,"2016_yk_102a","Yukon",2016,0.719978672378976,0.720015984447761,1001,643.729730958335,761.494227447731
1019,533.956,0.718318810697733,0.474612289546589,1067.912,"2016_yk_102a","Yukon",2016,0.719993452641609,0.720015984447761,1001,643.729730958335,761.494227447731
1020,534.48,0.719457938858524,0.471391158959971,1068.96,"2016_yk_102a","Yukon",2016,0.71996424975059,0.720015984447761,1001,643.729730958335,761.494227447731
1021,535.004,0.720762440968649,0.47838193127446,1070.008,"2016_yk_102a","Yukon",2016,0.719946456907525,0.720015984447761,1001,643.729730958335,761.494227447731
1022,535.528,0.719783816165247,0.47969965059712,1071.056,"2016_yk_102a","Yukon",2016,0.719895751097769,0.720015984447761,1001,643.729730958335,761.494227447731
1023,536.052,0.718545975249084,0.473567571030073,1072.104,"2016_yk_102a","Yukon",2016,0.719778489400548,0.720015984447761,1001,643.729730958335,761.494227447731
1024,536.576,0.721290526951894,0.457661711177049,1073.152,"2016_yk_102a","Yukon",2016,0.719797382540934,0.720015984447761,1001,643.729730958335,761.494227447731
1025,537.1,0.71936163744714,0.460349983119657,1074.2,"2016_yk_102a","Yukon",2016,0.719739775291487,0.720015984447761,1001,643.729730958335,761.494227447731
1026,537.624,0.719962251298872,0.470258295811842,1075.248,"2016_yk_102a","Yukon",2016,0.719711822518378,0.720015984447761,1001,643.729730958335,761.494227447731
1027,538.148,0.718553371686215,0.469299410632297,1076.296,"2016_yk_102a","Yukon",2016,0.719686119440265,0.720015984447761,1001,643.729730958335,761.494227447731
1028,538.672,0.717340067608763,0.461796433661172,1077.344,"2016_yk_102a","Yukon",2016,0.719644512600386,0.720015984447761,1001,643.729730958335,761.494227447731
1029,539.196,0.71837298241782,0.473348113738096,1078.392,"2016_yk_102a","Yukon",2016,0.719656152066988,0.720015984447761,1001,643.729730958335,761.494227447731
1030,539.72,0.719676617595518,0.479092156119669,1079.44,"2016_yk_102a","Yukon",2016,0.719675655554292,0.720015984447761,1001,643.729730958335,761.494227447731
1031,540.244,0.720029394273139,0.460341817580102,1080.488,"2016_yk_102a","Yukon",2016,0.719684664296147,0.720015984447761,1001,643.729730958335,761.494227447731
1032,540.768,0.716708588781419,0.45142474652482,1081.536,"2016_yk_102a","Yukon",2016,0.71973262682281,0.720015984447761,1001,643.729730958335,761.494227447731
1033,541.292,0.718056857841769,0.46650572996995,1082.584,"2016_yk_102a","Yukon",2016,0.719746107144264,0.720015984447761,1001,643.729730958335,761.494227447731
1034,541.816,0.718870216851583,0.475128927746564,1083.632,"2016_yk_102a","Yukon",2016,0.719810732023103,0.720015984447761,1001,643.729730958335,761.494227447731
1035,542.34,0.718101367200176,0.469741406857972,1084.68,"2016_yk_102a","Yukon",2016,0.719832077277705,0.720015984447761,1001,643.729730958335,761.494227447731
1036,542.864,0.717512998566333,0.471941347942201,1085.728,"2016_yk_102a","Yukon",2016,0.719889521439932,0.720015984447761,1001,643.729730958335,761.494227447731
1037,543.388,0.723309066010842,0.478770809458225,1086.776,"2016_yk_102a","Yukon",2016,0.719867818300663,0.720015984447761,1001,643.729730958335,761.494227447731
1038,543.912,0.720734382329018,0.478945544046528,1087.824,"2016_yk_102a","Yukon",2016,0.71986726043212,0.720015984447761,1001,643.729730958335,761.494227447731
1039,544.436,0.719392558083314,0.463645862776804,1088.872,"2016_yk_102a","Yukon",2016,0.719930160284903,0.720015984447761,1001,643.729730958335,761.494227447731
1040,544.96,0.718424195494728,0.46527315888886,1089.92,"2016_yk_102a","Yukon",2016,0.719955068954756,0.720015984447761,1001,643.729730958335,761.494227447731
1041,545.484,0.720391997861427,0.47619214880948,1090.968,"2016_yk_102a","Yukon",2016,0.720020978263752,0.720015984447761,1001,643.729730958335,761.494227447731
1042,546.008,0.717876621953453,0.479134174413704,1092.016,"2016_yk_102a","Yukon",2016,0.720025542431748,0.720015984447761,1001,643.729730958335,761.494227447731
1043,546.532,0.718590663841091,0.464611754724037,1093.064,"2016_yk_102a","Yukon",2016,0.720093240875943,0.720015984447761,1001,643.729730958335,761.494227447731
1044,547.056,0.721604457079262,0.465421388031981,1094.112,"2016_yk_102a","Yukon",2016,0.720126789088326,0.720015984447761,1001,643.729730958335,761.494227447731
1045,547.58,0.720301271923374,0.474409969438486,1095.16,"2016_yk_102a","Yukon",2016,0.720147194209595,0.720015984447761,1001,643.729730958335,761.494227447731
1046,548.104,0.72005583429438,0.472679420977833,1096.208,"2016_yk_102a","Yukon",2016,0.720217810940599,0.720015984447761,1001,643.729730958335,761.494227447731
1047,548.628,0.721504195193484,0.462834249012669,1097.256,"2016_yk_102a","Yukon",2016,0.720264635072668,0.720015984447761,1001,643.729730958335,761.494227447731
1048,549.152,0.719863904770218,0.469168219013608,1098.304,"2016_yk_102a","Yukon",2016,0.720283307056006,0.720015984447761,1001,643.729730958335,761.494227447731
1049,549.676,0.721487611905741,0.476947495907403,1099.352,"2016_yk_102a","Yukon",2016,0.72034630562919,0.720015984447761,1001,643.729730958335,761.494227447731
1050,550.2,0.720774274947384,0.470554344810309,1100.4,"2016_yk_102a","Yukon",2016,0.720415788651878,0.720015984447761,1001,643.729730958335,761.494227447731
1051,550.724,0.720941606028302,0.460566973113429,1101.448,"2016_yk_102a","Yukon",2016,0.72042239273382,0.720015984447761,1001,643.729730958335,761.494227447731
1052,551.248,0.719139370496823,0.461845777903334,1102.496,"2016_yk_102a","Yukon",2016,0.720498043336099,0.720015984447761,1001,643.729730958335,761.494227447731
1053,551.772,0.717768544155456,0.463122410992231,1103.544,"2016_yk_102a","Yukon",2016,0.720574418232846,0.720015984447761,1001,643.729730958335,761.494227447731
1054,552.296,0.721667927472776,0.467692692539119,1104.592,"2016_yk_102a","Yukon",2016,0.720622803030628,0.720015984447761,1001,643.729730958335,761.494227447731
1055,552.82,0.717337871086565,0.459648025285652,1105.64,"2016_yk_102a","Yukon",2016,0.720694890468861,0.720015984447761,1001,643.729730958335,761.494227447731
1056,553.344,0.719633751525824,0.467047235571885,1106.688,"2016_yk_102a","Yukon",2016,0.720778308105364,0.720015984447761,1001,643.729730958335,761.494227447731
1057,553.868,0.719819149885353,0.465448579936354,1107.736,"2016_yk_102a","Yukon",2016,0.720875919445752,0.720015984447761,1001,643.729730958335,761.494227447731
1058,554.392,0.720878518512445,0.459970343110066,1108.784,"2016_yk_102a","Yukon",2016,0.72097457608738,0.720015984447761,1001,643.729730958335,761.494227447731
1059,554.916,0.720553458082583,0.459396714113802,1109.832,"2016_yk_102a","Yukon",2016,0.721048453903391,0.720015984447761,1001,643.729730958335,761.494227447731
1060,555.44,0.720963806703264,0.460644562198618,1110.88,"2016_yk_102a","Yukon",2016,0.72113801929872,0.720015984447761,1001,643.729730958335,761.494227447731
1061,555.964,0.719226632577383,0.459485732496767,1111.928,"2016_yk_102a","Yukon",2016,0.721216256560992,0.720015984447761,1001,643.729730958335,761.494227447731
1062,556.488,0.723288409792719,0.455861386739691,1112.976,"2016_yk_102a","Yukon",2016,0.721297058268748,0.720015984447761,1001,643.729730958335,761.494227447731
1063,557.012,0.721556887088153,0.463507999313645,1114.024,"2016_yk_102a","Yukon",2016,0.72141997471261,0.720015984447761,1001,643.729730958335,761.494227447731
1064,557.536,0.72214399045442,0.477522833334362,1115.072,"2016_yk_102a","Yukon",2016,0.721488746799735,0.720015984447761,1001,643.729730958335,761.494227447731
1065,558.06,0.722568051304416,0.474065602486604,1116.12,"2016_yk_102a","Yukon",2016,0.721596097693187,0.720015984447761,1001,643.729730958335,761.494227447731
1066,558.584,0.723183940694456,0.464247740006204,1117.168,"2016_yk_102a","Yukon",2016,0.721702630667971,0.720015984447761,1001,643.729730958335,761.494227447731
1067,559.108,0.720844937403045,0.478465167959131,1118.216,"2016_yk_102a","Yukon",2016,0.721735100736514,0.720015984447761,1001,643.729730958335,761.494227447731
1068,559.632,0.721602863517031,0.494054166262395,1119.264,"2016_yk_102a","Yukon",2016,0.721757805121543,0.720015984447761,1001,643.729730958335,761.494227447731
1069,560.156,0.720934535863687,0.484212550813211,1120.312,"2016_yk_102a","Yukon",2016,0.721820785987843,0.720015984447761,1001,643.729730958335,761.494227447731
1070,560.68,0.721616604997468,0.479903979345358,1121.36,"2016_yk_102a","Yukon",2016,0.721877414292678,0.720015984447761,1001,643.729730958335,761.494227447731
1071,561.204,0.723658649162387,0.484282961334514,1122.408,"2016_yk_102a","Yukon",2016,0.721940736182163,0.720015984447761,1001,643.729730958335,761.494227447731
1072,561.728,0.721331607258,0.490509100992886,1123.456,"2016_yk_102a","Yukon",2016,0.72201991192551,0.720015984447761,1001,643.729730958335,761.494227447731
1073,562.252,0.722578890166533,0.477579852782713,1124.504,"2016_yk_102a","Yukon",2016,0.722156699556633,0.720015984447761,1001,643.729730958335,761.494227447731
1074,562.776,0.721383955517868,0.479029865896514,1125.552,"2016_yk_102a","Yukon",2016,0.722195537071379,0.720015984447761,1001,643.729730958335,761.494227447731
1075,563.3,0.719562971465664,0.484776831439575,1126.6,"2016_yk_102a","Yukon",2016,0.722253261694648,0.720015984447761,1001,643.729730958335,761.494227447731
1076,563.824,0.724498879380232,0.491180842867834,1127.648,"2016_yk_102a","Yukon",2016,0.722322765765861,0.720015984447761,1001,643.729730958335,761.494227447731
1077,564.348,0.721582526408535,0.480232740301091,1128.696,"2016_yk_102a","Yukon",2016,0.722316447004175,0.720015984447761,1001,643.729730958335,761.494227447731
1078,564.872,0.721713190211414,0.485085453012493,1129.744,"2016_yk_102a","Yukon",2016,0.722357727793707,0.720015984447761,1001,643.729730958335,761.494227447731
1079,565.396,0.722098725088738,0.480763117984513,1130.792,"2016_yk_102a","Yukon",2016,0.722400351356,0.720015984447761,1001,643.729730958335,761.494227447731
1080,565.92,0.723626920219792,0.48075723345507,1131.84,"2016_yk_102a","Yukon",2016,0.722411411051135,0.720015984447761,1001,643.729730958335,761.494227447731
1081,566.444,0.721158685885171,0.476499576793997,1132.888,"2016_yk_102a","Yukon",2016,0.722453606545719,0.720015984447761,1001,643.729730958335,761.494227447731
1082,566.968,0.724322852302018,0.48515208057173,1133.936,"2016_yk_102a","Yukon",2016,0.722522006873071,0.720015984447761,1001,643.729730958335,761.494227447731
1083,567.492,0.723128469053868,0.48430711984285,1134.984,"2016_yk_102a","Yukon",2016,0.722620678051459,0.720015984447761,1001,643.729730958335,761.494227447731
1084,568.016,0.724193614818825,0.479066887065242,1136.032,"2016_yk_102a","Yukon",2016,0.722637293241941,0.720015984447761,1001,643.729730958335,761.494227447731
1085,568.54,0.723686883741159,0.471208836630638,1137.08,"2016_yk_102a","Yukon",2016,0.722734051365859,0.720015984447761,1001,643.729730958335,761.494227447731
1086,569.064,0.724967309489051,0.46254966055592,1138.128,"2016_yk_102a","Yukon",2016,0.722817729708626,0.720015984447761,1001,643.729730958335,761.494227447731
1087,569.588,0.724410052109449,0.476036261907471,1139.176,"2016_yk_102a","Yukon",2016,0.722896316150604,0.720015984447761,1001,643.729730958335,761.494227447731
1088,570.112,0.72325946610646,0.473130748750693,1140.224,"2016_yk_102a","Yukon",2016,0.722964305186938,0.720015984447761,1001,643.729730958335,761.494227447731
1089,570.636,0.722805651378508,0.467758792857454,1141.272,"2016_yk_102a","Yukon",2016,0.723032806869268,0.720015984447761,1001,643.729730958335,761.494227447731
1090,571.16,0.725050541315264,0.476481663413675,1142.32,"2016_yk_102a","Yukon",2016,0.723072262868199,0.720015984447761,1001,643.729730958335,761.494227447731
1091,571.684,0.724723630009437,0.475386798581237,1143.368,"2016_yk_102a","Yukon",2016,0.723162207094397,0.720015984447761,1001,643.729730958335,761.494227447731
1092,572.208,0.721556691246771,0.469111119892164,1144.416,"2016_yk_102a","Yukon",2016,0.723175710759965,0.720015984447761,1001,643.729730958335,761.494227447731
1093,572.732,0.725431844473527,0.455541984590892,1145.464,"2016_yk_102a","Yukon",2016,0.723186353690019,0.720015984447761,1001,643.729730958335,761.494227447731
1094,573.256,0.722996542079032,0.468385460131071,1146.512,"2016_yk_102a","Yukon",2016,0.723222821515919,0.720015984447761,1001,643.729730958335,761.494227447731
1095,573.78,0.724542420807327,0.475962288580118,1147.56,"2016_yk_102a","Yukon",2016,0.723235771111319,0.720015984447761,1001,643.729730958335,761.494227447731
1096,574.304,0.723904977053341,0.465124947646602,1148.608,"2016_yk_102a","Yukon",2016,0.723260345223047,0.720015984447761,1001,643.729730958335,761.494227447731
1097,574.828,0.725257270123474,0.465181949852308,1149.656,"2016_yk_102a","Yukon",2016,0.723305021113331,0.720015984447761,1001,643.729730958335,761.494227447731
1098,575.352,0.72209664543074,0.468299428049869,1150.704,"2016_yk_102a","Yukon",2016,0.723373997966081,0.720015984447761,1001,643.729730958335,761.494227447731
1099,575.876,0.723171410061328,0.467905337661127,1151.752,"2016_yk_102a","Yukon",2016,0.723430603454637,0.720015984447761,1001,643.729730958335,761.494227447731
1100,576.4,0.72182189378483,0.45879564463542,1152.8,"2016_yk_102a","Yukon",2016,0.723452428290803,0.720015984447761,1001,643.729730958335,761.494227447731
1101,576.924,0.724191311230507,0.460058682006989,1153.848,"2016_yk_102a","Yukon",2016,0.723458531999469,0.720015984447761,1001,643.729730958335,761.494227447731
1102,577.448,0.722627166554276,0.458002742918395,1154.896,"2016_yk_102a","Yukon",2016,0.723493696029043,0.720015984447761,1001,643.729730958335,761.494227447731
1103,577.972,0.726797921708477,0.465134301673124,1155.944,"2016_yk_102a","Yukon",2016,0.723490095240809,0.720015984447761,1001,643.729730958335,761.494227447731
1104,578.496,0.72393470796401,0.458534592314888,1156.992,"2016_yk_102a","Yukon",2016,0.723556014823082,0.720015984447761,1001,643.729730958335,761.494227447731
1105,579.02,0.72376474931951,0.463410055994109,1158.04,"2016_yk_102a","Yukon",2016,0.723673752294769,0.720015984447761,1001,643.729730958335,761.494227447731
1106,579.544,0.724226078567172,0.469354468428817,1159.088,"2016_yk_102a","Yukon",2016,0.723692048129328,0.720015984447761,1001,643.729730958335,761.494227447731
1107,580.068,0.721125069492334,0.4600607229149,1160.136,"2016_yk_102a","Yukon",2016,0.723768638480535,0.720015984447761,1001,643.729730958335,761.494227447731
1108,580.592,0.722340752142098,0.447385801568764,1161.184,"2016_yk_102a","Yukon",2016,0.72377659470108,0.720015984447761,1001,643.729730958335,761.494227447731
1109,581.116,0.724045025643315,0.452840607690784,1162.232,"2016_yk_102a","Yukon",2016,0.723824308840232,0.720015984447761,1001,643.729730958335,761.494227447731
1110,581.64,0.721437856655542,0.464559161653485,1163.28,"2016_yk_102a","Yukon",2016,0.723815679172263,0.720015984447761,1001,643.729730958335,761.494227447731
1111,582.164,0.723473335703325,0.454722295784117,1164.328,"2016_yk_102a","Yukon",2016,0.723865908203423,0.720015984447761,1001,643.729730958335,761.494227447731
1112,582.688,0.723243390137946,0.450978068879301,1165.376,"2016_yk_102a","Yukon",2016,0.723851426078937,0.720015984447761,1001,643.729730958335,761.494227447731
1113,583.212,0.723688814858735,0.467168741245441,1166.424,"2016_yk_102a","Yukon",2016,0.723897210009402,0.720015984447761,1001,643.729730958335,761.494227447731
1114,583.736,0.72266483890168,0.470801790918004,1167.472,"2016_yk_102a","Yukon",2016,0.723902974036712,0.720015984447761,1001,643.729730958335,761.494227447731
1115,584.26,0.723143358521619,0.4659708983554,1168.52,"2016_yk_102a","Yukon",2016,0.723921343027046,0.720015984447761,1001,643.729730958335,761.494227447731
1116,584.784,0.724654452091863,0.468573347043711,1169.568,"2016_yk_102a","Yukon",2016,0.723920646253397,0.720015984447761,1001,643.729730958335,761.494227447731
1117,585.308,0.724534336404029,0.473575199928135,1170.616,"2016_yk_102a","Yukon",2016,0.723897002852536,0.720015984447761,1001,643.729730958335,761.494227447731
1118,585.832,0.724957860692477,0.47984106012732,1171.664,"2016_yk_102a","Yukon",2016,0.723909983855318,0.720015984447761,1001,643.729730958335,761.494227447731
1119,586.356,0.724663559022411,0.471330823062398,1172.712,"2016_yk_102a","Yukon",2016,0.723946330197104,0.720015984447761,1001,643.729730958335,761.494227447731
1120,586.88,0.723331166639096,0.477207216649104,1173.76,"2016_yk_102a","Yukon",2016,0.723955630765707,0.720015984447761,1001,643.729730958335,761.494227447731
1121,587.404,0.724623286149308,0.479240548797414,1174.808,"2016_yk_102a","Yukon",2016,0.723931848578147,0.720015984447761,1001,643.729730958335,761.494227447731
1122,587.928,0.724098629726779,0.469874417605492,1175.856,"2016_yk_102a","Yukon",2016,0.723980986525138,0.720015984447761,1001,643.729730958335,761.494227447731
1123,588.452,0.72219546289139,0.467980518126614,1176.904,"2016_yk_102a","Yukon",2016,0.723999584570901,0.720015984447761,1001,643.729730958335,761.494227447731
1124,588.976,0.724332060008411,0.468050144606217,1177.952,"2016_yk_102a","Yukon",2016,0.724050171084548,0.720015984447761,1001,643.729730958335,761.494227447731
1125,589.5,0.723345027028429,0.479043675250225,1179,"2016_yk_102a","Yukon",2016,0.72401554620371,0.720015984447761,1001,643.729730958335,761.494227447731
1126,590.024,0.724658387398133,0.479953082084288,1180.048,"2016_yk_102a","Yukon",2016,0.723987400488349,0.720015984447761,1001,643.729730958335,761.494227447731
1127,590.548,0.723525490820083,0.46944584638446,1181.096,"2016_yk_102a","Yukon",2016,0.723987692190887,0.720015984447761,1001,643.729730958335,761.494227447731
1128,591.072,0.725741474682009,0.46877033722185,1182.144,"2016_yk_102a","Yukon",2016,0.72401799288233,0.720015984447761,1001,643.729730958335,761.494227447731
1129,591.596,0.724330865177078,0.472909316464938,1183.192,"2016_yk_102a","Yukon",2016,0.72401810101912,0.720015984447761,1001,643.729730958335,761.494227447731
1130,592.12,0.722926095167397,0.473902113268757,1184.24,"2016_yk_102a","Yukon",2016,0.724105067402171,0.720015984447761,1001,643.729730958335,761.494227447731
1131,592.644,0.724024871682347,0.467727204651008,1185.288,"2016_yk_102a","Yukon",2016,0.724118744670443,0.720015984447761,1001,643.729730958335,761.494227447731
1132,593.168,0.723441449032456,0.486616679693072,1186.336,"2016_yk_102a","Yukon",2016,0.724128017719269,0.720015984447761,1001,643.729730958335,761.494227447731
1133,593.692,0.722362842872515,0.485005858419854,1187.384,"2016_yk_102a","Yukon",2016,0.724094910706165,0.720015984447761,1001,643.729730958335,761.494227447731
1134,594.216,0.725339130454259,0.472617262735254,1188.432,"2016_yk_102a","Yukon",2016,0.724081354535892,0.720015984447761,1001,643.729730958335,761.494227447731
1135,594.74,0.726627219766875,0.473101417682869,1189.48,"2016_yk_102a","Yukon",2016,0.724092594519915,0.720015984447761,1001,643.729730958335,761.494227447731
1136,595.264,0.725596629453775,0.479364565868644,1190.528,"2016_yk_102a","Yukon",2016,0.724124241883531,0.720015984447761,1001,643.729730958335,761.494227447731
1137,595.788,0.726177947480934,0.485445166509137,1191.576,"2016_yk_102a","Yukon",2016,0.724198466946733,0.720015984447761,1001,643.729730958335,761.494227447731
1138,596.312,0.722190563444104,0.479672605297339,1192.624,"2016_yk_102a","Yukon",2016,0.724246302281438,0.720015984447761,1001,643.729730958335,761.494227447731
1139,596.836,0.724961573437867,0.478661664101917,1193.672,"2016_yk_102a","Yukon",2016,0.724238443895764,0.720015984447761,1001,643.729730958335,761.494227447731
1140,597.36,0.723109140141619,0.480663379000405,1194.72,"2016_yk_102a","Yukon",2016,0.724276681581649,0.720015984447761,1001,643.729730958335,761.494227447731
1141,597.884,0.724172427754804,0.479225561796249,1195.768,"2016_yk_102a","Yukon",2016,0.72428719636264,0.720015984447761,1001,643.729730958335,761.494227447731
1142,598.408,0.723453924832828,0.464992245076336,1196.816,"2016_yk_102a","Yukon",2016,0.724282176275686,0.720015984447761,1001,643.729730958335,761.494227447731
1143,598.932,0.725875504881803,0.467139168878358,1197.864,"2016_yk_102a","Yukon",2016,0.72428591229124,0.720015984447761,1001,643.729730958335,761.494227447731
1144,599.456,0.724539456457398,0.475546711471152,1198.912,"2016_yk_102a","Yukon",2016,0.724310427506873,0.720015984447761,1001,643.729730958335,761.494227447731
1145,599.98,0.72478902316125,0.473490991248774,1199.96,"2016_yk_102a","Yukon",2016,0.724321436716812,0.720015984447761,1001,643.729730958335,761.494227447731
1146,600.504,0.724925503070088,0.468396287724481,1201.008,"2016_yk_102a","Yukon",2016,0.724303174355968,0.720015984447761,1001,643.729730958335,761.494227447731
1147,601.028,0.722991448057779,0.473596913204384,1202.056,"2016_yk_102a","Yukon",2016,0.724278870550911,0.720015984447761,1001,643.729730958335,761.494227447731
1148,601.552,0.724038326273392,0.479534742271393,1203.104,"2016_yk_102a","Yukon",2016,0.72427366587744,0.720015984447761,1001,643.729730958335,761.494227447731
1149,602.076,0.72498643188566,0.473348113738096,1204.152,"2016_yk_102a","Yukon",2016,0.724273030772911,0.720015984447761,1001,643.729730958335,761.494227447731
1150,602.6,0.72560857543144,0.473312030253964,1205.2,"2016_yk_102a","Yukon",2016,0.724283728894164,0.720015984447761,1001,643.729730958335,761.494227447731
1151,603.124,0.723296698755849,0.478433107935138,1206.248,"2016_yk_102a","Yukon",2016,0.724284016792647,0.720015984447761,1001,643.729730958335,761.494227447731
1152,603.648,0.724504968066232,0.481972983989586,1207.296,"2016_yk_102a","Yukon",2016,0.724320936341496,0.720015984447761,1001,643.729730958335,761.494227447731
1153,604.172,0.726547727219277,0.472743634911237,1208.344,"2016_yk_102a","Yukon",2016,0.72434129227178,0.720015984447761,1001,643.729730958335,761.494227447731
1154,604.696,0.72603173289789,0.46160783433562,1209.392,"2016_yk_102a","Yukon",2016,0.72434097412861,0.720015984447761,1001,643.729730958335,761.494227447731
1155,605.22,0.722464927957049,0.467022057586474,1210.44,"2016_yk_102a","Yukon",2016,0.724331625537724,0.720015984447761,1001,643.729730958335,761.494227447731
1156,605.744,0.722216234131644,0.469810254237056,1211.488,"2016_yk_102a","Yukon",2016,0.724344028780622,0.720015984447761,1001,643.729730958335,761.494227447731
1157,606.268,0.725274772275772,0.474136346918025,1212.536,"2016_yk_102a","Yukon",2016,0.724377169742338,0.720015984447761,1001,643.729730958335,761.494227447731
1158,606.792,0.723914686917292,0.477558396701587,1213.584,"2016_yk_102a","Yukon",2016,0.724371676110722,0.720015984447761,1001,643.729730958335,761.494227447731
1159,607.316,0.723177898268723,0.483885886657345,1214.632,"2016_yk_102a","Yukon",2016,0.724380456476965,0.720015984447761,1001,643.729730958335,761.494227447731
1160,607.84,0.727039876767948,0.479300204743141,1215.68,"2016_yk_102a","Yukon",2016,0.724380538188948,0.720015984447761,1001,643.729730958335,761.494227447731
1161,608.364,0.725011947326768,0.463415318421379,1216.728,"2016_yk_102a","Yukon",2016,0.724387121104935,0.720015984447761,1001,643.729730958335,761.494227447731
1162,608.888,0.723183549483856,0.469002785259989,1217.776,"2016_yk_102a","Yukon",2016,0.724430361607092,0.720015984447761,1001,643.729730958335,761.494227447731
1163,609.412,0.724811500922275,0.478271643963801,1218.824,"2016_yk_102a","Yukon",2016,0.724460205371683,0.720015984447761,1001,643.729730958335,761.494227447731
1164,609.936,0.723121337747596,0.485873125883307,1219.872,"2016_yk_102a","Yukon",2016,0.724467098793505,0.720015984447761,1001,643.729730958335,761.494227447731
1165,610.46,0.724439148360884,0.474313666169278,1220.92,"2016_yk_102a","Yukon",2016,0.724401098104083,0.720015984447761,1001,643.729730958335,761.494227447731
1166,610.984,0.726124920384129,0.476405607861339,1221.968,"2016_yk_102a","Yukon",2016,0.724380005891591,0.720015984447761,1001,643.729730958335,761.494227447731
1167,611.508,0.725578573284471,0.492333838714336,1223.016,"2016_yk_102a","Yukon",2016,0.724352311651912,0.720015984447761,1001,643.729730958335,761.494227447731
1168,612.032,0.725210872224398,0.489657168208308,1224.064,"2016_yk_102a","Yukon",2016,0.724399887469511,0.720015984447761,1001,643.729730958335,761.494227447731
1169,612.556,0.723573522502871,0.479924267066605,1225.112,"2016_yk_102a","Yukon",2016,0.724385355319812,0.720015984447761,1001,643.729730958335,761.494227447731
1170,613.08,0.723732117808668,0.487808792387314,1226.16,"2016_yk_102a","Yukon",2016,0.72438206502755,0.720015984447761,1001,643.729730958335,761.494227447731
1171,613.604,0.724104222562737,0.495943196081297,1227.208,"2016_yk_102a","Yukon",2016,0.724375340185277,0.720015984447761,1001,643.729730958335,761.494227447731
1172,614.128,0.722942184920723,0.489199319493746,1228.256,"2016_yk_102a","Yukon",2016,0.724405719739519,0.720015984447761,1001,643.729730958335,761.494227447731
1173,614.652,0.723912975791954,0.483685630295042,1229.304,"2016_yk_102a","Yukon",2016,0.72436442931984,0.720015984447761,1001,643.729730958335,761.494227447731
1174,615.176,0.724135751839713,0.49670512252872,1230.352,"2016_yk_102a","Yukon",2016,0.724334512934259,0.720015984447761,1001,643.729730958335,761.494227447731
1175,615.7,0.723803911117948,0.501823075230383,1231.4,"2016_yk_102a","Yukon",2016,0.724306888726548,0.720015984447761,1001,643.729730958335,761.494227447731
1176,616.224,0.723558710441202,0.497896001287554,1232.448,"2016_yk_102a","Yukon",2016,0.724285725725643,0.720015984447761,1001,643.729730958335,761.494227447731
1177,616.748,0.723076108100603,0.493092646420108,1233.496,"2016_yk_102a","Yukon",2016,0.72431172149245,0.720015984447761,1001,643.729730958335,761.494227447731
1178,617.272,0.724645580284196,0.49871187486628,1234.544,"2016_yk_102a","Yukon",2016,0.724322792786244,0.720015984447761,1001,643.729730958335,761.494227447731
1179,617.796,0.724625452750684,0.500781943498883,1235.592,"2016_yk_102a","Yukon",2016,0.724342556852252,0.720015984447761,1001,643.729730958335,761.494227447731
1180,618.32,0.723973053914261,0.49171347532042,1236.64,"2016_yk_102a","Yukon",2016,0.724326985706742,0.720015984447761,1001,643.729730958335,761.494227447731
1181,618.844,0.72464056005829,0.48575542967483,1237.688,"2016_yk_102a","Yukon",2016,0.724344410634119,0.720015984447761,1001,643.729730958335,761.494227447731
1182,619.368,0.726313802657726,0.491465889470111,1238.736,"2016_yk_102a","Yukon",2016,0.724313354504408,0.720015984447761,1001,643.729730958335,761.494227447731
1183,619.892,0.723416818708421,0.505702740733263,1239.784,"2016_yk_102a","Yukon",2016,0.724278242610628,0.720015984447761,1001,643.729730958335,761.494227447731
1184,620.416,0.724312971418275,0.503651329002526,1240.832,"2016_yk_102a","Yukon",2016,0.724234263430452,0.720015984447761,1001,643.729730958335,761.494227447731
1185,620.94,0.722784111575263,0.50051491228612,1241.88,"2016_yk_102a","Yukon",2016,0.724273699020882,0.720015984447761,1001,643.729730958335,761.494227447731
1186,621.464,0.725402581971964,0.508321167079052,1242.928,"2016_yk_102a","Yukon",2016,0.724313070375628,0.720015984447761,1001,643.729730958335,761.494227447731
1187,621.988,0.725513948523058,0.504834995557802,1243.976,"2016_yk_102a","Yukon",2016,0.724312566646019,0.720015984447761,1001,643.729730958335,761.494227447731
1188,622.512,0.725411856785079,0.49810532324585,1245.024,"2016_yk_102a","Yukon",2016,0.724260068111844,0.720015984447761,1001,643.729730958335,761.494227447731
1189,623.036,0.724857687151623,0.506433872548427,1246.072,"2016_yk_102a","Yukon",2016,0.724256177920971,0.720015984447761,1001,643.729730958335,761.494227447731
1190,623.56,0.722930997886387,0.51174924217287,1247.12,"2016_yk_102a","Yukon",2016,0.724217325811901,0.720015984447761,1001,643.729730958335,761.494227447731
1191,624.084,0.724419846641584,0.504602273556792,1248.168,"2016_yk_102a","Yukon",2016,0.724168979379012,0.720015984447761,1001,643.729730958335,761.494227447731
1192,624.608,0.726035879161833,0.493933021559364,1249.216,"2016_yk_102a","Yukon",2016,0.724163910986619,0.720015984447761,1001,643.729730958335,761.494227447731
1193,625.132,0.724153468747974,0.501572691693449,1250.264,"2016_yk_102a","Yukon",2016,0.724168392978507,0.720015984447761,1001,643.729730958335,761.494227447731
1194,625.656,0.725752735763616,0.520083331067202,1251.312,"2016_yk_102a","Yukon",2016,0.724150304406747,0.720015984447761,1001,643.729730958335,761.494227447731
1195,626.18,0.722667178401571,0.507250774957126,1252.36,"2016_yk_102a","Yukon",2016,0.724134059247211,0.720015984447761,1001,643.729730958335,761.494227447731
1196,626.704,0.724331096704262,0.496645584829738,1253.408,"2016_yk_102a","Yukon",2016,0.724064059414957,0.720015984447761,1001,643.729730958335,761.494227447731
1197,627.228,0.724516293100188,0.50735961672789,1254.456,"2016_yk_102a","Yukon",2016,0.724009376765032,0.720015984447761,1001,643.729730958335,761.494227447731
1198,627.752,0.725045112500044,0.514487290888847,1255.504,"2016_yk_102a","Yukon",2016,0.723986479885691,0.720015984447761,1001,643.729730958335,761.494227447731
1199,628.276,0.724089644455884,0.500691146460123,1256.552,"2016_yk_102a","Yukon",2016,0.723962647120272,0.720015984447761,1001,643.729730958335,761.494227447731
1200,628.8,0.722911722605935,0.509757290323919,1257.6,"2016_yk_102a","Yukon",2016,0.723966378940262,0.720015984447761,1001,643.729730958335,761.494227447731
1201,629.324,0.723768937218392,0.518432066429302,1258.648,"2016_yk_102a","Yukon",2016,0.723944309219137,0.720015984447761,1001,643.729730958335,761.494227447731
1202,629.848,0.725276698087364,0.520212236094799,1259.696,"2016_yk_102a","Yukon",2016,0.7239397578981,0.720015984447761,1001,643.729730958335,761.494227447731
1203,630.372,0.72339807970109,0.507516651086564,1260.744,"2016_yk_102a","Yukon",2016,0.723918156839132,0.720015984447761,1001,643.729730958335,761.494227447731
1204,630.896,0.72274447332253,0.50827682189439,1261.792,"2016_yk_102a","Yukon",2016,0.723889932601122,0.720015984447761,1001,643.729730958335,761.494227447731
1205,631.42,0.7231315706986,0.523055683043729,1262.84,"2016_yk_102a","Yukon",2016,0.723851987452055,0.720015984447761,1001,643.729730958335,761.494227447731
1206,631.944,0.723655723015747,0.522760285363104,1263.888,"2016_yk_102a","Yukon",2016,0.723825840408012,0.720015984447761,1001,643.729730958335,761.494227447731
1207,632.468,0.724551194066238,0.517274340452643,1264.936,"2016_yk_102a","Yukon",2016,0.723808387154884,0.720015984447761,1001,643.729730958335,761.494227447731
1208,632.992,0.724702603901006,0.521065561357007,1265.984,"2016_yk_102a","Yukon",2016,0.72378583634712,0.720015984447761,1001,643.729730958335,761.494227447731
1209,633.516,0.72617227584614,0.532771471483935,1267.032,"2016_yk_102a","Yukon",2016,0.723707835773757,0.720015984447761,1001,643.729730958335,761.494227447731
1210,634.04,0.724674306700858,0.530229821931282,1268.08,"2016_yk_102a","Yukon",2016,0.723654849293847,0.720015984447761,1001,643.729730958335,761.494227447731
1211,634.564,0.724342194398461,0.517585310831482,1269.128,"2016_yk_102a","Yukon",2016,0.723628458465913,0.720015984447761,1001,643.729730958335,761.494227447731
1212,635.088,0.722641600283553,0.522031515956096,1270.176,"2016_yk_102a","Yukon",2016,0.723602718959051,0.720015984447761,1001,643.729730958335,761.494227447731
1213,635.612,0.724441013592465,0.526773743901892,1271.224,"2016_yk_102a","Yukon",2016,0.723608029194431,0.720015984447761,1001,643.729730958335,761.494227447731
1214,636.136,0.723392982087319,0.531373526314529,1272.272,"2016_yk_102a","Yukon",2016,0.723574469019585,0.720015984447761,1001,643.729730958335,761.494227447731
1215,636.66,0.724831063382853,0.524397069371286,1273.32,"2016_yk_102a","Yukon",2016,0.72352297489229,0.720015984447761,1001,643.729730958335,761.494227447731
1216,637.184,0.724578515416424,0.537801527564608,1274.368,"2016_yk_102a","Yukon",2016,0.723473955750424,0.720015984447761,1001,643.729730958335,761.494227447731
1217,637.708,0.72524454849922,0.538509437931546,1275.416,"2016_yk_102a","Yukon",2016,0.723418075708252,0.720015984447761,1001,643.729730958335,761.494227447731
1218,638.232,0.72076477486683,0.530632056915946,1276.464,"2016_yk_102a","Yukon",2016,0.723369315425314,0.720015984447761,1001,643.729730958335,761.494227447731
1219,638.756,0.722944486816308,0.539083344051889,1277.512,"2016_yk_102a","Yukon",2016,0.723284912944365,0.720015984447761,1001,643.729730958335,761.494227447731
1220,639.28,0.724708750223733,0.550943267459857,1278.56,"2016_yk_102a","Yukon",2016,0.723246716067054,0.720015984447761,1001,643.729730958335,761.494227447731
1221,639.804,0.722111161353436,0.552647995614713,1279.608,"2016_yk_102a","Yukon",2016,0.723169390072915,0.720015984447761,1001,643.729730958335,761.494227447731
1222,640.328,0.722879445940301,0.548265413616254,1280.656,"2016_yk_102a","Yukon",2016,0.723131593182314,0.720015984447761,1001,643.729730958335,761.494227447731
1223,640.852,0.725080420435528,0.547797754669139,1281.704,"2016_yk_102a","Yukon",2016,0.723048168621203,0.720015984447761,1001,643.729730958335,761.494227447731
1224,641.376,0.72203602344202,0.54406368817075,1282.752,"2016_yk_102a","Yukon",2016,0.722964877402254,0.720015984447761,1001,643.729730958335,761.494227447731
1225,641.9,0.723464438788711,0.542886587443445,1283.8,"2016_yk_102a","Yukon",2016,0.722930919805348,0.720015984447761,1001,643.729730958335,761.494227447731
1226,642.424,0.721924930448913,0.538307352463687,1284.848,"2016_yk_102a","Yukon",2016,0.722854426383705,0.720015984447761,1001,643.729730958335,761.494227447731
1227,642.948,0.72229761428894,0.535469972606589,1285.896,"2016_yk_102a","Yukon",2016,0.722796956707705,0.720015984447761,1001,643.729730958335,761.494227447731
1228,643.472,0.723837059463947,0.548948481185983,1286.944,"2016_yk_102a","Yukon",2016,0.722728917428797,0.720015984447761,1001,643.729730958335,761.494227447731
1229,643.996,0.722143556577723,0.55056149527417,1287.992,"2016_yk_102a","Yukon",2016,0.722647231640938,0.720015984447761,1001,643.729730958335,761.494227447731
1230,644.52,0.723956027008073,0.547106689573871,1289.04,"2016_yk_102a","Yukon",2016,0.722607723385684,0.720015984447761,1001,643.729730958335,761.494227447731
1231,645.044,0.722780039295222,0.544563860662263,1290.088,"2016_yk_102a","Yukon",2016,0.722546924741146,0.720015984447761,1001,643.729730958335,761.494227447731
1232,645.568,0.722669105658543,0.54333783622807,1291.136,"2016_yk_102a","Yukon",2016,0.722488112718212,0.720015984447761,1001,643.729730958335,761.494227447731
1233,646.092,0.722616912253875,0.551507736472137,1292.184,"2016_yk_102a","Yukon",2016,0.722425971409231,0.720015984447761,1001,643.729730958335,761.494227447731
1234,646.616,0.722442297559062,0.543326062477577,1293.232,"2016_yk_102a","Yukon",2016,0.72238571320433,0.720015984447761,1001,643.729730958335,761.494227447731
1235,647.14,0.721527202173945,0.543651752297395,1294.28,"2016_yk_102a","Yukon",2016,0.722360573869411,0.720015984447761,1001,643.729730958335,761.494227447731
1236,647.664,0.721989887798652,0.560331574400732,1295.328,"2016_yk_102a","Yukon",2016,0.722312989185585,0.720015984447761,1001,643.729730958335,761.494227447731
1237,648.188,0.722028912912886,0.548457602535552,1296.376,"2016_yk_102a","Yukon",2016,0.72228825750509,0.720015984447761,1001,643.729730958335,761.494227447731
1238,648.712,0.723292531818348,0.532374263119418,1297.424,"2016_yk_102a","Yukon",2016,0.722198800085691,0.720015984447761,1001,643.729730958335,761.494227447731
1239,649.236,0.71994541834892,0.540329734346086,1298.472,"2016_yk_102a","Yukon",2016,0.722096930052191,0.720015984447761,1001,643.729730958335,761.494227447731
1240,649.76,0.720793865119687,0.544648348369696,1299.52,"2016_yk_102a","Yukon",2016,0.722043491503113,0.720015984447761,1001,643.729730958335,761.494227447731
1241,650.284,0.723057110382224,0.534226868990863,1300.568,"2016_yk_102a","Yukon",2016,0.721945438773629,0.720015984447761,1001,643.729730958335,761.494227447731
1242,650.808,0.724769432246032,0.527164087732868,1301.616,"2016_yk_102a","Yukon",2016,0.721889600878605,0.720015984447761,1001,643.729730958335,761.494227447731
1243,651.332,0.723735432831201,0.53828536895925,1302.664,"2016_yk_102a","Yukon",2016,0.721804263778783,0.720015984447761,1001,643.729730958335,761.494227447731
1244,651.856,0.722299360927522,0.53799720961292,1303.712,"2016_yk_102a","Yukon",2016,0.721729968625596,0.720015984447761,1001,643.729730958335,761.494227447731
1245,652.38,0.719694463937534,0.524133410889453,1304.76,"2016_yk_102a","Yukon",2016,0.721612028873778,0.720015984447761,1001,643.729730958335,761.494227447731
1246,652.904,0.722461433460021,0.526723985266331,1305.808,"2016_yk_102a","Yukon",2016,0.721550243906599,0.720015984447761,1001,643.729730958335,761.494227447731
1247,653.428,0.72216114599273,0.531911958083706,1306.856,"2016_yk_102a","Yukon",2016,0.721431763176599,0.720015984447761,1001,643.729730958335,761.494227447731
1248,653.952,0.72248623980884,0.540124650306919,1307.904,"2016_yk_102a","Yukon",2016,0.721412247391513,0.720015984447761,1001,643.729730958335,761.494227447731
1249,654.476,0.719793538294676,0.524065407959325,1308.952,"2016_yk_102a","Yukon",2016,0.721321647512845,0.720015984447761,1001,643.729730958335,761.494227447731
1250,655,0.720639185247711,0.528274621426438,1310,"2016_yk_102a","Yukon",2016,0.721233465745959,0.720015984447761,1001,643.729730958335,761.494227447731
1251,655.524,0.71978028699324,0.530521279394149,1311.048,"2016_yk_102a","Yukon",2016,0.721193341724349,0.720015984447761,1001,643.729730958335,761.494227447731
1252,656.048,0.723768065725777,0.53497083955489,1312.096,"2016_yk_102a","Yukon",2016,0.721110154269539,0.720015984447761,1001,643.729730958335,761.494227447731
1253,656.572,0.719147995081337,0.540315579166311,1313.144,"2016_yk_102a","Yukon",2016,0.720975130839743,0.720015984447761,1001,643.729730958335,761.494227447731
1254,657.096,0.720755262626669,0.544175893042681,1314.192,"2016_yk_102a","Yukon",2016,0.720891151075559,0.720015984447761,1001,643.729730958335,761.494227447731
1255,657.62,0.720629722587203,0.560173064573029,1315.24,"2016_yk_102a","Yukon",2016,0.720808300490944,0.720015984447761,1001,643.729730958335,761.494227447731
1256,658.144,0.719741491405699,0.557878293155357,1316.288,"2016_yk_102a","Yukon",2016,0.72077596480047,0.720015984447761,1001,643.729730958335,761.494227447731
1257,658.668,0.721068112540139,0.554572231365488,1317.336,"2016_yk_102a","Yukon",2016,0.720698818579888,0.720015984447761,1001,643.729730958335,761.494227447731
1258,659.192,0.720962755765586,0.55466865608523,1318.384,"2016_yk_102a","Yukon",2016,0.72058184132622,0.720015984447761,1001,643.729730958335,761.494227447731
1259,659.716,0.719188497184331,0.557348412436755,1319.432,"2016_yk_102a","Yukon",2016,0.720481726379185,0.720015984447761,1001,643.729730958335,761.494227447731
1260,660.24,0.720541227290732,0.549713893079707,1320.48,"2016_yk_102a","Yukon",2016,0.72039108634267,0.720015984447761,1001,643.729730958335,761.494227447731
1261,660.764,0.720121018546085,0.545158109814698,1321.528,"2016_yk_102a","Yukon",2016,0.720299348106096,0.720015984447761,1001,643.729730958335,761.494227447731
1262,661.288,0.721747976711301,0.553611718846896,1322.576,"2016_yk_102a","Yukon",2016,0.720236684440257,0.720015984447761,1001,643.729730958335,761.494227447731
1263,661.812,0.719669601162275,0.566141945493786,1323.624,"2016_yk_102a","Yukon",2016,0.72018506755422,0.720015984447761,1001,643.729730958335,761.494227447731
1264,662.336,0.720328981028423,0.559336204448965,1324.672,"2016_yk_102a","Yukon",2016,0.720119920385691,0.720015984447761,1001,643.729730958335,761.494227447731
1265,662.86,0.721623210603474,0.556021643617893,1325.72,"2016_yk_102a","Yukon",2016,0.720062881051414,0.720015984447761,1001,643.729730958335,761.494227447731
1266,663.384,0.720800641986175,0.563920535039475,1326.768,"2016_yk_102a","Yukon",2016,0.720006279485952,0.720015984447761,1001,643.729730958335,761.494227447731
1267,663.908,0.723067293236555,0.566149865359837,1327.816,"2016_yk_102a","Yukon",2016,0.719917598628637,0.720015984447761,1001,643.729730958335,761.494227447731
1268,664.432,0.719335158737108,0.54839958017152,1328.864,"2016_yk_102a","Yukon",2016,0.719808789914859,0.720015984447761,1001,643.729730958335,761.494227447731
1269,664.956,0.720060073836119,0.548287471557358,1329.912,"2016_yk_102a","Yukon",2016,0.719757187437391,0.720015984447761,1001,643.729730958335,761.494227447731
1270,665.48,0.721467993756165,0.559019451952736,1330.96,"2016_yk_102a","Yukon",2016,0.719693718020846,0.720015984447761,1001,643.729730958335,761.494227447731
1271,666.004,0.718459030629426,0.554449133698801,1332.008,"2016_yk_102a","Yukon",2016,0.719629747346348,0.720015984447761,1001,643.729730958335,761.494227447731
1272,666.528,0.719291326582119,0.540384549515483,1333.056,"2016_yk_102a","Yukon",2016,0.719518127799169,0.720015984447761,1001,643.729730958335,761.494227447731
1273,667.052,0.719320787603146,0.549187339342408,1334.104,"2016_yk_102a","Yukon",2016,0.719406972366295,0.720015984447761,1001,643.729730958335,761.494227447731
1274,667.576,0.7189352728961,0.556580689136241,1335.152,"2016_yk_102a","Yukon",2016,0.719347186330566,0.720015984447761,1001,643.729730958335,761.494227447731
1275,668.1,0.717754678273776,0.548162985188861,1336.2,"2016_yk_102a","Yukon",2016,0.719327941621873,0.720015984447761,1001,643.729730958335,761.494227447731
1276,668.624,0.720871417385701,0.543388555173982,1337.248,"2016_yk_102a","Yukon",2016,0.719257458815432,0.720015984447761,1001,643.729730958335,761.494227447731
1277,669.148,0.718135704699165,0.5487401972864,1338.296,"2016_yk_102a","Yukon",2016,0.719165376007531,0.720015984447761,1001,643.729730958335,761.494227447731
1278,669.672,0.719593827761689,0.557918665387046,1339.344,"2016_yk_102a","Yukon",2016,0.719096662671046,0.720015984447761,1001,643.729730958335,761.494227447731
1279,670.196,0.717508494096236,0.5542778476568,1340.392,"2016_yk_102a","Yukon",2016,0.719058571813414,0.720015984447761,1001,643.729730958335,761.494227447731
1280,670.72,0.719417844210573,0.547640698607471,1341.44,"2016_yk_102a","Yukon",2016,0.71899514676119,0.720015984447761,1001,643.729730958335,761.494227447731
1281,671.244,0.71970372005682,0.56347969527415,1342.488,"2016_yk_102a","Yukon",2016,0.718965334563051,0.720015984447761,1001,643.729730958335,761.494227447731
1282,671.768,0.717888198651728,0.556223223373716,1343.536,"2016_yk_102a","Yukon",2016,0.718824027907607,0.720015984447761,1001,643.729730958335,761.494227447731
1283,672.292,0.716979014647751,0.549767437772375,1344.584,"2016_yk_102a","Yukon",2016,0.718808679668044,0.720015984447761,1001,643.729730958335,761.494227447731
1284,672.816,0.716997237590996,0.568578996822735,1345.632,"2016_yk_102a","Yukon",2016,0.718753426348307,0.720015984447761,1001,643.729730958335,761.494227447731
1285,673.34,0.718493403711817,0.574049025133187,1346.68,"2016_yk_102a","Yukon",2016,0.718673434207427,0.720015984447761,1001,643.729730958335,761.494227447731
1286,673.864,0.719984789020457,0.572474582688648,1347.728,"2016_yk_102a","Yukon",2016,0.718647460407345,0.720015984447761,1001,643.729730958335,761.494227447731
1287,674.388,0.717668841054038,0.565826409237197,1348.776,"2016_yk_102a","Yukon",2016,0.718602722260405,0.720015984447761,1001,643.729730958335,761.494227447731
1288,674.912,0.716818424243842,0.574360605906889,1349.824,"2016_yk_102a","Yukon",2016,0.718528260091268,0.720015984447761,1001,643.729730958335,761.494227447731
1289,675.436,0.716136659755631,0.577805282333587,1350.872,"2016_yk_102a","Yukon",2016,0.718460019922417,0.720015984447761,1001,643.729730958335,761.494227447731
1290,675.96,0.718517624817186,0.587799099299531,1351.92,"2016_yk_102a","Yukon",2016,0.718417051248816,0.720015984447761,1001,643.729730958335,761.494227447731
1291,676.484,0.717275745100735,0.578676167406292,1352.968,"2016_yk_102a","Yukon",2016,0.718337135350361,0.720015984447761,1001,643.729730958335,761.494227447731
1292,677.008,0.718909285708229,0.592198939702046,1354.016,"2016_yk_102a","Yukon",2016,0.718281958665096,0.720015984447761,1001,643.729730958335,761.494227447731
1293,677.532,0.719519899091647,0.606582896363476,1355.064,"2016_yk_102a","Yukon",2016,0.718255463936803,0.720015984447761,1001,643.729730958335,761.494227447731
1294,678.056,0.718533467447305,0.605064059972911,1356.112,"2016_yk_102a","Yukon",2016,0.718188503401793,0.720015984447761,1001,643.729730958335,761.494227447731
1295,678.58,0.718104842117368,0.577957774463528,1357.16,"2016_yk_102a","Yukon",2016,0.718121313314324,0.720015984447761,1001,643.729730958335,761.494227447731
1296,679.104,0.718593793870884,0.580175693190495,1358.208,"2016_yk_102a","Yukon",2016,0.718042982240092,0.720015984447761,1001,643.729730958335,761.494227447731
1297,679.628,0.716708061474037,0.58411401127504,1359.256,"2016_yk_102a","Yukon",2016,0.717939382721536,0.720015984447761,1001,643.729730958335,761.494227447731
1298,680.152,0.716764008991616,0.580597932236124,1360.304,"2016_yk_102a","Yukon",2016,0.71789542517496,0.720015984447761,1001,643.729730958335,761.494227447731
1299,680.676,0.716849269700835,0.583032990390123,1361.352,"2016_yk_102a","Yukon",2016,0.717854960307446,0.720015984447761,1001,643.729730958335,761.494227447731
1300,681.2,0.716985700127014,0.598881046845111,1362.4,"2016_yk_102a","Yukon",2016,0.717802451330035,0.720015984447761,1001,643.729730958335,761.494227447731
1301,681.724,0.719218869912339,0.602478397089538,1363.448,"2016_yk_102a","Yukon",2016,0.717783833299779,0.720015984447761,1001,643.729730958335,761.494227447731
1302,682.248,0.718072259415297,0.589593943588822,1364.496,"2016_yk_102a","Yukon",2016,0.717736078395994,0.720015984447761,1001,643.729730958335,761.494227447731
1303,682.772,0.717066106858729,0.59110263907169,1365.544,"2016_yk_102a","Yukon",2016,0.717691543866419,0.720015984447761,1001,643.729730958335,761.494227447731
1304,683.296,0.718712198783816,0.604284235491507,1366.592,"2016_yk_102a","Yukon",2016,0.717637565316479,0.720015984447761,1001,643.729730958335,761.494227447731
1305,683.82,0.718539781415952,0.604455046906369,1367.64,"2016_yk_102a","Yukon",2016,0.717608438708015,0.720015984447761,1001,643.729730958335,761.494227447731
1306,684.344,0.718232465073542,0.59728208545636,1368.688,"2016_yk_102a","Yukon",2016,0.717542370163752,0.720015984447761,1001,643.729730958335,761.494227447731
1307,684.868,0.716636177518707,0.596995412014823,1369.736,"2016_yk_102a","Yukon",2016,0.717488865654132,0.720015984447761,1001,643.729730958335,761.494227447731
1308,685.392,0.718363439619717,0.60623161947271,1370.784,"2016_yk_102a","Yukon",2016,0.717436644965869,0.720015984447761,1001,643.729730958335,761.494227447731
1309,685.916,0.717508086836763,0.607057394771674,1371.832,"2016_yk_102a","Yukon",2016,0.717394279917591,0.720015984447761,1001,643.729730958335,761.494227447731
1310,686.44,0.71683368211427,0.602861908004275,1372.88,"2016_yk_102a","Yukon",2016,0.717350962695021,0.720015984447761,1001,643.729730958335,761.494227447731
1311,686.964,0.717991555104909,0.608590605879895,1373.928,"2016_yk_102a","Yukon",2016,0.717296670871395,0.720015984447761,1001,643.729730958335,761.494227447731
1312,687.488,0.71528966639913,0.610477408300783,1374.976,"2016_yk_102a","Yukon",2016,0.717250328416618,0.720015984447761,1001,643.729730958335,761.494227447731
1313,688.012,0.718227100707576,0.599807925062289,1376.024,"2016_yk_102a","Yukon",2016,0.717218703595686,0.720015984447761,1001,643.729730958335,761.494227447731
1314,688.536,0.717440063442448,0.590258215716016,1377.072,"2016_yk_102a","Yukon",2016,0.71719403939801,0.720015984447761,1001,643.729730958335,761.494227447731
1315,689.06,0.71583019413437,0.607640083416654,1378.12,"2016_yk_102a","Yukon",2016,0.717126859066496,0.720015984447761,1001,643.729730958335,761.494227447731
1316,689.584,0.718183063400772,0.609951886399992,1379.168,"2016_yk_102a","Yukon",2016,0.71705663880745,0.720015984447761,1001,643.729730958335,761.494227447731
1317,690.108,0.718383823723773,0.602558054269428,1380.216,"2016_yk_102a","Yukon",2016,0.717014708692686,0.720015984447761,1001,643.729730958335,761.494227447731
1318,690.632,0.716495025617367,0.593083304061719,1381.264,"2016_yk_102a","Yukon",2016,0.716982555942458,0.720015984447761,1001,643.729730958335,761.494227447731
1319,691.156,0.715094087053263,0.609274626564446,1382.312,"2016_yk_102a","Yukon",2016,0.716994192012234,0.720015984447761,1001,643.729730958335,761.494227447731
1320,691.68,0.717963106874695,0.5982731532191,1383.36,"2016_yk_102a","Yukon",2016,0.716935063713338,0.720015984447761,1001,643.729730958335,761.494227447731
1321,692.204,0.715326064638766,0.581758816543277,1384.408,"2016_yk_102a","Yukon",2016,0.71690987457307,0.720015984447761,1001,643.729730958335,761.494227447731
1322,692.728,0.718437375595423,0.572748387571619,1385.456,"2016_yk_102a","Yukon",2016,0.716845342029216,0.720015984447761,1001,643.729730958335,761.494227447731
1323,693.252,0.718079917464654,0.588682178483338,1386.504,"2016_yk_102a","Yukon",2016,0.716774431272464,0.720015984447761,1001,643.729730958335,761.494227447731
1324,693.776,0.716311348927872,0.586020343039523,1387.552,"2016_yk_102a","Yukon",2016,0.716739558636663,0.720015984447761,1001,643.729730958335,761.494227447731
1325,694.3,0.717591805355339,0.571753873558538,1388.6,"2016_yk_102a","Yukon",2016,0.716699969048429,0.720015984447761,1001,643.729730958335,761.494227447731
1326,694.824,0.716100777532212,0.574639292247063,1389.648,"2016_yk_102a","Yukon",2016,0.716630185921154,0.720015984447761,1001,643.729730958335,761.494227447731
1327,695.348,0.716851322123193,0.591980527846787,1390.696,"2016_yk_102a","Yukon",2016,0.71660877205013,0.720015984447761,1001,643.729730958335,761.494227447731
1328,695.872,0.716697705942552,0.589946459648824,1391.744,"2016_yk_102a","Yukon",2016,0.71660281744285,0.720015984447761,1001,643.729730958335,761.494227447731
1329,696.396,0.71763218178531,0.591414674718701,1392.792,"2016_yk_102a","Yukon",2016,0.716555841558318,0.720015984447761,1001,643.729730958335,761.494227447731
1330,696.92,0.718317455111506,0.590688347772511,1393.84,"2016_yk_102a","Yukon",2016,0.716545515599767,0.720015984447761,1001,643.729730958335,761.494227447731
1331,697.444,0.717341948814035,0.601494201439175,1394.888,"2016_yk_102a","Yukon",2016,0.716486825937,0.720015984447761,1001,643.729730958335,761.494227447731
1332,697.968,0.716426032355031,0.595976161782158,1395.936,"2016_yk_102a","Yukon",2016,0.71641675552409,0.720015984447761,1001,643.729730958335,761.494227447731
1333,698.492,0.716648715828639,0.581427198240606,1396.984,"2016_yk_102a","Yukon",2016,0.716364445848632,0.720015984447761,1001,643.729730958335,761.494227447731
1334,699.016,0.715696559899684,0.598325546594322,1398.032,"2016_yk_102a","Yukon",2016,0.71631421784226,0.720015984447761,1001,643.729730958335,761.494227447731
1335,699.54,0.71600708176594,0.604143570927049,1399.08,"2016_yk_102a","Yukon",2016,0.716250813170041,0.720015984447761,1001,643.729730958335,761.494227447731
1336,700.064,0.716907304729959,0.597665237039429,1400.128,"2016_yk_102a","Yukon",2016,0.716181648333171,0.720015984447761,1001,643.729730958335,761.494227447731
1337,700.588,0.714925434121947,0.591935927153337,1401.176,"2016_yk_102a","Yukon",2016,0.716138252496889,0.720015984447761,1001,643.729730958335,761.494227447731
1338,701.112,0.716460586465917,0.596579553718214,1402.224,"2016_yk_102a","Yukon",2016,0.716052253110291,0.720015984447761,1001,643.729730958335,761.494227447731
1339,701.636,0.714966591199555,0.600257877589686,1403.272,"2016_yk_102a","Yukon",2016,0.715959147856354,0.720015984447761,1001,643.729730958335,761.494227447731
1340,702.16,0.716818810856356,0.594453218741214,1404.32,"2016_yk_102a","Yukon",2016,0.715924488410188,0.720015984447761,1001,643.729730958335,761.494227447731
1341,702.684,0.716446210639285,0.581330979621935,1405.368,"2016_yk_102a","Yukon",2016,0.71586156935288,0.720015984447761,1001,643.729730958335,761.494227447731
1342,703.208,0.715107651365107,0.588424410409894,1406.416,"2016_yk_102a","Yukon",2016,0.715854642825174,0.720015984447761,1001,643.729730958335,761.494227447731
1343,703.732,0.715081525391828,0.594560006398495,1407.464,"2016_yk_102a","Yukon",2016,0.715791625571953,0.720015984447761,1001,643.729730958335,761.494227447731
1344,704.256,0.715517385730416,0.580948015118221,1408.512,"2016_yk_102a","Yukon",2016,0.715718568386471,0.720015984447761,1001,643.729730958335,761.494227447731
1345,704.78,0.714462583820994,0.579006457325321,1409.56,"2016_yk_102a","Yukon",2016,0.715689566825128,0.720015984447761,1001,643.729730958335,761.494227447731
1346,705.304,0.715771573477668,0.580476053494416,1410.608,"2016_yk_102a","Yukon",2016,0.715631766961767,0.720015984447761,1001,643.729730958335,761.494227447731
1347,705.828,0.715153034168241,0.584924069411753,1411.656,"2016_yk_102a","Yukon",2016,0.715547493215248,0.720015984447761,1001,643.729730958335,761.494227447731
1348,706.352,0.714889259230143,0.579716256374933,1412.704,"2016_yk_102a","Yukon",2016,0.715486992315423,0.720015984447761,1001,643.729730958335,761.494227447731
1349,706.876,0.71683482394219,0.582643346859362,1413.752,"2016_yk_102a","Yukon",2016,0.715480739617442,0.720015984447761,1001,643.729730958335,761.494227447731
1350,707.4,0.714969926883429,0.585050792545839,1414.8,"2016_yk_102a","Yukon",2016,0.715414197667065,0.720015984447761,1001,643.729730958335,761.494227447731
1351,707.924,0.715764396684679,0.574594417517248,1415.848,"2016_yk_102a","Yukon",2016,0.715386697366709,0.720015984447761,1001,643.729730958335,761.494227447731
1352,708.448,0.715037333076957,0.56208773579063,1416.896,"2016_yk_102a","Yukon",2016,0.715313010664466,0.720015984447761,1001,643.729730958335,761.494227447731
1353,708.972,0.715265253686529,0.57118418409769,1417.944,"2016_yk_102a","Yukon",2016,0.715218733050835,0.720015984447761,1001,643.729730958335,761.494227447731
1354,709.496,0.716441109299229,0.576768830565059,1418.992,"2016_yk_102a","Yukon",2016,0.71516407597727,0.720015984447761,1001,643.729730958335,761.494227447731
1355,710.02,0.715729466823353,0.570891508655479,1420.04,"2016_yk_102a","Yukon",2016,0.715068444831398,0.720015984447761,1001,643.729730958335,761.494227447731
1356,710.544,0.714406806234398,0.559082250068885,1421.088,"2016_yk_102a","Yukon",2016,0.714995528506339,0.720015984447761,1001,643.729730958335,761.494227447731
1357,711.068,0.715423229212578,0.567506467443096,1422.136,"2016_yk_102a","Yukon",2016,0.714907550496491,0.720015984447761,1001,643.729730958335,761.494227447731
1358,711.592,0.716406732554812,0.565986299627979,1423.184,"2016_yk_102a","Yukon",2016,0.714839726506008,0.720015984447761,1001,643.729730958335,761.494227447731
1359,712.116,0.714030716628906,0.556891241301268,1424.232,"2016_yk_102a","Yukon",2016,0.714750015289378,0.720015984447761,1001,643.729730958335,761.494227447731
1360,712.64,0.716366142613972,0.545149053648189,1425.28,"2016_yk_102a","Yukon",2016,0.71465311830057,0.720015984447761,1001,643.729730958335,761.494227447731
1361,713.164,0.715697490146315,0.56103994721276,1426.328,"2016_yk_102a","Yukon",2016,0.714557871487928,0.720015984447761,1001,643.729730958335,761.494227447731
1362,713.688,0.713868034640706,0.55853746163365,1427.376,"2016_yk_102a","Yukon",2016,0.714468073527431,0.720015984447761,1001,643.729730958335,761.494227447731
1363,714.212,0.71392752633124,0.549781051189909,1428.424,"2016_yk_102a","Yukon",2016,0.714410196513861,0.720015984447761,1001,643.729730958335,761.494227447731
1364,714.736,0.715698518401515,0.551089830644074,1429.472,"2016_yk_102a","Yukon",2016,0.714325145612681,0.720015984447761,1001,643.729730958335,761.494227447731
1365,715.26,0.714735501082794,0.562001375437801,1430.52,"2016_yk_102a","Yukon",2016,0.714222248338499,0.720015984447761,1001,643.729730958335,761.494227447731
1366,715.784,0.714082574861356,0.567583808104945,1431.568,"2016_yk_102a","Yukon",2016,0.714122713216232,0.720015984447761,1001,643.729730958335,761.494227447731
1367,716.308,0.714032427341754,0.562859129360852,1432.616,"2016_yk_102a","Yukon",2016,0.714090720500372,0.720015984447761,1001,643.729730958335,761.494227447731
1368,716.832,0.713203476423824,0.570536424665581,1433.664,"2016_yk_102a","Yukon",2016,0.714016411046541,0.720015984447761,1001,643.729730958335,761.494227447731
1369,717.356,0.71192177160057,0.581663021299195,1434.712,"2016_yk_102a","Yukon",2016,0.713949043320271,0.720015984447761,1001,643.729730958335,761.494227447731
1370,717.88,0.714754115344282,0.590768245234505,1435.76,"2016_yk_102a","Yukon",2016,0.713854912532515,0.720015984447761,1001,643.729730958335,761.494227447731
1371,718.404,0.714216411666456,0.584861786342722,1436.808,"2016_yk_102a","Yukon",2016,0.713789239910912,0.720015984447761,1001,643.729730958335,761.494227447731
1372,718.928,0.714874074736766,0.606034377131552,1437.856,"2016_yk_102a","Yukon",2016,0.713721674432811,0.720015984447761,1001,643.729730958335,761.494227447731
1373,719.452,0.714446065514341,0.620394542091265,1438.904,"2016_yk_102a","Yukon",2016,0.713660042506087,0.720015984447761,1001,643.729730958335,761.494227447731
1374,719.976,0.713056632313489,0.621472648602926,1439.952,"2016_yk_102a","Yukon",2016,0.71356723262702,0.720015984447761,1001,643.729730958335,761.494227447731
1375,720.5,0.714090100453788,0.622455159767144,1441,"2016_yk_102a","Yukon",2016,0.713497638094602,0.720015984447761,1001,643.729730958335,761.494227447731
1376,721.024,0.7147150715991,0.633444079360843,1442.048,"2016_yk_102a","Yukon",2016,0.71341234712296,0.720015984447761,1001,643.729730958335,761.494227447731
1377,721.548,0.713327398932682,0.652717147029775,1443.096,"2016_yk_102a","Yukon",2016,0.713351867425495,0.720015984447761,1001,643.729730958335,761.494227447731
1378,722.072,0.712864971627872,0.635049430817377,1444.144,"2016_yk_102a","Yukon",2016,0.713289930900284,0.720015984447761,1001,643.729730958335,761.494227447731
1379,722.596,0.714718925174394,0.635062240308843,1445.192,"2016_yk_102a","Yukon",2016,0.713186891562275,0.720015984447761,1001,643.729730958335,761.494227447731
1380,723.12,0.713970589852046,0.667542608090574,1446.24,"2016_yk_102a","Yukon",2016,0.713139755500227,0.720015984447761,1001,643.729730958335,761.494227447731
1381,723.644,0.713676046617418,0.681621202519592,1447.288,"2016_yk_102a","Yukon",2016,0.713074327274449,0.720015984447761,1001,643.729730958335,761.494227447731
1382,724.168,0.71401617346084,0.66884044251016,1448.336,"2016_yk_102a","Yukon",2016,0.712991423175971,0.720015984447761,1001,643.729730958335,761.494227447731
1383,724.692,0.712423260646825,0.67779079724129,1449.384,"2016_yk_102a","Yukon",2016,0.712921781158906,0.720015984447761,1001,643.729730958335,761.494227447731
1384,725.216,0.713031924513958,0.713030469620152,1450.432,"2016_yk_102a","Yukon",2016,0.712807227969703,0.720015984447761,1001,643.729730958335,761.494227447731
1385,725.74,0.711853936602977,0.734447131380182,1451.48,"2016_yk_102a","Yukon",2016,0.712720722117822,0.720015984447761,1001,643.729730958335,761.494227447731
1386,726.264,0.711725798028713,0.726082629074795,1452.528,"2016_yk_102a","Yukon",2016,0.712658423685111,0.720015984447761,1001,643.729730958335,761.494227447731
1387,726.788,0.711572641532305,0.752338171686874,1453.576,"2016_yk_102a","Yukon",2016,0.712588579542723,0.720015984447761,1001,643.729730958335,761.494227447731
1388,727.312,0.712628266513567,0.788966122784712,1454.624,"2016_yk_102a","Yukon",2016,0.712487536027639,0.720015984447761,1001,643.729730958335,761.494227447731
1389,727.836,0.712249508787529,0.797115713250205,1455.672,"2016_yk_102a","Yukon",2016,0.712425230383221,0.720015984447761,1001,643.729730958335,761.494227447731
1390,728.36,0.712503635782973,0.796158485938158,1456.72,"2016_yk_102a","Yukon",2016,0.712334559771357,0.720015984447761,1001,643.729730958335,761.494227447731
1391,728.884,0.711627140055517,0.832443447601084,1457.768,"2016_yk_102a","Yukon",2016,0.71225778808262,0.720015984447761,1001,643.729730958335,761.494227447731
1392,729.408,0.711038154725266,0.869376368922869,1458.816,"2016_yk_102a","Yukon",2016,0.712183162919509,0.720015984447761,1001,643.729730958335,761.494227447731
1393,729.932,0.713176095014427,0.871578255046066,1459.864,"2016_yk_102a","Yukon",2016,0.712113233096729,0.720015984447761,1001,643.729730958335,761.494227447731
1394,730.456,0.710593505828856,0.879331551653686,1460.912,"2016_yk_102a","Yukon",2016,0.712024117756719,0.720015984447761,1001,643.729730958335,761.494227447731
1395,730.98,0.709833245315046,0.908681885374216,1461.96,"2016_yk_102a","Yukon",2016,0.711958425580792,0.720015984447761,1001,643.729730958335,761.494227447731
1396,731.504,0.710935197393943,0.951462702890691,1463.008,"2016_yk_102a","Yukon",2016,0.711904496984226,0.720015984447761,1001,643.729730958335,761.494227447731
1397,732.028,0.713005871170333,0.94612232368107,1464.056,"2016_yk_102a","Yukon",2016,0.711842031681971,0.720015984447761,1001,643.729730958335,761.494227447731
1398,732.552,0.712002019236071,0.943121768031433,1465.104,"2016_yk_102a","Yukon",2016,0.711805430517696,0.720015984447761,1001,643.729730958335,761.494227447731
1399,733.076,0.710924527623333,0.980621810644534,1466.152,"2016_yk_102a","Yukon",2016,0.711763675227577,0.720015984447761,1001,643.729730958335,761.494227447731
1400,733.6,0.711170963590989,1.02635856752392,1467.2,"2016_yk_102a","Yukon",2016,0.711686703769008,0.720015984447761,1001,643.729730958335,761.494227447731
1401,734.124,0.712505853343098,1.03954504137955,1468.248,"2016_yk_102a","Yukon",2016,0.711607190780254,0.720015984447761,1001,643.729730958335,761.494227447731
1402,734.648,0.711053722679035,1.03382977233478,1469.296,"2016_yk_102a","Yukon",2016,0.711531446535554,0.720015984447761,1001,643.729730958335,761.494227447731
1403,735.172,0.711383609788424,1.06679022178039,1470.344,"2016_yk_102a","Yukon",2016,0.711453279259073,0.720015984447761,1001,643.729730958335,761.494227447731
1404,735.696,0.709948792986409,1.08566551107641,1471.392,"2016_yk_102a","Yukon",2016,0.71141188582566,0.720015984447761,1001,643.729730958335,761.494227447731
1405,736.22,0.710286911875858,1.0642032292524,1472.44,"2016_yk_102a","Yukon",2016,0.711342388836937,0.720015984447761,1001,643.729730958335,761.494227447731
1406,736.744,0.710654115179163,1.07109741956606,1473.488,"2016_yk_102a","Yukon",2016,0.71126435271862,0.720015984447761,1001,643.729730958335,761.494227447731
1407,737.268,0.711524252320372,1.13119798463942,1474.536,"2016_yk_102a","Yukon",2016,0.711201461587253,0.720015984447761,1001,643.729730958335,761.494227447731
1408,737.792,0.711173067717482,1.15250447219302,1475.584,"2016_yk_102a","Yukon",2016,0.711164968941719,0.720015984447761,1001,643.729730958335,761.494227447731
1409,738.316,0.710652463661615,1.13540198013101,1476.632,"2016_yk_102a","Yukon",2016,0.711098883535965,0.720015984447761,1001,643.729730958335,761.494227447731
1410,738.84,0.712141763160547,1.15209858190767,1477.68,"2016_yk_102a","Yukon",2016,0.711042348569947,0.720015984447761,1001,643.729730958335,761.494227447731
1411,739.364,0.711838703137991,1.1870245754362,1478.728,"2016_yk_102a","Yukon",2016,0.710986730133295,0.720015984447761,1001,643.729730958335,761.494227447731
1412,739.888,0.710063087168295,1.20071597020629,1479.776,"2016_yk_102a","Yukon",2016,0.710913998676525,0.720015984447761,1001,643.729730958335,761.494227447731
1413,740.412,0.711086732662649,1.18690163568129,1480.824,"2016_yk_102a","Yukon",2016,0.71088353905002,0.720015984447761,1001,643.729730958335,761.494227447731
1414,740.936,0.709567917947015,1.21049128313144,1481.872,"2016_yk_102a","Yukon",2016,0.710833881887118,0.720015984447761,1001,643.729730958335,761.494227447731
1415,741.46,0.710539115710531,1.22559937536668,1482.92,"2016_yk_102a","Yukon",2016,0.710808868189474,0.720015984447761,1001,643.729730958335,761.494227447731
1416,741.984,0.71066890027173,1.21449069267147,1483.968,"2016_yk_102a","Yukon",2016,0.710786547465533,0.720015984447761,1001,643.729730958335,761.494227447731
1417,742.508,0.711232580669298,1.21548180323379,1485.016,"2016_yk_102a","Yukon",2016,0.710743386340636,0.720015984447761,1001,643.729730958335,761.494227447731
1418,743.032,0.710344121649776,1.25109370533299,1486.064,"2016_yk_102a","Yukon",2016,0.710692702396932,0.720015984447761,1001,643.729730958335,761.494227447731
1419,743.556,0.710292377963829,1.29011718792736,1487.112,"2016_yk_102a","Yukon",2016,0.710658195140718,0.720015984447761,1001,643.729730958335,761.494227447731
1420,744.08,0.710925905902124,1.28279979035798,1488.16,"2016_yk_102a","Yukon",2016,0.710623478906246,0.720015984447761,1001,643.729730958335,761.494227447731
1421,744.604,0.711091188822115,1.27979508910323,1489.208,"2016_yk_102a","Yukon",2016,0.710590383357098,0.720015984447761,1001,643.729730958335,761.494227447731
1422,745.128,0.709390524854012,1.32953863815863,1490.256,"2016_yk_102a","Yukon",2016,0.710568837128981,0.720015984447761,1001,643.729730958335,761.494227447731
1423,745.652,0.709731736964461,1.33715732673184,1491.304,"2016_yk_102a","Yukon",2016,0.710504524137312,0.720015984447761,1001,643.729730958335,761.494227447731
1424,746.176,0.710351598000905,1.32798349097539,1492.352,"2016_yk_102a","Yukon",2016,0.710503258964484,0.720015984447761,1001,643.729730958335,761.494227447731
1425,746.7,0.710793970527184,1.33851293966324,1493.4,"2016_yk_102a","Yukon",2016,0.71050134972836,0.720015984447761,1001,643.729730958335,761.494227447731
1426,747.224,0.710846859067404,1.38573152568894,1494.448,"2016_yk_102a","Yukon",2016,0.710485146170207,0.720015984447761,1001,643.729730958335,761.494227447731
1427,747.748,0.710284509206423,1.39438583977569,1495.496,"2016_yk_102a","Yukon",2016,0.710443170279976,0.720015984447761,1001,643.729730958335,761.494227447731
1428,748.272,0.711007406567334,1.38657170509668,1496.544,"2016_yk_102a","Yukon",2016,0.7104072463759,0.720015984447761,1001,643.729730958335,761.494227447731
1429,748.796,0.709416454193452,1.36615208113217,1497.592,"2016_yk_102a","Yukon",2016,0.710399714168295,0.720015984447761,1001,643.729730958335,761.494227447731
1430,749.32,0.710135827830133,1.42330531274252,1498.64,"2016_yk_102a","Yukon",2016,0.710374326118808,0.720015984447761,1001,643.729730958335,761.494227447731
1431,749.844,0.709445632341176,1.4104923532052,1499.688,"2016_yk_102a","Yukon",2016,0.710336531086747,0.720015984447761,1001,643.729730958335,761.494227447731
1432,750.368,0.71032942005476,1.4015466666922,1500.736,"2016_yk_102a","Yukon",2016,0.710317582460699,0.720015984447761,1001,643.729730958335,761.494227447731
1433,750.892,0.709756028925536,1.41832631383814,1501.784,"2016_yk_102a","Yukon",2016,0.710284958066376,0.720015984447761,1001,643.729730958335,761.494227447731
1434,751.416,0.710573026308709,1.4534079163614,1502.832,"2016_yk_102a","Yukon",2016,0.710274435029338,0.720015984447761,1001,643.729730958335,761.494227447731
1435,751.94,0.70992028113039,1.46313944626173,1503.88,"2016_yk_102a","Yukon",2016,0.710268953978607,0.720015984447761,1001,643.729730958335,761.494227447731
1436,752.464,0.710032904500081,1.48989095487937,1504.928,"2016_yk_102a","Yukon",2016,0.71024556511466,0.720015984447761,1001,643.729730958335,761.494227447731
1437,752.988,0.709553931050629,1.51841049773977,1505.976,"2016_yk_102a","Yukon",2016,0.710207417632926,0.720015984447761,1001,643.729730958335,761.494227447731
1438,753.512,0.710675412895862,1.52637630695796,1507.024,"2016_yk_102a","Yukon",2016,0.710183023595801,0.720015984447761,1001,643.729730958335,761.494227447731
1439,754.036,0.710753800829167,1.49265619564607,1508.072,"2016_yk_102a","Yukon",2016,0.710186063094709,0.720015984447761,1001,643.729730958335,761.494227447731
1440,754.56,0.71057849189094,1.48397315571122,1509.12,"2016_yk_102a","Yukon",2016,0.710149370680884,0.720015984447761,1001,643.729730958335,761.494227447731
1441,755.084,0.7103389404183,1.4970311105167,1510.168,"2016_yk_102a","Yukon",2016,0.7101124098285,0.720015984447761,1001,643.729730958335,761.494227447731
1442,755.608,0.70965228605467,1.51468240563926,1511.216,"2016_yk_102a","Yukon",2016,0.710111275778653,0.720015984447761,1001,643.729730958335,761.494227447731
1443,756.132,0.710595683056488,1.50458818762913,1512.264,"2016_yk_102a","Yukon",2016,0.710079504765396,0.720015984447761,1001,643.729730958335,761.494227447731
1444,756.656,0.710052494739843,1.50006157960473,1513.312,"2016_yk_102a","Yukon",2016,0.710072347377843,0.720015984447761,1001,643.729730958335,761.494227447731
1445,757.18,0.710353114744336,1.51600738845222,1514.36,"2016_yk_102a","Yukon",2016,0.710054176908065,0.720015984447761,1001,643.729730958335,761.494227447731
1446,757.704,0.710386554592292,1.52468078021491,1515.408,"2016_yk_102a","Yukon",2016,0.710039753496647,0.720015984447761,1001,643.729730958335,761.494227447731
1447,758.228,0.708982974038451,1.51349357208263,1516.456,"2016_yk_102a","Yukon",2016,0.710025097527446,0.720015984447761,1001,643.729730958335,761.494227447731
1448,758.752,0.709587229891323,1.52540149317342,1517.504,"2016_yk_102a","Yukon",2016,0.710029629502684,0.720015984447761,1001,643.729730958335,761.494227447731
1449,759.276,0.710179073414715,1.55724372645425,1518.552,"2016_yk_102a","Yukon",2016,0.71002579991416,0.720015984447761,1001,643.729730958335,761.494227447731
1450,759.8,0.710420661714618,1.53351015967128,1519.6,"2016_yk_102a","Yukon",2016,0.709996166040679,0.720015984447761,1001,643.729730958335,761.494227447731
1451,760.324,0.709641407106641,1.49785146260264,1520.648,"2016_yk_102a","Yukon",2016,0.709961206554136,0.720015984447761,1001,643.729730958335,761.494227447731
1452,760.848,0.709745381038272,1.52288399365661,1521.696,"2016_yk_102a","Yukon",2016,0.709962942818222,0.720015984447761,1001,643.729730958335,761.494227447731
1453,761.372,0.709317315514287,1.55169197918247,1522.744,"2016_yk_102a","Yukon",2016,0.709953463431947,0.720015984447761,1001,643.729730958335,761.494227447731
1454,761.896,0.710517595459193,1.53522566334867,1523.792,"2016_yk_102a","Yukon",2016,0.709947122270822,0.720015984447761,1001,643.729730958335,761.494227447731
1455,762.42,0.709718691147592,1.51591715928741,1524.84,"2016_yk_102a","Yukon",2016,0.709936873664394,0.720015984447761,1001,643.729730958335,761.494227447731
1456,762.944,0.70996298390476,1.52915336542312,1525.888,"2016_yk_102a","Yukon",2016,0.709904166945264,0.720015984447761,1001,643.729730958335,761.494227447731
1457,763.468,0.710487317756503,1.54116269900722,1526.936,"2016_yk_102a","Yukon",2016,0.709878106904478,0.720015984447761,1001,643.729730958335,761.494227447731
1458,763.992,0.709846584991498,1.55231242788414,1527.984,"2016_yk_102a","Yukon",2016,0.709867804295701,0.720015984447761,1001,643.729730958335,761.494227447731
1459,764.516,0.710472595167022,1.5315146732406,1529.032,"2016_yk_102a","Yukon",2016,0.709861618561599,0.720015984447761,1001,643.729730958335,761.494227447731
1460,765.04,0.709647680621764,1.58208608383357,1530.08,"2016_yk_102a","Yukon",2016,0.709851441693088,0.720015984447761,1001,643.729730958335,761.494227447731
1461,765.564,0.710238151419411,1.60007989410141,1531.128,"2016_yk_102a","Yukon",2016,0.709859902435835,0.720015984447761,1001,643.729730958335,761.494227447731
1462,766.088,0.709916805116192,1.56121287423538,1532.176,"2016_yk_102a","Yukon",2016,0.709855977047568,0.720015984447761,1001,643.729730958335,761.494227447731
1463,766.612,0.709426146129,1.55009005890529,1533.224,"2016_yk_102a","Yukon",2016,0.709854782542673,0.720015984447761,1001,643.729730958335,761.494227447731
1464,767.136,0.709317410764175,1.57088699203211,1534.272,"2016_yk_102a","Yukon",2016,0.709843100530931,0.720015984447761,1001,643.729730958335,761.494227447731
1465,767.66,0.709958048831951,1.59464073532129,1535.32,"2016_yk_102a","Yukon",2016,0.709842903962056,0.720015984447761,1001,643.729730958335,761.494227447731
1466,768.184,0.709250783342384,1.54529053058994,1536.368,"2016_yk_102a","Yukon",2016,0.709837788191866,0.720015984447761,1001,643.729730958335,761.494227447731
1467,768.708,0.709235403416336,1.57553737170049,1537.416,"2016_yk_102a","Yukon",2016,0.709847096244835,0.720015984447761,1001,643.729730958335,761.494227447731
1468,769.232,0.70970942548994,1.5959323454731,1538.464,"2016_yk_102a","Yukon",2016,0.709816825282989,0.720015984447761,1001,643.729730958335,761.494227447731
1469,769.756,0.710834833596087,1.62368750996779,1539.512,"2016_yk_102a","Yukon",2016,0.709774490605292,0.720015984447761,1001,643.729730958335,761.494227447731
1470,770.28,0.709940218331086,1.58712188202286,1540.56,"2016_yk_102a","Yukon",2016,0.709750485684678,0.720015984447761,1001,643.729730958335,761.494227447731
1471,770.804,0.709621051994971,1.59795579584565,1541.608,"2016_yk_102a","Yukon",2016,0.709722417166962,0.720015984447761,1001,643.729730958335,761.494227447731
1472,771.328,0.709995044177456,1.60700549332782,1542.656,"2016_yk_102a","Yukon",2016,0.709722393420878,0.720015984447761,1001,643.729730958335,761.494227447731
1473,771.852,0.709180471867239,1.61153479636043,1543.704,"2016_yk_102a","Yukon",2016,0.709702804877957,0.720015984447761,1001,643.729730958335,761.494227447731
1474,772.376,0.70913847469378,1.62460334528449,1544.752,"2016_yk_102a","Yukon",2016,0.709691438781285,0.720015984447761,1001,643.729730958335,761.494227447731
1475,772.9,0.709448887523901,1.61449652886955,1545.8,"2016_yk_102a","Yukon",2016,0.709669556333775,0.720015984447761,1001,643.729730958335,761.494227447731
1476,773.424,0.709803495586642,1.63588309948206,1546.848,"2016_yk_102a","Yukon",2016,0.709664005023894,0.720015984447761,1001,643.729730958335,761.494227447731
1477,773.948,0.710353222517211,1.64245425371045,1547.896,"2016_yk_102a","Yukon",2016,0.709677396147341,0.720015984447761,1001,643.729730958335,761.494227447731
1478,774.472,0.710616040164038,1.62757406255852,1548.944,"2016_yk_102a","Yukon",2016,0.709677215558526,0.720015984447761,1001,643.729730958335,761.494227447731
1479,774.996,0.710062602652412,1.6484468214454,1549.992,"2016_yk_102a","Yukon",2016,0.70967203461752,0.720015984447761,1001,643.729730958335,761.494227447731
1480,775.52,0.709147873493273,1.66242534442358,1551.04,"2016_yk_102a","Yukon",2016,0.709660473491194,0.720015984447761,1001,643.729730958335,761.494227447731
1481,776.044,0.708993619629536,1.6441919321596,1552.088,"2016_yk_102a","Yukon",2016,0.709643997512899,0.720015984447761,1001,643.729730958335,761.494227447731
1482,776.568,0.709494700699167,1.63984775146664,1553.136,"2016_yk_102a","Yukon",2016,0.7096399737384,0.720015984447761,1001,643.729730958335,761.494227447731
1483,777.092,0.709162973787953,1.67679958859974,1554.184,"2016_yk_102a","Yukon",2016,0.70964018849433,0.720015984447761,1001,643.729730958335,761.494227447731
1484,777.616,0.709971128333403,1.65762654135255,1555.232,"2016_yk_102a","Yukon",2016,0.70962941684294,0.720015984447761,1001,643.729730958335,761.494227447731
1485,778.14,0.71017905414153,1.62491159728351,1556.28,"2016_yk_102a","Yukon",2016,0.709627384472075,0.720015984447761,1001,643.729730958335,761.494227447731
1486,778.664,0.708884455919612,1.61262302813599,1557.328,"2016_yk_102a","Yukon",2016,0.709614857321414,0.720015984447761,1001,643.729730958335,761.494227447731
1487,779.188,0.708720906759214,1.67278147873722,1558.376,"2016_yk_102a","Yukon",2016,0.709609616668697,0.720015984447761,1001,643.729730958335,761.494227447731
1488,779.712,0.710389250040722,1.65310991912271,1559.424,"2016_yk_102a","Yukon",2016,0.709588325956335,0.720015984447761,1001,643.729730958335,761.494227447731
1489,780.236,0.709045310147338,1.6284960767168,1560.472,"2016_yk_102a","Yukon",2016,0.70958422924287,0.720015984447761,1001,643.729730958335,761.494227447731
1490,780.76,0.709525215719504,1.6541724149626,1561.52,"2016_yk_102a","Yukon",2016,0.709583026535641,0.720015984447761,1001,643.729730958335,761.494227447731
1491,781.284,0.709953276905985,1.6681952643873,1562.568,"2016_yk_102a","Yukon",2016,0.709585930536305,0.720015984447761,1001,643.729730958335,761.494227447731
1492,781.808,0.710093896758734,1.67637449338043,1563.616,"2016_yk_102a","Yukon",2016,0.709575833796754,0.720015984447761,1001,643.729730958335,761.494227447731
1493,782.332,0.709684358631826,1.67511568692995,1564.664,"2016_yk_102a","Yukon",2016,0.709577590758541,0.720015984447761,1001,643.729730958335,761.494227447731
1494,782.856,0.709872105604216,1.69735947173608,1565.712,"2016_yk_102a","Yukon",2016,0.709591308437179,0.720015984447761,1001,643.729730958335,761.494227447731
1495,783.38,0.709908486997848,1.72735597504134,1566.76,"2016_yk_102a","Yukon",2016,0.709578654469031,0.720015984447761,1001,643.729730958335,761.494227447731
1496,783.904,0.709725958288702,1.68622375900745,1567.808,"2016_yk_102a","Yukon",2016,0.709576762729664,0.720015984447761,1001,643.729730958335,761.494227447731
1497,784.428,0.710112414228796,1.64946917750415,1568.856,"2016_yk_102a","Yukon",2016,0.709597559895731,0.720015984447761,1001,643.729730958335,761.494227447731
1498,784.952,0.708859155185062,1.68578326365638,1569.904,"2016_yk_102a","Yukon",2016,0.709596664402536,0.720015984447761,1001,643.729730958335,761.494227447731
1499,785.476,0.708213720167358,1.72594962095818,1570.952,"2016_yk_102a","Yukon",2016,0.709566678326217,0.720015984447761,1001,643.729730958335,761.494227447731
1500,786,0.709138196654093,1.71500169740853,1572,"2016_yk_102a","Yukon",2016,0.709555830899543,0.720015984447761,1001,643.729730958335,761.494227447731
1501,786.524,0.708654829355338,1.6965620287643,1573.048,"2016_yk_102a","Yukon",2016,0.709561256275182,0.720015984447761,1001,643.729730958335,761.494227447731
1502,787.048,0.709650861289657,1.69365184206839,1574.096,"2016_yk_102a","Yukon",2016,0.709558209473661,0.720015984447761,1001,643.729730958335,761.494227447731
1503,787.572,0.709420370481197,1.70073149457802,1575.144,"2016_yk_102a","Yukon",2016,0.709556710621399,0.720015984447761,1001,643.729730958335,761.494227447731
1504,788.096,0.709370528939563,1.66657316960484,1576.192,"2016_yk_102a","Yukon",2016,0.709558207603041,0.720015984447761,1001,643.729730958335,761.494227447731
1505,788.62,0.709040167893721,1.67386865309303,1577.24,"2016_yk_102a","Yukon",2016,0.709567415406347,0.720015984447761,1001,643.729730958335,761.494227447731
1506,789.144,0.71005347599943,1.67891954020119,1578.288,"2016_yk_102a","Yukon",2016,0.709561745494932,0.720015984447761,1001,643.729730958335,761.494227447731
1507,789.668,0.709786441445263,1.67414138285103,1579.336,"2016_yk_102a","Yukon",2016,0.7095422757132,0.720015984447761,1001,643.729730958335,761.494227447731
1508,790.192,0.709576394562406,1.66456794276092,1580.384,"2016_yk_102a","Yukon",2016,0.709523117971673,0.720015984447761,1001,643.729730958335,761.494227447731
1509,790.716,0.709868216954354,1.66315275390785,1581.432,"2016_yk_102a","Yukon",2016,0.709511292912833,0.720015984447761,1001,643.729730958335,761.494227447731
1510,791.24,0.709726994135064,1.6891231707327,1582.48,"2016_yk_102a","Yukon",2016,0.709517476947179,0.720015984447761,1001,643.729730958335,761.494227447731
1511,791.764,0.708652848408975,1.68168016395038,1583.528,"2016_yk_102a","Yukon",2016,0.709518033076387,0.720015984447761,1001,643.729730958335,761.494227447731
1512,792.288,0.709503954568318,1.66511629115139,1584.576,"2016_yk_102a","Yukon",2016,0.709511323546781,0.720015984447761,1001,643.729730958335,761.494227447731
1513,792.812,0.709330200870056,1.70353225031576,1585.624,"2016_yk_102a","Yukon",2016,0.709519197016964,0.720015984447761,1001,643.729730958335,761.494227447731
1514,793.336,0.709871296375798,1.71874089352545,1586.672,"2016_yk_102a","Yukon",2016,0.709505753185246,0.720015984447761,1001,643.729730958335,761.494227447731
1515,793.86,0.709596748895736,1.73316185083786,1587.72,"2016_yk_102a","Yukon",2016,0.709485354972703,0.720015984447761,1001,643.729730958335,761.494227447731
1516,794.384,0.709211354865067,1.67976112344495,1588.768,"2016_yk_102a","Yukon",2016,0.709483745103499,0.720015984447761,1001,643.729730958335,761.494227447731
1517,794.908,0.710172878593475,1.67720041355493,1589.816,"2016_yk_102a","Yukon",2016,0.709492376679399,0.720015984447761,1001,643.729730958335,761.494227447731
1518,795.432,0.708569142249822,1.67870931397007,1590.864,"2016_yk_102a","Yukon",2016,0.709472353674896,0.720015984447761,1001,643.729730958335,761.494227447731
1519,795.956,0.710226792359105,1.7237459367433,1591.912,"2016_yk_102a","Yukon",2016,0.709471548844089,0.720015984447761,1001,643.729730958335,761.494227447731
1520,796.48,0.709575518188012,1.66786750528262,1592.96,"2016_yk_102a","Yukon",2016,0.709468673708834,0.720015984447761,1001,643.729730958335,761.494227447731
1521,797.004,0.71041239145925,1.66620390088508,1594.008,"2016_yk_102a","Yukon",2016,0.709452417895562,0.720015984447761,1001,643.729730958335,761.494227447731
1522,797.528,0.709311000743153,1.67524056801156,1595.056,"2016_yk_102a","Yukon",2016,0.709444119495641,0.720015984447761,1001,643.729730958335,761.494227447731
1523,798.052,0.70953156383622,1.67027010473459,1596.104,"2016_yk_102a","Yukon",2016,0.709433812793042,0.720015984447761,1001,643.729730958335,761.494227447731
1524,798.576,0.71014047148246,1.64514453168431,1597.152,"2016_yk_102a","Yukon",2016,0.709427406852459,0.720015984447761,1001,643.729730958335,761.494227447731
1525,799.1,0.709198810743031,1.6612243945356,1598.2,"2016_yk_102a","Yukon",2016,0.709427916022905,0.720015984447761,1001,643.729730958335,761.494227447731
1526,799.624,0.709137278980385,1.65950859925526,1599.248,"2016_yk_102a","Yukon",2016,0.709410669444012,0.720015984447761,1001,643.729730958335,761.494227447731
1527,800.148,0.71048323338033,1.64312647862614,1600.296,"2016_yk_102a","Yukon",2016,0.709404635853495,0.720015984447761,1001,643.729730958335,761.494227447731
1528,800.672,0.709655695898288,1.63255468515372,1601.344,"2016_yk_102a","Yukon",2016,0.709427177513571,0.720015984447761,1001,643.729730958335,761.494227447731
1529,801.196,0.709035669016925,1.6387257869752,1602.392,"2016_yk_102a","Yukon",2016,0.709455356171837,0.720015984447761,1001,643.729730958335,761.494227447731
1530,801.72,0.709289372730664,1.67233932825304,1603.44,"2016_yk_102a","Yukon",2016,0.709471361102429,0.720015984447761,1001,643.729730958335,761.494227447731
1531,802.244,0.709946574533299,1.66016558650684,1604.488,"2016_yk_102a","Yukon",2016,0.709488549925161,0.720015984447761,1001,643.729730958335,761.494227447731
1532,802.768,0.709812236086181,1.67473018120672,1605.536,"2016_yk_102a","Yukon",2016,0.709488399168301,0.720015984447761,1001,643.729730958335,761.494227447731
1533,803.292,0.709090540731509,1.7049700137591,1606.584,"2016_yk_102a","Yukon",2016,0.709487969896847,0.720015984447761,1001,643.729730958335,761.494227447731
1534,803.816,0.709228293592325,1.68136752765212,1607.632,"2016_yk_102a","Yukon",2016,0.709496173662819,0.720015984447761,1001,643.729730958335,761.494227447731
1535,804.34,0.71000135572229,1.64302091937457,1608.68,"2016_yk_102a","Yukon",2016,0.709491085381108,0.720015984447761,1001,643.729730958335,761.494227447731
1536,804.864,0.709463300901741,1.65283298075331,1609.728,"2016_yk_102a","Yukon",2016,0.709480168016254,0.720015984447761,1001,643.729730958335,761.494227447731
1537,805.388,0.709185035613252,1.65415592660718,1610.776,"2016_yk_102a","Yukon",2016,0.709471667472657,0.720015984447761,1001,643.729730958335,761.494227447731
1538,805.912,0.709466575672402,1.64808492892753,1611.824,"2016_yk_102a","Yukon",2016,0.709462001293284,0.720015984447761,1001,643.729730958335,761.494227447731
1539,806.436,0.709353099122063,1.62807895788709,1612.872,"2016_yk_102a","Yukon",2016,0.70945335125338,0.720015984447761,1001,643.729730958335,761.494227447731
1540,806.96,0.709518915554003,1.6200319580617,1613.92,"2016_yk_102a","Yukon",2016,0.709445883581457,0.720015984447761,1001,643.729730958335,761.494227447731
1541,807.484,0.709026987382001,1.62560320297854,1614.968,"2016_yk_102a","Yukon",2016,0.709465397215302,0.720015984447761,1001,643.729730958335,761.494227447731
1542,808.008,0.709092128922842,1.6179033789517,1616.016,"2016_yk_102a","Yukon",2016,0.709459496816364,0.720015984447761,1001,643.729730958335,761.494227447731
1543,808.532,0.709635381998942,1.60188629419223,1617.064,"2016_yk_102a","Yukon",2016,0.709453369556976,0.720015984447761,1001,643.729730958335,761.494227447731
1544,809.056,0.709164498430303,1.63059390105027,1618.112,"2016_yk_102a","Yukon",2016,0.709440056351189,0.720015984447761,1001,643.729730958335,761.494227447731
1545,809.58,0.708955161388948,1.62208564265752,1619.16,"2016_yk_102a","Yukon",2016,0.709435679785237,0.720015984447761,1001,643.729730958335,761.494227447731
1546,810.104,0.708787863767379,1.5579660681052,1620.208,"2016_yk_102a","Yukon",2016,0.709431765755204,0.720015984447761,1001,643.729730958335,761.494227447731
1547,810.628,0.709238801313235,1.56753015003749,1621.256,"2016_yk_102a","Yukon",2016,0.709413315290109,0.720015984447761,1001,643.729730958335,761.494227447731
1548,811.152,0.709187869770529,1.59104663715345,1622.304,"2016_yk_102a","Yukon",2016,0.709432897683238,0.720015984447761,1001,643.729730958335,761.494227447731
1549,811.676,0.708997020298937,1.62015919709134,1623.352,"2016_yk_102a","Yukon",2016,0.709421234169973,0.720015984447761,1001,643.729730958335,761.494227447731
1550,812.2,0.70935270760418,1.56138422831646,1624.4,"2016_yk_102a","Yukon",2016,0.709412220218224,0.720015984447761,1001,643.729730958335,761.494227447731
1551,812.724,0.708977928109652,1.58617325370696,1625.448,"2016_yk_102a","Yukon",2016,0.70940381840184,0.720015984447761,1001,643.729730958335,761.494227447731
1552,813.248,0.709595992763485,1.61135068746904,1626.496,"2016_yk_102a","Yukon",2016,0.70940756715105,0.720015984447761,1001,643.729730958335,761.494227447731
1553,813.772,0.709065956475886,1.56563525064996,1627.544,"2016_yk_102a","Yukon",2016,0.709426571997778,0.720015984447761,1001,643.729730958335,761.494227447731
1554,814.296,0.709487749169254,1.51388280640835,1628.592,"2016_yk_102a","Yukon",2016,0.709425864202579,0.720015984447761,1001,643.729730958335,761.494227447731
1555,814.82,0.709939037224602,1.53649681370769,1629.64,"2016_yk_102a","Yukon",2016,0.709436004265929,0.720015984447761,1001,643.729730958335,761.494227447731
1556,815.344,0.708691163555091,1.58040392808995,1630.688,"2016_yk_102a","Yukon",2016,0.709439482819549,0.720015984447761,1001,643.729730958335,761.494227447731
1557,815.868,0.709750398797829,1.59228836395597,1631.736,"2016_yk_102a","Yukon",2016,0.709413707219664,0.720015984447761,1001,643.729730958335,761.494227447731
1558,816.392,0.710211654789575,1.56331332323495,1632.784,"2016_yk_102a","Yukon",2016,0.709406654881738,0.720015984447761,1001,643.729730958335,761.494227447731
1559,816.916,0.709904439663338,1.63070608347975,1633.832,"2016_yk_102a","Yukon",2016,0.709406179463229,0.720015984447761,1001,643.729730958335,761.494227447731
1560,817.44,0.7100984924896,1.64198675469001,1634.88,"2016_yk_102a","Yukon",2016,0.709414132502224,0.720015984447761,1001,643.729730958335,761.494227447731
1561,817.964,0.709686158719295,1.61896269742158,1635.928,"2016_yk_102a","Yukon",2016,0.709411853341136,0.720015984447761,1001,643.729730958335,761.494227447731
1562,818.488,0.709641815878014,1.60493291701308,1636.976,"2016_yk_102a","Yukon",2016,0.709410497762804,0.720015984447761,1001,643.729730958335,761.494227447731
1563,819.012,0.709394614193995,1.62030450127892,1638.024,"2016_yk_102a","Yukon",2016,0.709410614155503,0.720015984447761,1001,643.729730958335,761.494227447731
1564,819.536,0.709862754897885,1.67059054168936,1639.072,"2016_yk_102a","Yukon",2016,0.709413379927897,0.720015984447761,1001,643.729730958335,761.494227447731
1565,820.06,0.70873487099105,1.63764963965959,1640.12,"2016_yk_102a","Yukon",2016,0.709408607518112,0.720015984447761,1001,643.729730958335,761.494227447731
1566,820.584,0.709398434108167,1.61512232145948,1641.168,"2016_yk_102a","Yukon",2016,0.709405332864063,0.720015984447761,1001,643.729730958335,761.494227447731
1567,821.108,0.709276408829439,1.65444579628771,1642.216,"2016_yk_102a","Yukon",2016,0.709410244228025,0.720015984447761,1001,643.729730958335,761.494227447731
1568,821.632,0.708996423800013,1.66262761522375,1643.264,"2016_yk_102a","Yukon",2016,0.709411437546546,0.720015984447761,1001,643.729730958335,761.494227447731
1569,822.156,0.709349214560132,1.6439798302584,1644.312,"2016_yk_102a","Yukon",2016,0.709422019108222,0.720015984447761,1001,643.729730958335,761.494227447731
1570,822.68,0.709278933819715,1.6534012273338,1645.36,"2016_yk_102a","Yukon",2016,0.709417607554973,0.720015984447761,1001,643.729730958335,761.494227447731
1571,823.204,0.709823666439627,1.67097470401791,1646.408,"2016_yk_102a","Yukon",2016,0.709421985250248,0.720015984447761,1001,643.729730958335,761.494227447731
1572,823.728,0.709149930632054,1.67042791837178,1647.456,"2016_yk_102a","Yukon",2016,0.709423226665663,0.720015984447761,1001,643.729730958335,761.494227447731
1573,824.252,0.708962565306813,1.63909742690029,1648.504,"2016_yk_102a","Yukon",2016,0.709415589734438,0.720015984447761,1001,643.729730958335,761.494227447731
1574,824.776,0.709072504028528,1.62087035330988,1649.552,"2016_yk_102a","Yukon",2016,0.709419811914277,0.720015984447761,1001,643.729730958335,761.494227447731
1575,825.3,0.709334154938641,1.60494062210783,1650.6,"2016_yk_102a","Yukon",2016,0.709435329232921,0.720015984447761,1001,643.729730958335,761.494227447731
1576,825.824,0.708976513063099,1.61898290962463,1651.648,"2016_yk_102a","Yukon",2016,0.709444391685084,0.720015984447761,1001,643.729730958335,761.494227447731
1577,826.348,0.709065850687748,1.63817185238401,1652.696,"2016_yk_102a","Yukon",2016,0.709431610766053,0.720015984447761,1001,643.729730958335,761.494227447731
1578,826.872,0.709744085837595,1.62463390982412,1653.744,"2016_yk_102a","Yukon",2016,0.709455354121165,0.720015984447761,1001,643.729730958335,761.494227447731
1579,827.396,0.709526981563213,1.65149012325597,1654.792,"2016_yk_102a","Yukon",2016,0.709466891864549,0.720015984447761,1001,643.729730958335,761.494227447731
1580,827.92,0.709034681083077,1.67551655919234,1655.84,"2016_yk_102a","Yukon",2016,0.709481740345981,0.720015984447761,1001,643.729730958335,761.494227447731
1581,828.444,0.709908282476181,1.64241182753724,1656.888,"2016_yk_102a","Yukon",2016,0.709485265607641,0.720015984447761,1001,643.729730958335,761.494227447731
1582,828.968,0.709535925695757,1.64218542706653,1657.936,"2016_yk_102a","Yukon",2016,0.709471942594097,0.720015984447761,1001,643.729730958335,761.494227447731
1583,829.492,0.710671854639916,1.66036433805497,1658.984,"2016_yk_102a","Yukon",2016,0.70946929618763,0.720015984447761,1001,643.729730958335,761.494227447731
1584,830.016,0.71009800377048,1.64768151449383,1660.032,"2016_yk_102a","Yukon",2016,0.709451451486884,0.720015984447761,1001,643.729730958335,761.494227447731
1585,830.54,0.70980721454403,1.61202842124967,1661.08,"2016_yk_102a","Yukon",2016,0.709450482331902,0.720015984447761,1001,643.729730958335,761.494227447731
1586,831.064,0.70934599219761,1.57329792114861,1662.128,"2016_yk_102a","Yukon",2016,0.709454571010782,0.720015984447761,1001,643.729730958335,761.494227447731
1587,831.588,0.708936697387232,1.60584020491458,1663.176,"2016_yk_102a","Yukon",2016,0.709454292846208,0.720015984447761,1001,643.729730958335,761.494227447731
1588,832.112,0.709232555622724,1.63530499525792,1664.224,"2016_yk_102a","Yukon",2016,0.709425620178928,0.720015984447761,1001,643.729730958335,761.494227447731
1589,832.636,0.709007143906371,1.63343380660641,1665.272,"2016_yk_102a","Yukon",2016,0.709420367090605,0.720015984447761,1001,643.729730958335,761.494227447731
1590,833.16,0.709766555070382,1.63161604577576,1666.32,"2016_yk_102a","Yukon",2016,0.709418229394565,0.720015984447761,1001,643.729730958335,761.494227447731
1591,833.684,0.709809824867996,1.65999859975362,1667.368,"2016_yk_102a","Yukon",2016,0.709416527693567,0.720015984447761,1001,643.729730958335,761.494227447731
1592,834.208,0.709730901386248,1.6488742507333,1668.416,"2016_yk_102a","Yukon",2016,0.709423482836536,0.720015984447761,1001,643.729730958335,761.494227447731
1593,834.732,0.709097524293475,1.61116187739306,1669.464,"2016_yk_102a","Yukon",2016,0.709429120194164,0.720015984447761,1001,643.729730958335,761.494227447731
1594,835.256,0.709394239935993,1.59814681045353,1670.512,"2016_yk_102a","Yukon",2016,0.709402448925679,0.720015984447761,1001,643.729730958335,761.494227447731
1595,835.78,0.709715011135136,1.63376364115942,1671.56,"2016_yk_102a","Yukon",2016,0.709408767577603,0.720015984447761,1001,643.729730958335,761.494227447731
1596,836.304,0.709266821658843,1.65632151683868,1672.608,"2016_yk_102a","Yukon",2016,0.709401479169784,0.720015984447761,1001,643.729730958335,761.494227447731
1597,836.828,0.709479717450945,1.63529549844581,1673.656,"2016_yk_102a","Yukon",2016,0.709401742318175,0.720015984447761,1001,643.729730958335,761.494227447731
1598,837.352,0.709538174783658,1.64578045326555,1674.704,"2016_yk_102a","Yukon",2016,0.70941065838266,0.720015984447761,1001,643.729730958335,761.494227447731
1599,837.876,0.70998799282265,1.64409929685483,1675.752,"2016_yk_102a","Yukon",2016,0.709413203267229,0.720015984447761,1001,643.729730958335,761.494227447731
1600,838.4,0.709254222359046,1.61748266166579,1676.8,"2016_yk_102a","Yukon",2016,0.709419340156707,0.720015984447761,1001,643.729730958335,761.494227447731
1601,838.924,0.709289649098492,1.6182996907065,1677.848,"2016_yk_102a","Yukon",2016,0.709409488035163,0.720015984447761,1001,643.729730958335,761.494227447731
1602,839.448,0.709166613847726,1.62049582197082,1678.896,"2016_yk_102a","Yukon",2016,0.709404797832688,0.720015984447761,1001,643.729730958335,761.494227447731
1603,839.972,0.709177166125446,1.60648444750623,1679.944,"2016_yk_102a","Yukon",2016,0.709425677458042,0.720015984447761,1001,643.729730958335,761.494227447731
1604,840.496,0.709417829220687,1.57661935495154,1680.992,"2016_yk_102a","Yukon",2016,0.709425562018967,0.720015984447761,1001,643.729730958335,761.494227447731
1605,841.02,0.709886200507568,1.57689345965393,1682.04,"2016_yk_102a","Yukon",2016,0.709442137883897,0.720015984447761,1001,643.729730958335,761.494227447731
1606,841.544,0.709331610897175,1.5798263489529,1683.088,"2016_yk_102a","Yukon",2016,0.709458604976047,0.720015984447761,1001,643.729730958335,761.494227447731
1607,842.068,0.708471946171348,1.56399679961093,1684.136,"2016_yk_102a","Yukon",2016,0.709478508551632,0.720015984447761,1001,643.729730958335,761.494227447731
1608,842.592,0.710612471077232,1.54794911276139,1685.184,"2016_yk_102a","Yukon",2016,0.709463879988481,0.720015984447761,1001,643.729730958335,761.494227447731
1609,843.116,0.709689284902019,1.54752283476208,1686.232,"2016_yk_102a","Yukon",2016,0.709456399554925,0.720015984447761,1001,643.729730958335,761.494227447731
1610,843.64,0.710243616490086,1.58484820347554,1687.28,"2016_yk_102a","Yukon",2016,0.709457479775517,0.720015984447761,1001,643.729730958335,761.494227447731
1611,844.164,0.70918944380924,1.58418122598923,1688.328,"2016_yk_102a","Yukon",2016,0.7094492402649,0.720015984447761,1001,643.729730958335,761.494227447731
1612,844.688,0.708796611950863,1.59524243125308,1689.376,"2016_yk_102a","Yukon",2016,0.709444217899799,0.720015984447761,1001,643.729730958335,761.494227447731
1613,845.212,0.708907172087862,1.60575797779561,1690.424,"2016_yk_102a","Yukon",2016,0.709418030333479,0.720015984447761,1001,643.729730958335,761.494227447731
1614,845.736,0.708417067124468,1.61192453416028,1691.472,"2016_yk_102a","Yukon",2016,0.709402846368403,0.720015984447761,1001,643.729730958335,761.494227447731
1615,846.26,0.709880887925701,1.58789623688114,1692.52,"2016_yk_102a","Yukon",2016,0.709389647598486,0.720015984447761,1001,643.729730958335,761.494227447731
