"Cycle","time","Iso","Sr88","Time","Microns","Fish_id","Watershed","Year","Iso_MA","Sr88_MA","Sr88_MA_Gradient","natal_microns_start","natal_microns_end","marine_start","natal_origin_iso"
1,0.524,0.7081775,0.8235811,0.524,1.048,"2011_nk_172","Nush",2011,NA,NA,NA,734.386101982274,850.6125533505,1272.272,0.708522611711712
2,1.048,0.708162,0.8623718,1.048,2.096,"2011_nk_172","Nush",2011,NA,NA,NA,734.386101982274,850.6125533505,1272.272,0.708522611711712
3,1.524,0.7097477,0.8701536,1.572,3.144,"2011_nk_172","Nush",2011,NA,NA,NA,734.386101982274,850.6125533505,1272.272,0.708522611711712
4,2.048,0.70858,0.8770887,2.096,4.192,"2011_nk_172","Nush",2011,NA,NA,NA,734.386101982274,850.6125533505,1272.272,0.708522611711712
5,2.524,0.7076038,0.8575351,2.62,5.24,"2011_nk_172","Nush",2011,NA,NA,NA,734.386101982274,850.6125533505,1272.272,0.708522611711712
6,3.048,0.7077913,0.8512929,3.144,6.288,"2011_nk_172","Nush",2011,NA,NA,NA,734.386101982274,850.6125533505,1272.272,0.708522611711712
7,3.524,0.7095447,0.8561554,3.668,7.336,"2011_nk_172","Nush",2011,NA,NA,NA,734.386101982274,850.6125533505,1272.272,0.708522611711712
8,4.048,0.7093572,0.8650893,4.192,8.384,"2011_nk_172","Nush",2011,NA,NA,NA,734.386101982274,850.6125533505,1272.272,0.708522611711712
9,4.524,0.7079601,0.8610065,4.716,9.432,"2011_nk_172","Nush",2011,NA,NA,NA,734.386101982274,850.6125533505,1272.272,0.708522611711712
10,5.048,0.7091337,0.8428348,5.24,10.48,"2011_nk_172","Nush",2011,NA,NA,NA,734.386101982274,850.6125533505,1272.272,0.708522611711712
11,5.524,0.7101679,0.8512178,5.764,11.528,"2011_nk_172","Nush",2011,NA,NA,NA,734.386101982274,850.6125533505,1272.272,0.708522611711712
12,6.048,0.7085353,0.8545129,6.288,12.576,"2011_nk_172","Nush",2011,NA,NA,NA,734.386101982274,850.6125533505,1272.272,0.708522611711712
13,6.524,0.7088532,0.8630598,6.812,13.624,"2011_nk_172","Nush",2011,NA,NA,NA,734.386101982274,850.6125533505,1272.272,0.708522611711712
14,7.048,0.7082258,0.8693756,7.336,14.672,"2011_nk_172","Nush",2011,NA,NA,NA,734.386101982274,850.6125533505,1272.272,0.708522611711712
15,7.524,0.709012,0.872009,7.86,15.72,"2011_nk_172","Nush",2011,NA,NA,NA,734.386101982274,850.6125533505,1272.272,0.708522611711712
16,8.048,0.7087766,0.8651121,8.384,16.768,"2011_nk_172","Nush",2011,NA,NA,NA,734.386101982274,850.6125533505,1272.272,0.708522611711712
17,8.524,0.7085261,0.8655118,8.908,17.816,"2011_nk_172","Nush",2011,NA,NA,NA,734.386101982274,850.6125533505,1272.272,0.708522611711712
18,9.048,0.7090971,0.8713462,9.432,18.864,"2011_nk_172","Nush",2011,NA,NA,NA,734.386101982274,850.6125533505,1272.272,0.708522611711712
19,9.524,0.709112,0.8851934,9.956,19.912,"2011_nk_172","Nush",2011,NA,NA,NA,734.386101982274,850.6125533505,1272.272,0.708522611711712
20,10.048,0.7084876,0.8629599,10.48,20.96,"2011_nk_172","Nush",2011,NA,NA,NA,734.386101982274,850.6125533505,1272.272,0.708522611711712
21,10.524,0.7080218,0.8643359,11.004,22.008,"2011_nk_172","Nush",2011,NA,NA,NA,734.386101982274,850.6125533505,1272.272,0.708522611711712
22,11.048,0.7085379,0.8661017,11.528,23.056,"2011_nk_172","Nush",2011,NA,NA,NA,734.386101982274,850.6125533505,1272.272,0.708522611711712
23,11.524,0.7088171,0.8945598,12.052,24.104,"2011_nk_172","Nush",2011,NA,NA,NA,734.386101982274,850.6125533505,1272.272,0.708522611711712
24,12.048,0.7085174,0.8837039,12.576,25.152,"2011_nk_172","Nush",2011,NA,NA,NA,734.386101982274,850.6125533505,1272.272,0.708522611711712
25,12.524,0.7083645,0.8939471,13.1,26.2,"2011_nk_172","Nush",2011,NA,NA,NA,734.386101982274,850.6125533505,1272.272,0.708522611711712
26,13.048,0.708209,0.8874722,13.624,27.248,"2011_nk_172","Nush",2011,NA,NA,NA,734.386101982274,850.6125533505,1272.272,0.708522611711712
27,13.524,0.7059278,0.8907464,14.148,28.296,"2011_nk_172","Nush",2011,NA,NA,NA,734.386101982274,850.6125533505,1272.272,0.708522611711712
28,14.048,0.7080958,0.895202,14.672,29.344,"2011_nk_172","Nush",2011,NA,NA,NA,734.386101982274,850.6125533505,1272.272,0.708522611711712
29,14.524,0.7087522,0.8976986,15.196,30.392,"2011_nk_172","Nush",2011,NA,NA,NA,734.386101982274,850.6125533505,1272.272,0.708522611711712
30,15.048,0.7096375,0.9087655,15.72,31.44,"2011_nk_172","Nush",2011,0.708576131666667,0.896530716666667,NA,734.386101982274,850.6125533505,1272.272,0.708522611711712
31,15.524,0.7080818,0.9114868,16.244,32.488,"2011_nk_172","Nush",2011,0.708573858333333,0.898769748333334,0.00223903166666672,734.386101982274,850.6125533505,1272.272,0.708522611711712
32,16.048,0.7084864,0.917802,16.768,33.536,"2011_nk_172","Nush",2011,0.708569561666667,0.900485033333334,0.00171528499999996,734.386101982274,850.6125533505,1272.272,0.708522611711712
33,16.524,0.7084882,0.9056606,17.292,34.584,"2011_nk_172","Nush",2011,0.708564843333333,0.902182663333334,0.00169762999999989,734.386101982274,850.6125533505,1272.272,0.708522611711712
34,17.048,0.710072,0.9142873,17.816,35.632,"2011_nk_172","Nush",2011,0.708564375,0.903514265,0.00133160166666668,734.386101982274,850.6125533505,1272.272,0.708522611711712
35,17.524,0.7087547,0.8964893,18.34,36.68,"2011_nk_172","Nush",2011,0.708601365,0.90513922,0.00162495500000004,734.386101982274,850.6125533505,1272.272,0.708522611711712
36,18.048,0.7093224,0.9114947,18.864,37.728,"2011_nk_172","Nush",2011,0.70862094,0.907122856666667,0.00198363666666668,734.386101982274,850.6125533505,1272.272,0.708522611711712
37,18.524,0.707888,0.9227074,19.388,38.776,"2011_nk_172","Nush",2011,0.70860487,0.90897387,0.00185101333333326,734.386101982274,850.6125533505,1272.272,0.708522611711712
38,19.048,0.7085819,0.9241581,19.912,39.824,"2011_nk_172","Nush",2011,0.708591828333333,0.91114627,0.00217239999999996,734.386101982274,850.6125533505,1272.272,0.708522611711712
39,19.524,0.7073108,0.9302978,20.436,40.872,"2011_nk_172","Nush",2011,0.708607761666667,0.913418798333334,0.00227252833333336,734.386101982274,850.6125533505,1272.272,0.708522611711712
40,20.048,0.7090227,0.9267704,20.96,41.92,"2011_nk_172","Nush",2011,0.708604361666667,0.91625664,0.00283784166666667,734.386101982274,850.6125533505,1272.272,0.708522611711712
41,20.524,0.7077011,0.9196429,21.484,42.968,"2011_nk_172","Nush",2011,0.708566468333333,0.9189827,0.00272606000000009,734.386101982274,850.6125533505,1272.272,0.708522611711712
42,21.048,0.7088748,0.9137575,22.008,44.016,"2011_nk_172","Nush",2011,0.70856997,0.92145808,0.00247538000000003,734.386101982274,850.6125533505,1272.272,0.708522611711712
43,21.524,0.7086492,0.9151704,22.532,45.064,"2011_nk_172","Nush",2011,0.708569885,0.923417933333334,0.00195985333333326,734.386101982274,850.6125533505,1272.272,0.708522611711712
44,22.048,0.7076775,0.907384,23.056,46.112,"2011_nk_172","Nush",2011,0.70855456,0.925506911666667,0.00208897833333344,734.386101982274,850.6125533505,1272.272,0.708522611711712
45,22.524,0.7077958,0.9280667,23.58,47.16,"2011_nk_172","Nush",2011,0.708553343333333,0.927506236666667,0.001999325,734.386101982274,850.6125533505,1272.272,0.708522611711712
46,23.048,0.7080602,0.9183873,24.104,48.208,"2011_nk_172","Nush",2011,0.708541561666667,0.930081053333334,0.00257481666666659,734.386101982274,850.6125533505,1272.272,0.708522611711712
47,23.524,0.7080459,0.9240286,24.628,49.256,"2011_nk_172","Nush",2011,0.708544205,0.932914595,0.00283354166666661,734.386101982274,850.6125533505,1272.272,0.708522611711712
48,24.048,0.7092427,0.9274568,25.152,50.304,"2011_nk_172","Nush",2011,0.708533835,0.93549846,0.00258386499999996,734.386101982274,850.6125533505,1272.272,0.708522611711712
49,24.524,0.7080048,0.9178449,25.676,51.352,"2011_nk_172","Nush",2011,0.708543948333333,0.937893235,0.00239477500000007,734.386101982274,850.6125533505,1272.272,0.708522611711712
50,25.048,0.709362,0.9054854,26.2,52.4,"2011_nk_172","Nush",2011,0.708536315,0.940394521666667,0.0025012866666666,734.386101982274,850.6125533505,1272.272,0.708522611711712
51,25.524,0.7083639,0.9392166,26.724,53.448,"2011_nk_172","Nush",2011,0.708549473333333,0.943115886666667,0.00272136500000009,734.386101982274,850.6125533505,1272.272,0.708522611711712
52,26.048,0.7076137,0.9269294,27.248,54.496,"2011_nk_172","Nush",2011,0.70855039,0.945588091666667,0.00247220499999989,734.386101982274,850.6125533505,1272.272,0.708522611711712
53,26.524,0.7094952,0.9404107,27.772,55.544,"2011_nk_172","Nush",2011,0.708556785,0.94753667,0.0019485783333334,734.386101982274,850.6125533505,1272.272,0.708522611711712
54,27.048,0.7089288,0.9257604,28.296,56.592,"2011_nk_172","Nush",2011,0.708571991666667,0.949637926666667,0.00210125666666661,734.386101982274,850.6125533505,1272.272,0.708522611711712
55,27.524,0.7076455,0.9277004,28.82,57.64,"2011_nk_172","Nush",2011,0.708576165,0.952195975,0.0025580483333334,734.386101982274,850.6125533505,1272.272,0.708522611711712
56,28.048,0.7079801,0.9335305,29.344,58.688,"2011_nk_172","Nush",2011,0.708611818333333,0.954672995,0.00247702000000005,734.386101982274,850.6125533505,1272.272,0.708522611711712
57,28.524,0.7099992,0.9276865,29.868,59.736,"2011_nk_172","Nush",2011,0.70864499,0.957094585,0.00242158999999997,734.386101982274,850.6125533505,1272.272,0.708522611711712
58,29.048,0.7085565,0.9315128,30.392,60.784,"2011_nk_172","Nush",2011,0.708641873333333,0.95925023,0.00215564499999998,734.386101982274,850.6125533505,1272.272,0.708522611711712
59,29.524,0.7090106,0.9415801,30.916,61.832,"2011_nk_172","Nush",2011,0.708647003333333,0.961519803333334,0.00226957333333333,734.386101982274,850.6125533505,1272.272,0.708522611711712
60,30.048,0.7098189,0.9491959,31.44,62.88,"2011_nk_172","Nush",2011,0.708646396666667,0.963302655,0.0017828516666667,734.386101982274,850.6125533505,1272.272,0.708522611711712
61,30.524,0.7080411,0.957923,31.964,63.928,"2011_nk_172","Nush",2011,0.708680263333333,0.965140648333334,0.00183799333333334,734.386101982274,850.6125533505,1272.272,0.708522611711712
62,31.048,0.7079042,0.9652889,32.488,64.976,"2011_nk_172","Nush",2011,0.708683321666667,0.966939461666667,0.00179881333333343,734.386101982274,850.6125533505,1272.272,0.708522611711712
63,31.524,0.7094646,0.9720114,33.012,66.024,"2011_nk_172","Nush",2011,0.7086698,0.969074131666667,0.00213467000000001,734.386101982274,850.6125533505,1272.272,0.708522611711712
64,32.048,0.7085519,0.9569848,33.536,67.072,"2011_nk_172","Nush",2011,0.708662075,0.970775818333334,0.00170168666666659,734.386101982274,850.6125533505,1272.272,0.708522611711712
65,32.524,0.7098232,0.9550324,34.06,68.12,"2011_nk_172","Nush",2011,0.708655766666667,0.972911988333334,0.00213616999999999,734.386101982274,850.6125533505,1272.272,0.708522611711712
66,33.048,0.7089658,0.9703111,34.584,69.168,"2011_nk_172","Nush",2011,0.708652138333333,0.974628143333334,0.001716155,734.386101982274,850.6125533505,1272.272,0.708522611711712
67,33.524,0.7085805,0.9672162,35.108,70.216,"2011_nk_172","Nush",2011,0.708662081666667,0.976177226666667,0.00154908333333337,734.386101982274,850.6125533505,1272.272,0.708522611711712
68,34.048,0.7085747,0.9954333,35.632,71.264,"2011_nk_172","Nush",2011,0.708665271666667,0.977537505,0.0013602783333333,734.386101982274,850.6125533505,1272.272,0.708522611711712
69,34.524,0.7089161,0.9973582,36.156,72.312,"2011_nk_172","Nush",2011,0.708696678333333,0.978678031666667,0.00114052666666653,734.386101982274,850.6125533505,1272.272,0.708522611711712
70,35.048,0.7089297,1.0131053,36.68,73.36,"2011_nk_172","Nush",2011,0.70869539,0.979837878333334,0.00115984666666669,734.386101982274,850.6125533505,1272.272,0.708522611711712
71,35.524,0.7078943,1.0147814,37.204,74.408,"2011_nk_172","Nush",2011,0.708717415,0.981251603333334,0.00141372500000003,734.386101982274,850.6125533505,1272.272,0.708522611711712
72,36.048,0.7087454,1.0030357,37.728,75.456,"2011_nk_172","Nush",2011,0.70871811,0.982876626666667,0.00162502333333325,734.386101982274,850.6125533505,1272.272,0.708522611711712
73,36.524,0.7088481,0.980651,38.252,76.504,"2011_nk_172","Nush",2011,0.708737171666667,0.98460028,0.00172365333333335,734.386101982274,850.6125533505,1272.272,0.708522611711712
74,37.048,0.7073063,0.9947143,38.776,77.552,"2011_nk_172","Nush",2011,0.708759958333333,0.9861898,0.00158952000000001,734.386101982274,850.6125533505,1272.272,0.708522611711712
75,37.524,0.708939,0.9919685,39.3,78.6,"2011_nk_172","Nush",2011,0.70877492,0.987329286666667,0.00113948666666663,734.386101982274,850.6125533505,1272.272,0.708522611711712
76,38.048,0.7080697,1.0196011,39.824,79.648,"2011_nk_172","Nush",2011,0.708768623333333,0.988934406666667,0.00160512000000002,734.386101982274,850.6125533505,1272.272,0.708522611711712
77,38.524,0.7086847,1.0355243,40.348,80.696,"2011_nk_172","Nush",2011,0.708778981666667,0.990328163333334,0.00139375666666675,734.386101982274,850.6125533505,1272.272,0.708522611711712
78,39.048,0.7084749,1.0263781,40.872,81.744,"2011_nk_172","Nush",2011,0.708779486666667,0.992202718333334,0.00187455499999989,734.386101982274,850.6125533505,1272.272,0.708522611711712
79,39.524,0.7097188,1.0288799,41.396,82.792,"2011_nk_172","Nush",2011,0.70878534,0.994014785,0.00181206666666678,734.386101982274,850.6125533505,1272.272,0.708522611711712
80,40.048,0.7080296,1.0130371,41.92,83.84,"2011_nk_172","Nush",2011,0.708771363333333,0.996393121666667,0.00237833666666665,734.386101982274,850.6125533505,1272.272,0.708522611711712
81,40.524,0.7088113,1.0276178,42.444,84.888,"2011_nk_172","Nush",2011,0.708788035,0.997962705,0.00156958333333335,734.386101982274,850.6125533505,1272.272,0.708522611711712
82,41.048,0.7085929,1.014434,42.968,85.936,"2011_nk_172","Nush",2011,0.708821725,0.999672623333334,0.00170991833333334,734.386101982274,850.6125533505,1272.272,0.708522611711712
83,41.524,0.7092008,1.0114745,43.492,86.984,"2011_nk_172","Nush",2011,0.70879864,1.00096482666667,0.00129220333333324,734.386101982274,850.6125533505,1272.272,0.708522611711712
84,42.048,0.7094298,1.0097793,44.016,88.032,"2011_nk_172","Nush",2011,0.708793865,1.00240193,0.00143710333333336,734.386101982274,850.6125533505,1272.272,0.708522611711712
85,42.524,0.7086149,1.04743,44.54,89.08,"2011_nk_172","Nush",2011,0.708787105,1.00374066833333,0.00133873833333342,734.386101982274,850.6125533505,1272.272,0.708522611711712
86,43.048,0.7103482,1.0360934,45.064,90.128,"2011_nk_172","Nush",2011,0.708832486666667,1.00488376,0.0011430916666666,734.386101982274,850.6125533505,1272.272,0.708522611711712
87,43.524,0.7079181,1.0360418,45.588,91.176,"2011_nk_172","Nush",2011,0.708808498333333,1.00633005166667,0.00144629166666665,734.386101982274,850.6125533505,1272.272,0.708522611711712
88,44.048,0.7079088,1.0245407,46.112,92.224,"2011_nk_172","Nush",2011,0.708787998333333,1.00793901333333,0.00160896166666658,734.386101982274,850.6125533505,1272.272,0.708522611711712
89,44.524,0.70906,1.033873,46.636,93.272,"2011_nk_172","Nush",2011,0.708813325,1.009256135,0.00131712166666675,734.386101982274,850.6125533505,1272.272,0.708522611711712
90,45.048,0.7096011,1.0157366,47.16,94.32,"2011_nk_172","Nush",2011,0.708784708333333,1.01053339333333,0.00127725833333336,734.386101982274,850.6125533505,1272.272,0.708522611711712
91,45.524,0.7101138,1.0217664,47.684,95.368,"2011_nk_172","Nush",2011,0.708808131666667,1.01197165833333,0.00143826499999999,734.386101982274,850.6125533505,1272.272,0.708522611711712
92,46.048,0.7086699,1.0257308,48.208,96.416,"2011_nk_172","Nush",2011,0.708807058333333,1.01281510833333,0.000843450000000079,734.386101982274,850.6125533505,1272.272,0.708522611711712
93,46.524,0.7076769,1.0337408,48.732,97.464,"2011_nk_172","Nush",2011,0.708802746666667,1.01352345666667,0.00070834833333322,734.386101982274,850.6125533505,1272.272,0.708522611711712
94,47.048,0.7096085,1.0163885,49.256,98.512,"2011_nk_172","Nush",2011,0.708796536666667,1.014248595,0.00072513833333332,734.386101982274,850.6125533505,1272.272,0.708522611711712
95,47.524,0.7083762,1.0246595,49.78,99.56,"2011_nk_172","Nush",2011,0.708779016666667,1.015108535,0.000859940000000003,734.386101982274,850.6125533505,1272.272,0.708522611711712
96,48.048,0.7091047,1.014464,50.304,100.608,"2011_nk_172","Nush",2011,0.708764451666667,1.01592721,0.000818675000000102,734.386101982274,850.6125533505,1272.272,0.708522611711712
97,48.524,0.7084846,1.0156524,50.828,101.656,"2011_nk_172","Nush",2011,0.70877079,1.01694978666667,0.00102257666666672,734.386101982274,850.6125533505,1272.272,0.708522611711712
98,49.048,0.7087733,1.0057748,51.352,102.704,"2011_nk_172","Nush",2011,0.70876717,1.01726610666667,0.000316319999999815,734.386101982274,850.6125533505,1272.272,0.708522611711712
99,49.524,0.7091952,0.9987294,51.876,103.752,"2011_nk_172","Nush",2011,0.708771048333333,1.01771851,0.000452403333333518,734.386101982274,850.6125533505,1272.272,0.708522611711712
100,50.048,0.7089454,0.9963612,52.4,104.8,"2011_nk_172","Nush",2011,0.70875631,1.017635715,-8.27950000001909e-05,734.386101982274,850.6125533505,1272.272,0.708522611711712
101,50.524,0.7090226,1.0044664,52.924,105.848,"2011_nk_172","Nush",2011,0.708786076666666,1.01759150833333,-4.42066666666019e-05,734.386101982274,850.6125533505,1272.272,0.708522611711712
102,51.048,0.7089165,1.0112589,53.448,106.896,"2011_nk_172","Nush",2011,0.70877991,1.01755682833333,-3.46799999999536e-05,734.386101982274,850.6125533505,1272.272,0.708522611711712
103,51.524,0.7097929,1.0185896,53.972,107.944,"2011_nk_172","Nush",2011,0.708782363333333,1.01822531833333,0.0006684899999998,734.386101982274,850.6125533505,1272.272,0.708522611711712
104,52.048,0.7090447,1.0027552,54.496,108.992,"2011_nk_172","Nush",2011,0.708798256666667,1.018583425,0.000358106666666691,734.386101982274,850.6125533505,1272.272,0.708522611711712
105,52.524,0.7086935,0.9964359,55.02,110.04,"2011_nk_172","Nush",2011,0.708806758333333,1.01900151333333,0.000418088333333344,734.386101982274,850.6125533505,1272.272,0.708522611711712
106,53.048,0.7076824,1.0146945,55.544,111.088,"2011_nk_172","Nush",2011,0.708828633333333,1.019098905,9.73916666666685e-05,734.386101982274,850.6125533505,1272.272,0.708522611711712
107,53.524,0.7086674,1.007654,56.068,112.136,"2011_nk_172","Nush",2011,0.70881928,1.01858118333333,-0.000517721666666748,734.386101982274,850.6125533505,1272.272,0.708522611711712
108,54.048,0.709273,1.0399301,56.592,113.184,"2011_nk_172","Nush",2011,0.708814636666667,1.01845270666667,-0.000128476666666488,734.386101982274,850.6125533505,1272.272,0.708522611711712
109,54.524,0.708356,1.0265689,57.116,114.232,"2011_nk_172","Nush",2011,0.708797776666667,1.01833790333333,-0.000114803333333358,734.386101982274,850.6125533505,1272.272,0.708522611711712
110,55.048,0.7085234,1.0481856,57.64,115.28,"2011_nk_172","Nush",2011,0.708781601666667,1.01819829833333,-0.000139604999999987,734.386101982274,850.6125533505,1272.272,0.708522611711712
111,55.524,0.7093642,1.0333916,58.164,116.328,"2011_nk_172","Nush",2011,0.708780293333333,1.01714529166667,-0.00105300666666674,734.386101982274,850.6125533505,1272.272,0.708522611711712
112,56.048,0.7096351,1.0295245,58.688,117.376,"2011_nk_172","Nush",2011,0.708790371666666,1.01645701666667,-0.000688275000000127,734.386101982274,850.6125533505,1272.272,0.708522611711712
113,56.524,0.7081101,1.0179429,59.212,118.424,"2011_nk_172","Nush",2011,0.708774691666667,1.01603790666667,-0.000419109999999945,734.386101982274,850.6125533505,1272.272,0.708522611711712
114,57.048,0.7086423,1.0119866,59.736,119.472,"2011_nk_172","Nush",2011,0.708775248333333,1.01578697666667,-0.000250929999999983,734.386101982274,850.6125533505,1272.272,0.708522611711712
115,57.524,0.7072399,1.0080247,60.26,120.52,"2011_nk_172","Nush",2011,0.708777831666666,1.01448476166667,-0.00130221499999994,734.386101982274,850.6125533505,1272.272,0.708522611711712
116,58.048,0.710703,1.002116,60.784,121.568,"2011_nk_172","Nush",2011,0.708755503333333,1.01369103166667,-0.000793730000000048,734.386101982274,850.6125533505,1272.272,0.708522611711712
117,58.524,0.7085599,1.014464,61.308,122.616,"2011_nk_172","Nush",2011,0.708768408333333,1.012652175,-0.00103885666666659,734.386101982274,850.6125533505,1272.272,0.708522611711712
118,59.048,0.7073265,1.0280505,61.832,123.664,"2011_nk_172","Nush",2011,0.70876739,1.01208764333333,-0.000564531666666701,734.386101982274,850.6125533505,1272.272,0.708522611711712
119,59.524,0.7105302,1.0206074,62.356,124.712,"2011_nk_172","Nush",2011,0.708755846666666,1.01089804,-0.0011896033333334,734.386101982274,850.6125533505,1272.272,0.708522611711712
120,60.048,0.7081019,1.0258314,62.88,125.76,"2011_nk_172","Nush",2011,0.708735686666666,1.01097272166667,7.46816666667982e-05,734.386101982274,850.6125533505,1272.272,0.708522611711712
121,60.524,0.7094465,1.0442189,63.404,126.808,"2011_nk_172","Nush",2011,0.708695971666666,1.01109407166667,0.000121349999999909,734.386101982274,850.6125533505,1272.272,0.708522611711712
122,61.048,0.7078398,1.0158959,63.928,127.856,"2011_nk_172","Nush",2011,0.708694251666666,1.01082635,-0.000267721666666665,734.386101982274,850.6125533505,1272.272,0.708522611711712
123,61.524,0.7092059,1.0145123,64.452,128.904,"2011_nk_172","Nush",2011,0.708716905,1.01053097666667,-0.000295373333333293,734.386101982274,850.6125533505,1272.272,0.708522611711712
124,62.048,0.7081793,1.0004931,64.976,129.952,"2011_nk_172","Nush",2011,0.708689795,1.01056633,3.53533333332656e-05,734.386101982274,850.6125533505,1272.272,0.708522611711712
125,62.524,0.708772,1.0066288,65.5,131,"2011_nk_172","Nush",2011,0.708688966666666,1.01016637666667,-0.000399953333333203,734.386101982274,850.6125533505,1272.272,0.708522611711712
126,63.048,0.7080919,1.0194316,66.024,132.048,"2011_nk_172","Nush",2011,0.70867028,1.01018909,2.27133333332574e-05,734.386101982274,850.6125533505,1272.272,0.708522611711712
127,63.524,0.7089608,1.0285708,66.548,133.096,"2011_nk_172","Nush",2011,0.708689928333333,1.01022001333333,3.09233333333214e-05,734.386101982274,850.6125533505,1272.272,0.708522611711712
128,64.048,0.7083575,1.0144125,67.072,134.144,"2011_nk_172","Nush",2011,0.7087041,1.01056903666667,0.00034902333333342,734.386101982274,850.6125533505,1272.272,0.708522611711712
129,64.524,0.7091488,1.0245024,67.596,135.192,"2011_nk_172","Nush",2011,0.708690606666667,1.01117474333333,0.000605706666666705,734.386101982274,850.6125533505,1272.272,0.708522611711712
130,65.048,0.7080454,1.0081376,68.12,136.24,"2011_nk_172","Nush",2011,0.708692448333333,1.01140505166667,0.000230308333333262,734.386101982274,850.6125533505,1272.272,0.708522611711712
131,65.524,0.7096803,1.012129,68.644,137.288,"2011_nk_172","Nush",2011,0.708691163333333,1.01191634833333,0.000511296666666716,734.386101982274,850.6125533505,1272.272,0.708522611711712
132,66.048,0.7083754,1.0009549,69.168,138.336,"2011_nk_172","Nush",2011,0.708692338333333,1.01215408666667,0.000237738333333182,734.386101982274,850.6125533505,1272.272,0.708522611711712
133,66.524,0.7089953,1.0207604,69.692,139.384,"2011_nk_172","Nush",2011,0.708674063333333,1.012426975,0.000272888333333388,734.386101982274,850.6125533505,1272.272,0.708522611711712
134,67.048,0.7082599,1.0162007,70.216,140.432,"2011_nk_172","Nush",2011,0.708674383333333,1.01288873333333,0.000461758333333284,734.386101982274,850.6125533505,1272.272,0.708522611711712
135,67.524,0.7094491,1.0170538,70.74,141.48,"2011_nk_172","Nush",2011,0.708683635,1.01367650166667,0.000787768333333494,734.386101982274,850.6125533505,1272.272,0.708522611711712
136,68.048,0.7093822,1.0254446,71.264,142.528,"2011_nk_172","Nush",2011,0.708716358333333,1.01384689833333,0.000170396666666628,734.386101982274,850.6125533505,1272.272,0.708522611711712
137,68.524,0.7081235,1.004461,71.788,143.576,"2011_nk_172","Nush",2011,0.708705313333333,1.01416747666667,0.000320578333333321,734.386101982274,850.6125533505,1272.272,0.708522611711712
138,69.048,0.7081963,1.0186695,72.312,144.624,"2011_nk_172","Nush",2011,0.708698771666667,1.01362064666667,-0.000546829999999998,734.386101982274,850.6125533505,1272.272,0.708522611711712
139,69.524,0.7087072,1.0219917,72.836,145.672,"2011_nk_172","Nush",2011,0.708708125,1.013177975,-0.000442671666666783,734.386101982274,850.6125533505,1272.272,0.708522611711712
140,70.048,0.7070591,1.0046608,73.36,146.72,"2011_nk_172","Nush",2011,0.708709396666667,1.01232357,-0.000854404999999892,734.386101982274,850.6125533505,1272.272,0.708522611711712
141,70.524,0.7087328,0.9644374,73.884,147.768,"2011_nk_172","Nush",2011,0.708685248333333,1.01179182666667,-0.00053174333333339,734.386101982274,850.6125533505,1272.272,0.708522611711712
142,71.048,0.7091976,0.9731375,74.408,148.816,"2011_nk_172","Nush",2011,0.708656386666667,1.01148427833333,-0.000307548333333241,734.386101982274,850.6125533505,1272.272,0.708522611711712
143,71.524,0.70826,0.9863279,74.932,149.864,"2011_nk_172","Nush",2011,0.708657748333333,1.01097393,-0.000510348333333521,734.386101982274,850.6125533505,1272.272,0.708522611711712
144,72.048,0.7094632,0.9947235,75.456,150.912,"2011_nk_172","Nush",2011,0.708668781666667,1.01066560333333,-0.000308326666666581,734.386101982274,850.6125533505,1272.272,0.708522611711712
145,72.524,0.7087699,0.9692971,75.98,151.96,"2011_nk_172","Nush",2011,0.708678826666667,1.01051154833333,-0.000154055000000097,734.386101982274,850.6125533505,1272.272,0.708522611711712
146,73.048,0.7090085,0.9884696,76.504,153.008,"2011_nk_172","Nush",2011,0.708639073333333,1.00998317833333,-0.000528369999999834,734.386101982274,850.6125533505,1272.272,0.708522611711712
147,73.524,0.7086924,0.9737104,77.028,154.056,"2011_nk_172","Nush",2011,0.708600043333333,1.00909694666667,-0.000886231666666681,734.386101982274,850.6125533505,1272.272,0.708522611711712
148,74.048,0.7078477,0.9906688,77.552,155.104,"2011_nk_172","Nush",2011,0.708583436666667,1.008158395,-0.000938551666666676,734.386101982274,850.6125533505,1272.272,0.708522611711712
149,74.524,0.7083674,0.9624968,78.076,156.152,"2011_nk_172","Nush",2011,0.708566021666667,1.00723311833333,-0.00092527666666653,734.386101982274,850.6125533505,1272.272,0.708522611711712
150,75.048,0.7083915,1.0202175,78.6,157.2,"2011_nk_172","Nush",2011,0.708545506666667,1.00642785666667,-0.000805261666666723,734.386101982274,850.6125533505,1272.272,0.708522611711712
151,75.524,0.7077309,1.0290474,79.124,158.248,"2011_nk_172","Nush",2011,0.708525985,1.00487688,-0.00155097666666659,734.386101982274,850.6125533505,1272.272,0.708522611711712
152,76.048,0.7085667,1.0096675,79.648,159.296,"2011_nk_172","Nush",2011,0.70853879,1.00405050666667,-0.000826373333333352,734.386101982274,850.6125533505,1272.272,0.708522611711712
153,76.524,0.7090361,1.0160184,80.172,160.344,"2011_nk_172","Nush",2011,0.708543888333333,1.002996445,-0.00105406166666677,734.386101982274,850.6125533505,1272.272,0.708522611711712
154,77.048,0.7079819,1.0185097,80.696,161.392,"2011_nk_172","Nush",2011,0.70855301,1.00215665333333,-0.000839791666666478,734.386101982274,850.6125533505,1272.272,0.708522611711712
155,77.524,0.7083265,1.0006623,81.22,162.44,"2011_nk_172","Nush",2011,0.708551283333333,1.00106822166667,-0.00108843166666683,734.386101982274,850.6125533505,1272.272,0.708522611711712
156,78.048,0.7079835,1.0158268,81.744,163.488,"2011_nk_172","Nush",2011,0.708552183333333,0.999772053333334,-0.00129616833333324,734.386101982274,850.6125533505,1272.272,0.708522611711712
157,78.524,0.7096635,1.0175078,82.268,164.536,"2011_nk_172","Nush",2011,0.708536958333333,0.998303746666667,-0.00146830666666675,734.386101982274,850.6125533505,1272.272,0.708522611711712
158,79.048,0.7096236,1.0267162,82.792,165.584,"2011_nk_172","Nush",2011,0.708561695,0.997543225,-0.000760521666666514,734.386101982274,850.6125533505,1272.272,0.708522611711712
159,79.524,0.7083856,1.0350718,83.316,166.632,"2011_nk_172","Nush",2011,0.70854557,0.996551993333334,-0.000991231666666703,734.386101982274,850.6125533505,1272.272,0.708522611711712
160,80.048,0.7090559,1.0101797,83.84,167.68,"2011_nk_172","Nush",2011,0.708588628333333,0.995667883333334,-0.000884110000000105,734.386101982274,850.6125533505,1272.272,0.708522611711712
161,80.524,0.7089455,1.0351442,84.364,168.728,"2011_nk_172","Nush",2011,0.708577058333333,0.99452356,-0.00114432333333325,734.386101982274,850.6125533505,1272.272,0.708522611711712
162,81.048,0.708987,1.0255232,84.888,169.776,"2011_nk_172","Nush",2011,0.708586848333333,0.993168481666667,-0.00135507833333337,734.386101982274,850.6125533505,1272.272,0.708522611711712
163,81.524,0.7086964,1.0349629,85.412,170.824,"2011_nk_172","Nush",2011,0.708559478333333,0.991521778333334,-0.00164670333333328,734.386101982274,850.6125533505,1272.272,0.708522611711712
164,82.048,0.7090639,1.0304607,85.936,171.872,"2011_nk_172","Nush",2011,0.708555286666666,0.990351415,-0.00117036333333331,734.386101982274,850.6125533505,1272.272,0.708522611711712
165,82.524,0.7092486,1.043702,86.46,172.92,"2011_nk_172","Nush",2011,0.708541411666667,0.989649183333334,-0.000702231666666719,734.386101982274,850.6125533505,1272.272,0.708522611711712
166,83.048,0.7096458,1.0249183,86.984,173.968,"2011_nk_172","Nush",2011,0.708530465,0.988552548333334,-0.00109663500000012,734.386101982274,850.6125533505,1272.272,0.708522611711712
167,83.524,0.7080047,1.0268887,87.508,175.016,"2011_nk_172","Nush",2011,0.708564118333333,0.987240878333334,-0.00131166999999999,734.386101982274,850.6125533505,1272.272,0.708522611711712
168,84.048,0.7088805,1.0071203,88.032,176.064,"2011_nk_172","Nush",2011,0.708580891666666,0.985152423333334,-0.00208845499999999,734.386101982274,850.6125533505,1272.272,0.708522611711712
169,84.524,0.7089172,1.0000086,88.556,177.112,"2011_nk_172","Nush",2011,0.708581043333333,0.983448775,-0.00170364833333336,734.386101982274,850.6125533505,1272.272,0.708522611711712
170,85.048,0.7085997,0.9969213,89.08,178.16,"2011_nk_172","Nush",2011,0.708597078333333,0.982365151666667,-0.00108362333333334,734.386101982274,850.6125533505,1272.272,0.708522611711712
171,85.524,0.7079153,1.001487,89.604,179.208,"2011_nk_172","Nush",2011,0.708598568333333,0.98203501,-0.000330141666666672,734.386101982274,850.6125533505,1272.272,0.708522611711712
172,86.048,0.7079034,1.0110716,90.128,180.256,"2011_nk_172","Nush",2011,0.708583948333333,0.981705678333334,-0.000329331666666599,734.386101982274,850.6125533505,1272.272,0.708522611711712
173,86.524,0.7081918,0.987322,90.652,181.304,"2011_nk_172","Nush",2011,0.708593071666667,0.981349785,-0.000355893333333301,734.386101982274,850.6125533505,1272.272,0.708522611711712
174,87.048,0.7093043,0.993487,91.176,182.352,"2011_nk_172","Nush",2011,0.708579765,0.980940661666667,-0.000409123333333428,734.386101982274,850.6125533505,1272.272,0.708522611711712
175,87.524,0.7078426,0.9987814,91.7,183.4,"2011_nk_172","Nush",2011,0.708562745,0.980915496666667,-2.51650000000492e-05,734.386101982274,850.6125533505,1272.272,0.708522611711712
176,88.048,0.7083178,0.9704138,92.224,184.448,"2011_nk_172","Nush",2011,0.708558686666667,0.980344518333333,-0.000570978333333305,734.386101982274,850.6125533505,1272.272,0.708522611711712
177,88.524,0.7062181,0.9612901,92.748,185.496,"2011_nk_172","Nush",2011,0.708568128333333,0.979746836666667,-0.000597681666666738,734.386101982274,850.6125533505,1272.272,0.708522611711712
178,89.048,0.7063301,0.9717374,93.272,186.544,"2011_nk_172","Nush",2011,0.708566218333333,0.97890905,-0.000837786666666673,734.386101982274,850.6125533505,1272.272,0.708522611711712
179,89.524,0.7094853,0.9650908,93.796,187.592,"2011_nk_172","Nush",2011,0.708565291666666,0.978712138333333,-0.000196911666666688,734.386101982274,850.6125533505,1272.272,0.708522611711712
180,90.048,0.706871,0.9775157,94.32,188.64,"2011_nk_172","Nush",2011,0.708576051666666,0.97761311,-0.00109902833333342,734.386101982274,850.6125533505,1272.272,0.708522611711712
181,90.524,0.7082752,0.9511603,94.844,189.688,"2011_nk_172","Nush",2011,0.708603795,0.9758278,-0.00178531000000004,734.386101982274,850.6125533505,1272.272,0.708522611711712
182,91.048,0.7086081,0.9663135,95.368,190.736,"2011_nk_172","Nush",2011,0.708620616666666,0.974239338333333,-0.0015884616666666,734.386101982274,850.6125533505,1272.272,0.708522611711712
183,91.524,0.7095118,0.9512686,95.892,191.784,"2011_nk_172","Nush",2011,0.70859366,0.972732708333333,-0.00150662999999995,734.386101982274,850.6125533505,1272.272,0.708522611711712
184,92.048,0.7087266,0.9501056,96.416,192.832,"2011_nk_172","Nush",2011,0.708597098333333,0.971509158333333,-0.00122355000000007,734.386101982274,850.6125533505,1272.272,0.708522611711712
185,92.524,0.7086684,0.9413229,96.94,193.88,"2011_nk_172","Nush",2011,0.70860276,0.970418656666667,-0.00109050166666669,734.386101982274,850.6125533505,1272.272,0.708522611711712
186,93.048,0.7081459,0.9416615,97.464,194.928,"2011_nk_172","Nush",2011,0.708618975,0.96891334,-0.00150531666666665,734.386101982274,850.6125533505,1272.272,0.708522611711712
187,93.524,0.7080473,0.9404724,97.988,195.976,"2011_nk_172","Nush",2011,0.708606291666666,0.967197716666667,-0.00171562333333342,734.386101982274,850.6125533505,1272.272,0.708522611711712
188,94.048,0.7098417,0.9687812,98.512,197.024,"2011_nk_172","Nush",2011,0.708597591666666,0.965689346666667,-0.00150837000000004,734.386101982274,850.6125533505,1272.272,0.708522611711712
189,94.524,0.7081813,0.9650285,99.036,198.072,"2011_nk_172","Nush",2011,0.708597278333333,0.964003251666666,-0.00168609500000005,734.386101982274,850.6125533505,1272.272,0.708522611711712
190,95.048,0.7106289,0.955091,99.56,199.12,"2011_nk_172","Nush",2011,0.70858119,0.963246333333333,-0.000756918333333356,734.386101982274,850.6125533505,1272.272,0.708522611711712
191,95.524,0.7089861,0.9434696,100.084,200.168,"2011_nk_172","Nush",2011,0.708585808333333,0.96172148,-0.0015248533333333,734.386101982274,850.6125533505,1272.272,0.708522611711712
192,96.048,0.7089628,0.9196502,100.608,201.216,"2011_nk_172","Nush",2011,0.708599516666666,0.960422566666666,-0.00129891333333332,734.386101982274,850.6125533505,1272.272,0.708522611711712
193,96.524,0.7073531,0.9219582,101.132,202.264,"2011_nk_172","Nush",2011,0.708596153333333,0.958936453333333,-0.00148611333333337,734.386101982274,850.6125533505,1272.272,0.708522611711712
194,97.048,0.7080084,0.9459789,101.656,203.312,"2011_nk_172","Nush",2011,0.708591863333333,0.957915703333333,-0.00102075000000001,734.386101982274,850.6125533505,1272.272,0.708522611711712
195,97.524,0.7086166,0.9749199,102.18,204.36,"2011_nk_172","Nush",2011,0.708578226666666,0.956738411666667,-0.00117729166666658,734.386101982274,850.6125533505,1272.272,0.708522611711712
196,98.048,0.7087254,0.9596465,102.704,205.408,"2011_nk_172","Nush",2011,0.708574025,0.955660626666667,-0.001077785,734.386101982274,850.6125533505,1272.272,0.708522611711712
197,98.524,0.7101427,0.9257608,103.228,206.456,"2011_nk_172","Nush",2011,0.708584068333333,0.954440985,-0.00121964166666666,734.386101982274,850.6125533505,1272.272,0.708522611711712
198,99.048,0.7092027,0.8933622,103.752,207.504,"2011_nk_172","Nush",2011,0.708572711666667,0.9534235,-0.00101748499999998,734.386101982274,850.6125533505,1272.272,0.708522611711712
199,99.524,0.7087163,0.9197728,104.276,208.552,"2011_nk_172","Nush",2011,0.708577808333333,0.9529174,-0.000506099999999954,734.386101982274,850.6125533505,1272.272,0.708522611711712
200,100.048,0.7080212,0.9396434,104.8,209.6,"2011_nk_172","Nush",2011,0.708576343333333,0.952290296666667,-0.000627103333333379,734.386101982274,850.6125533505,1272.272,0.708522611711712
201,100.524,0.7088222,0.9446289,105.324,210.648,"2011_nk_172","Nush",2011,0.708600408333333,0.951690896666667,-0.000599399999999917,734.386101982274,850.6125533505,1272.272,0.708522611711712
202,101.048,0.7083204,0.9533776,105.848,211.696,"2011_nk_172","Nush",2011,0.708617955,0.950612925,-0.00107797166666668,734.386101982274,850.6125533505,1272.272,0.708522611711712
203,101.524,0.7088074,0.9649743,106.372,212.744,"2011_nk_172","Nush",2011,0.708616556666667,0.949754583333333,-0.000858341666666651,734.386101982274,850.6125533505,1272.272,0.708522611711712
204,102.048,0.7086648,0.9701761,106.896,213.792,"2011_nk_172","Nush",2011,0.708601528333333,0.948784443333333,-0.000970140000000064,734.386101982274,850.6125533505,1272.272,0.708522611711712
205,102.524,0.7077487,0.9677872,107.42,214.84,"2011_nk_172","Nush",2011,0.70861171,0.948093378333333,-0.000691064999999935,734.386101982274,850.6125533505,1272.272,0.708522611711712
206,103.048,0.708765,0.9542109,107.944,215.888,"2011_nk_172","Nush",2011,0.708602978333333,0.947950626666667,-0.000142751666666552,734.386101982274,850.6125533505,1272.272,0.708522611711712
207,103.524,0.7092589,0.9378495,108.468,216.936,"2011_nk_172","Nush",2011,0.708653316666667,0.948009196666667,5.8569999999869e-05,734.386101982274,850.6125533505,1272.272,0.708522611711712
208,104.048,0.7077331,0.9404016,108.992,217.984,"2011_nk_172","Nush",2011,0.70870361,0.947577691666667,-0.000431504999999999,734.386101982274,850.6125533505,1272.272,0.708522611711712
209,104.524,0.7083118,0.9506821,109.516,219.032,"2011_nk_172","Nush",2011,0.70867661,0.947557986666667,-1.97050000000365e-05,734.386101982274,850.6125533505,1272.272,0.708522611711712
210,105.048,0.7090371,0.9542758,110.04,220.08,"2011_nk_172","Nush",2011,0.708690491666667,0.947342723333333,-0.000215263333333326,734.386101982274,850.6125533505,1272.272,0.708522611711712
211,105.524,0.7093955,0.9219288,110.564,221.128,"2011_nk_172","Nush",2011,0.708716463333333,0.947460796666666,0.000118073333333246,734.386101982274,850.6125533505,1272.272,0.708522611711712
212,106.048,0.709576,0.9143598,111.088,222.176,"2011_nk_172","Nush",2011,0.708713356666667,0.947176051666667,-0.000284744999999975,734.386101982274,850.6125533505,1272.272,0.708522611711712
213,106.524,0.7074187,0.9256206,111.612,223.224,"2011_nk_172","Nush",2011,0.708717365,0.947075283333333,-0.000100768333333279,734.386101982274,850.6125533505,1272.272,0.708522611711712
214,107.048,0.7081882,0.9450967,112.136,224.272,"2011_nk_172","Nush",2011,0.70872444,0.947075651666667,3.68333333389259e-07,734.386101982274,850.6125533505,1272.272,0.708522611711712
215,107.524,0.7086662,0.9352322,112.66,225.32,"2011_nk_172","Nush",2011,0.708729876666667,0.947067511666667,-8.14000000004533e-06,734.386101982274,850.6125533505,1272.272,0.708522611711712
216,108.048,0.7089564,0.9255078,113.184,226.368,"2011_nk_172","Nush",2011,0.708737363333333,0.946955526666667,-0.000111984999999981,734.386101982274,850.6125533505,1272.272,0.708522611711712
217,108.524,0.7089025,0.9145704,113.708,227.416,"2011_nk_172","Nush",2011,0.708744253333333,0.94707415,0.000118623333333345,734.386101982274,850.6125533505,1272.272,0.708522611711712
218,109.048,0.7091016,0.936214,114.232,228.464,"2011_nk_172","Nush",2011,0.70873661,0.946445303333333,-0.000628846666666738,734.386101982274,850.6125533505,1272.272,0.708522611711712
219,109.524,0.7083668,0.9339061,114.756,229.512,"2011_nk_172","Nush",2011,0.708748706666667,0.945823348333333,-0.000621954999999952,734.386101982274,850.6125533505,1272.272,0.708522611711712
220,110.048,0.7080906,0.9647646,115.28,230.56,"2011_nk_172","Nush",2011,0.708723418333333,0.945675466666667,-0.000147881666666683,734.386101982274,850.6125533505,1272.272,0.708522611711712
221,110.524,0.7092226,0.943653,115.804,231.608,"2011_nk_172","Nush",2011,0.708726701666667,0.945584093333333,-9.13733333332001e-05,734.386101982274,850.6125533505,1272.272,0.708522611711712
222,111.048,0.7098095,0.9475884,116.328,232.656,"2011_nk_172","Nush",2011,0.708720095,0.945615386666667,3.12933333332932e-05,734.386101982274,850.6125533505,1272.272,0.708522611711712
223,111.524,0.7084946,0.9457961,116.852,233.704,"2011_nk_172","Nush",2011,0.708746611666667,0.945363068333333,-0.000252318333333279,734.386101982274,850.6125533505,1272.272,0.708522611711712
224,112.048,0.7088065,0.9692157,117.376,234.752,"2011_nk_172","Nush",2011,0.70877409,0.944987541666667,-0.000375526666666737,734.386101982274,850.6125533505,1272.272,0.708522611711712
225,112.524,0.7084304,0.9730645,117.9,235.8,"2011_nk_172","Nush",2011,0.708761895,0.944033851666667,-0.000953690000000007,734.386101982274,850.6125533505,1272.272,0.708522611711712
226,113.048,0.7093937,0.9602512,118.424,236.848,"2011_nk_172","Nush",2011,0.708759273333333,0.943533005,-0.00050084666666661,734.386101982274,850.6125533505,1272.272,0.708522611711712
227,113.524,0.7086073,0.9537102,118.948,237.896,"2011_nk_172","Nush",2011,0.70873487,0.943452318333333,-8.06866666667183e-05,734.386101982274,850.6125533505,1272.272,0.708522611711712
228,114.048,0.7081991,0.9460712,119.472,238.944,"2011_nk_172","Nush",2011,0.708717421666666,0.943955495,0.000503176666666549,734.386101982274,850.6125533505,1272.272,0.708522611711712
229,114.524,0.709223,0.9696426,119.996,239.992,"2011_nk_172","Nush",2011,0.70869726,0.943899111666667,-5.63833333332431e-05,734.386101982274,850.6125533505,1272.272,0.708522611711712
230,115.048,0.7085118,0.9592951,120.52,241.04,"2011_nk_172","Nush",2011,0.708707603333333,0.943651768333333,-0.000247343333333316,734.386101982274,850.6125533505,1272.272,0.708522611711712
231,115.524,0.7093592,0.965523,121.044,242.088,"2011_nk_172","Nush",2011,0.708716375,0.94315224,-0.000499528333333332,734.386101982274,850.6125533505,1272.272,0.708522611711712
232,116.048,0.7089562,0.9463933,121.568,243.136,"2011_nk_172","Nush",2011,0.708727066666666,0.942262835,-0.00088940500000001,734.386101982274,850.6125533505,1272.272,0.708522611711712
233,116.524,0.7081079,0.9358215,122.092,244.184,"2011_nk_172","Nush",2011,0.708729141666666,0.941294006666667,-0.000968828333333338,734.386101982274,850.6125533505,1272.272,0.708522611711712
234,117.048,0.7084026,0.9352786,122.616,245.232,"2011_nk_172","Nush",2011,0.708723168333333,0.940527138333333,-0.000766868333333282,734.386101982274,850.6125533505,1272.272,0.708522611711712
235,117.524,0.7084535,0.9573175,123.14,246.28,"2011_nk_172","Nush",2011,0.7087436,0.939850656666667,-0.000676481666666784,734.386101982274,850.6125533505,1272.272,0.708522611711712
236,118.048,0.7077939,0.9618487,123.664,247.328,"2011_nk_172","Nush",2011,0.708763176666666,0.939419863333333,-0.00043079333333329,734.386101982274,850.6125533505,1272.272,0.708522611711712
237,118.524,0.7092384,0.9648043,124.188,248.376,"2011_nk_172","Nush",2011,0.70875107,0.939079985,-0.000339878333333377,734.386101982274,850.6125533505,1272.272,0.708522611711712
238,119.048,0.7093477,0.9458471,124.712,249.424,"2011_nk_172","Nush",2011,0.708743115,0.93899279,-8.71949999999844e-05,734.386101982274,850.6125533505,1272.272,0.708522611711712
239,119.524,0.7078653,0.9639085,125.236,250.472,"2011_nk_172","Nush",2011,0.708783158333333,0.938552863333333,-0.000439926666666701,734.386101982274,850.6125533505,1272.272,0.708522611711712
240,120.048,0.7077039,0.9645999,125.76,251.52,"2011_nk_172","Nush",2011,0.708761536666666,0.937913088333333,-0.000639775000000009,734.386101982274,850.6125533505,1272.272,0.708522611711712
241,120.524,0.7098335,0.9582447,126.284,252.568,"2011_nk_172","Nush",2011,0.708752478333333,0.937692336666667,-0.000220751666666685,734.386101982274,850.6125533505,1272.272,0.708522611711712
242,121.048,0.7084217,0.9492288,126.808,253.616,"2011_nk_172","Nush",2011,0.708742053333333,0.937650845,-4.14916666666709e-05,734.386101982274,850.6125533505,1272.272,0.708522611711712
243,121.524,0.7097523,0.9452225,127.332,254.664,"2011_nk_172","Nush",2011,0.708783336666666,0.937570211666667,-8.0633333333302e-05,734.386101982274,850.6125533505,1272.272,0.708522611711712
244,122.048,0.7091511,0.9501277,127.856,255.712,"2011_nk_172","Nush",2011,0.708776315,0.937277198333333,-0.000293013333333314,734.386101982274,850.6125533505,1272.272,0.708522611711712
245,122.524,0.7089946,0.9408345,128.38,256.76,"2011_nk_172","Nush",2011,0.708783028333333,0.937435673333333,0.000158474999999991,734.386101982274,850.6125533505,1272.272,0.708522611711712
246,123.048,0.7085951,0.9349424,128.904,257.808,"2011_nk_172","Nush",2011,0.708772848333333,0.937428426666667,-7.2466666666271e-06,734.386101982274,850.6125533505,1272.272,0.708522611711712
247,123.524,0.7084607,0.9475898,129.428,258.856,"2011_nk_172","Nush",2011,0.708764403333333,0.937590975,0.00016254833333329,734.386101982274,850.6125533505,1272.272,0.708522611711712
248,124.048,0.7093831,0.9310504,129.952,259.904,"2011_nk_172","Nush",2011,0.708754263333333,0.937137026666667,-0.000453948333333232,734.386101982274,850.6125533505,1272.272,0.708522611711712
249,124.524,0.7089071,0.9277112,130.476,260.952,"2011_nk_172","Nush",2011,0.708757703333333,0.936754073333333,-0.00038295333333338,734.386101982274,850.6125533505,1272.272,0.708522611711712
250,125.048,0.7091116,0.9462181,131,262,"2011_nk_172","Nush",2011,0.7087683,0.936185805,-0.000568268333333344,734.386101982274,850.6125533505,1272.272,0.708522611711712
251,125.524,0.7091831,0.9379872,131.524,263.048,"2011_nk_172","Nush",2011,0.708768386666667,0.936131771666667,-5.40333333333143e-05,734.386101982274,850.6125533505,1272.272,0.708522611711712
252,126.048,0.7085664,0.9215278,132.048,264.096,"2011_nk_172","Nush",2011,0.708753705,0.935648693333333,-0.000483078333333387,734.386101982274,850.6125533505,1272.272,0.708522611711712
253,126.524,0.7089441,0.9068191,132.572,265.144,"2011_nk_172","Nush",2011,0.70876251,0.935011073333333,-0.000637619999999894,734.386101982274,850.6125533505,1272.272,0.708522611711712
254,127.048,0.7096571,0.9234473,133.096,266.192,"2011_nk_172","Nush",2011,0.708755155,0.934069765,-0.00094130833333328,734.386101982274,850.6125533505,1272.272,0.708522611711712
255,127.524,0.7078849,0.9176985,133.62,267.24,"2011_nk_172","Nush",2011,0.708742933333333,0.93294919,-0.00112057499999996,734.386101982274,850.6125533505,1272.272,0.708522611711712
256,128.048,0.7085681,0.9295957,134.144,268.288,"2011_nk_172","Nush",2011,0.708728753333333,0.93210628,-0.00084291000000003,734.386101982274,850.6125533505,1272.272,0.708522611711712
257,128.524,0.7086785,0.9209196,134.668,269.336,"2011_nk_172","Nush",2011,0.708735306666667,0.931533883333333,-0.000572396666666641,734.386101982274,850.6125533505,1272.272,0.708522611711712
258,129.048,0.7081558,0.9235528,135.192,270.384,"2011_nk_172","Nush",2011,0.708761161666667,0.931313326666667,-0.000220556666666649,734.386101982274,850.6125533505,1272.272,0.708522611711712
259,129.524,0.7075066,0.9163898,135.716,271.432,"2011_nk_172","Nush",2011,0.708739408333333,0.930226833333334,-0.00108649333333322,734.386101982274,850.6125533505,1272.272,0.708522611711712
260,130.048,0.7086418,0.9248028,136.24,272.48,"2011_nk_172","Nush",2011,0.708733745,0.929614525,-0.000612308333333367,734.386101982274,850.6125533505,1272.272,0.708522611711712
261,130.524,0.7093485,0.9146572,136.764,273.528,"2011_nk_172","Nush",2011,0.708732148333333,0.929092043333334,-0.000522481666666574,734.386101982274,850.6125533505,1272.272,0.708522611711712
262,131.048,0.7089619,0.9000133,137.288,274.576,"2011_nk_172","Nush",2011,0.708747986666667,0.92901439,-7.76533333333163e-05,734.386101982274,850.6125533505,1272.272,0.708522611711712
263,131.524,0.7089319,0.9068446,137.812,275.624,"2011_nk_172","Nush",2011,0.70875873,0.928980301666667,-3.40883333332931e-05,734.386101982274,850.6125533505,1272.272,0.708522611711712
264,132.048,0.7083064,0.924164,138.336,276.672,"2011_nk_172","Nush",2011,0.708758423333333,0.9288252,-0.000155101666666768,734.386101982274,850.6125533505,1272.272,0.708522611711712
265,132.524,0.7089746,0.9271983,138.86,277.72,"2011_nk_172","Nush",2011,0.708755528333333,0.92804945,-0.000775750000000075,734.386101982274,850.6125533505,1272.272,0.708522611711712
266,133.048,0.7099396,0.9283633,139.384,278.768,"2011_nk_172","Nush",2011,0.708777895,0.927339893333334,-0.000709556666666611,734.386101982274,850.6125533505,1272.272,0.708522611711712
267,133.524,0.7085325,0.9174568,139.908,279.816,"2011_nk_172","Nush",2011,0.708768748333333,0.926542715,-0.00079717833333337,734.386101982274,850.6125533505,1272.272,0.708522611711712
268,134.048,0.7072558,0.9351699,140.432,280.864,"2011_nk_172","Nush",2011,0.70875409,0.926492625,-5.00900000000026e-05,734.386101982274,850.6125533505,1272.272,0.708522611711712
269,134.524,0.7107144,0.9242865,140.956,281.912,"2011_nk_172","Nush",2011,0.708781411666667,0.925988656666667,-0.000503968333333327,734.386101982274,850.6125533505,1272.272,0.708522611711712
270,135.048,0.7077398,0.9158893,141.48,282.96,"2011_nk_172","Nush",2011,0.708806856666667,0.925393701666667,-0.000594954999999953,734.386101982274,850.6125533505,1272.272,0.708522611711712
271,135.524,0.708852,0.9086837,142.004,284.008,"2011_nk_172","Nush",2011,0.708805801666667,0.924927213333333,-0.000466488333333404,734.386101982274,850.6125533505,1272.272,0.708522611711712
272,136.048,0.7089505,0.9118703,142.528,285.056,"2011_nk_172","Nush",2011,0.708802746666667,0.924599403333333,-0.000327810000000039,734.386101982274,850.6125533505,1272.272,0.708522611711712
273,136.524,0.7098957,0.9207826,143.052,286.104,"2011_nk_172","Nush",2011,0.708761,0.924519038333333,-8.03650000000822e-05,734.386101982274,850.6125533505,1272.272,0.708522611711712
274,137.048,0.7077669,0.9275159,143.576,287.152,"2011_nk_172","Nush",2011,0.70876141,0.924026521666667,-0.000492516666666609,734.386101982274,850.6125533505,1272.272,0.708522611711712
275,137.524,0.709069,0.9447407,144.1,288.2,"2011_nk_172","Nush",2011,0.708747145,0.923559155,-0.000467366666666691,734.386101982274,850.6125533505,1272.272,0.708522611711712
276,138.048,0.7083456,0.925073,144.624,289.248,"2011_nk_172","Nush",2011,0.708745551666667,0.92360192,4.27650000000002e-05,734.386101982274,850.6125533505,1272.272,0.708522611711712
277,138.524,0.7083958,0.9243233,145.148,290.296,"2011_nk_172","Nush",2011,0.70875588,0.923270343333333,-0.000331576666666611,734.386101982274,850.6125533505,1272.272,0.708522611711712
278,139.048,0.7084932,0.9089771,145.672,291.344,"2011_nk_172","Nush",2011,0.708758141666667,0.923496455,0.00022611166666664,734.386101982274,850.6125533505,1272.272,0.708522611711712
279,139.524,0.7085732,0.9109289,146.196,292.392,"2011_nk_172","Nush",2011,0.708762198333334,0.923913341666667,0.000416886666666727,734.386101982274,850.6125533505,1272.272,0.708522611711712
280,140.048,0.7087264,0.9306685,146.72,293.44,"2011_nk_172","Nush",2011,0.708755885,0.923770001666667,-0.000143340000000047,734.386101982274,850.6125533505,1272.272,0.708522611711712
281,140.524,0.7092278,0.940411,147.244,294.488,"2011_nk_172","Nush",2011,0.708739501666667,0.923397505,-0.000372496666666611,734.386101982274,850.6125533505,1272.272,0.708522611711712
282,141.048,0.7089286,0.9186037,147.768,295.536,"2011_nk_172","Nush",2011,0.708765556666667,0.92335979,-3.77149999999382e-05,734.386101982274,850.6125533505,1272.272,0.708522611711712
283,141.524,0.7090229,0.9075389,148.292,296.584,"2011_nk_172","Nush",2011,0.708749271666667,0.92437346,0.00101366999999997,734.386101982274,850.6125533505,1272.272,0.708522611711712
284,142.048,0.7083652,0.9127372,148.816,297.632,"2011_nk_172","Nush",2011,0.70875148,0.924576543333334,0.000203083333333409,734.386101982274,850.6125533505,1272.272,0.708522611711712
285,142.524,0.7076971,0.90583,149.34,298.68,"2011_nk_172","Nush",2011,0.708772646666667,0.924813556666667,0.000237013333333258,734.386101982274,850.6125533505,1272.272,0.708522611711712
286,143.048,0.7085429,0.9096766,149.864,299.728,"2011_nk_172","Nush",2011,0.708784641666667,0.924937506666667,0.000123950000000095,734.386101982274,850.6125533505,1272.272,0.708522611711712
287,143.524,0.7090005,0.9193664,150.388,300.776,"2011_nk_172","Nush",2011,0.708807981666667,0.92558828,0.000650773333333188,734.386101982274,850.6125533505,1272.272,0.708522611711712
288,144.048,0.7097504,0.9328378,150.912,301.824,"2011_nk_172","Nush",2011,0.70883996,0.925921863333334,0.000333583333333443,734.386101982274,850.6125533505,1272.272,0.708522611711712
289,144.524,0.7079178,0.904453,151.436,302.872,"2011_nk_172","Nush",2011,0.708840408333334,0.926479148333334,0.000557284999999963,734.386101982274,850.6125533505,1272.272,0.708522611711712
290,145.048,0.708172,0.9225566,151.96,303.92,"2011_nk_172","Nush",2011,0.708852215,0.927049346666667,0.000570198333333383,734.386101982274,850.6125533505,1272.272,0.708522611711712
291,145.524,0.7092634,0.9341741,152.484,304.968,"2011_nk_172","Nush",2011,0.708829795,0.927484885,0.000435538333333318,734.386101982274,850.6125533505,1272.272,0.708522611711712
292,146.048,0.7099065,0.9417341,153.008,306.016,"2011_nk_172","Nush",2011,0.708827621666667,0.92818254,0.000697654999999964,734.386101982274,850.6125533505,1272.272,0.708522611711712
293,146.524,0.7087525,0.9337762,153.532,307.064,"2011_nk_172","Nush",2011,0.708834873333333,0.928792536666667,0.000609996666666612,734.386101982274,850.6125533505,1272.272,0.708522611711712
294,147.048,0.7083842,0.9259725,154.056,308.112,"2011_nk_172","Nush",2011,0.708835111666667,0.929498163333334,0.000705626666666737,734.386101982274,850.6125533505,1272.272,0.708522611711712
295,147.524,0.7082798,0.9107725,154.58,309.16,"2011_nk_172","Nush",2011,0.708839525,0.929903066666667,0.000404903333333317,734.386101982274,850.6125533505,1272.272,0.708522611711712
296,148.048,0.7091359,0.9192753,155.104,310.208,"2011_nk_172","Nush",2011,0.708814725,0.930469995,0.000566928333333383,734.386101982274,850.6125533505,1272.272,0.708522611711712
297,148.524,0.7086896,0.9169736,155.628,311.256,"2011_nk_172","Nush",2011,0.708815963333333,0.930994816666667,0.000524821666666564,734.386101982274,850.6125533505,1272.272,0.708522611711712
298,149.048,0.7084682,0.9428417,156.152,312.304,"2011_nk_172","Nush",2011,0.708835888333333,0.931258305,0.000263488333333339,734.386101982274,850.6125533505,1272.272,0.708522611711712
299,149.524,0.7095046,0.9336704,156.676,313.352,"2011_nk_172","Nush",2011,0.708795071666667,0.931657503333334,0.00039919833333335,734.386101982274,850.6125533505,1272.272,0.708522611711712
300,150.048,0.7092306,0.9289026,157.2,314.4,"2011_nk_172","Nush",2011,0.708827318333333,0.932324873333334,0.000667370000000056,734.386101982274,850.6125533505,1272.272,0.708522611711712
301,150.524,0.7097702,0.9302554,157.724,315.448,"2011_nk_172","Nush",2011,0.708840056666667,0.933360641666667,0.0010357683333333,734.386101982274,850.6125533505,1272.272,0.708522611711712
302,151.048,0.7082384,0.9295602,158.248,316.496,"2011_nk_172","Nush",2011,0.708827095,0.934505825,0.00114518333333335,734.386101982274,850.6125533505,1272.272,0.708522611711712
303,151.524,0.7072475,0.9404006,158.772,317.544,"2011_nk_172","Nush",2011,0.708801588333333,0.935448448333334,0.000942623333333392,734.386101982274,850.6125533505,1272.272,0.708522611711712
304,152.048,0.7091757,0.9205767,159.296,318.592,"2011_nk_172","Nush",2011,0.708808755,0.936025378333334,0.00057692999999992,734.386101982274,850.6125533505,1272.272,0.708522611711712
305,152.524,0.7081387,0.9127925,159.82,319.64,"2011_nk_172","Nush",2011,0.708800145,0.936201901666667,0.0001765233333334,734.386101982274,850.6125533505,1272.272,0.708522611711712
306,153.048,0.7084995,0.9375083,160.344,320.688,"2011_nk_172","Nush",2011,0.708811791666667,0.936798556666667,0.000596654999999946,734.386101982274,850.6125533505,1272.272,0.708522611711712
307,153.524,0.7090804,0.9276952,160.868,321.736,"2011_nk_172","Nush",2011,0.708826046666667,0.937555181666667,0.000756625000000066,734.386101982274,850.6125533505,1272.272,0.708522611711712
308,154.048,0.7095188,0.9446171,161.392,322.784,"2011_nk_172","Nush",2011,0.708815823333333,0.938651018333334,0.00109583666666657,734.386101982274,850.6125533505,1272.272,0.708522611711712
309,154.524,0.7091505,0.9527244,161.916,323.832,"2011_nk_172","Nush",2011,0.708803058333333,0.939433556666667,0.000782538333333416,734.386101982274,850.6125533505,1272.272,0.708522611711712
310,155.048,0.7087328,0.9376177,162.44,324.88,"2011_nk_172","Nush",2011,0.708804286666667,0.939888746666667,0.000455189999999939,734.386101982274,850.6125533505,1272.272,0.708522611711712
311,155.524,0.7082001,0.9156374,162.964,325.928,"2011_nk_172","Nush",2011,0.708803451666667,0.940365781666667,0.00047703500000007,734.386101982274,850.6125533505,1272.272,0.708522611711712
312,156.048,0.7101297,0.9192649,163.488,326.976,"2011_nk_172","Nush",2011,0.708810766666667,0.940992808333334,0.000627026666666697,734.386101982274,850.6125533505,1272.272,0.708522611711712
313,156.524,0.707967,0.9676393,164.012,328.024,"2011_nk_172","Nush",2011,0.708799056666667,0.942104955,0.00111214666666659,734.386101982274,850.6125533505,1272.272,0.708522611711712
314,157.048,0.7097896,0.9356323,164.536,329.072,"2011_nk_172","Nush",2011,0.708789595,0.942915646666667,0.000810691666666696,734.386101982274,850.6125533505,1272.272,0.708522611711712
315,157.524,0.7091549,0.9319193,165.06,330.12,"2011_nk_172","Nush",2011,0.708824638333333,0.943540136666667,0.000624490000000089,734.386101982274,850.6125533505,1272.272,0.708522611711712
316,158.048,0.7092878,0.9370327,165.584,331.168,"2011_nk_172","Nush",2011,0.708822878333333,0.943826873333334,0.000286736666666676,734.386101982274,850.6125533505,1272.272,0.708522611711712
317,158.524,0.7100789,0.959966,166.108,332.216,"2011_nk_172","Nush",2011,0.708802023333334,0.944693525,0.000866651666666662,734.386101982274,850.6125533505,1272.272,0.708522611711712
318,159.048,0.7100745,0.9435678,166.632,333.264,"2011_nk_172","Nush",2011,0.708775543333333,0.945292088333334,0.000598563333333413,734.386101982274,850.6125533505,1272.272,0.708522611711712
319,159.524,0.7075335,0.9498269,167.156,334.312,"2011_nk_172","Nush",2011,0.708790698333334,0.946729125,0.00143703666666672,734.386101982274,850.6125533505,1272.272,0.708522611711712
320,160.048,0.7093502,0.9590147,167.68,335.36,"2011_nk_172","Nush",2011,0.7088013,0.947635141666667,0.000906016666666676,734.386101982274,850.6125533505,1272.272,0.708522611711712
321,160.524,0.7080033,0.9407895,168.204,336.408,"2011_nk_172","Nush",2011,0.708787881666667,0.948317996666667,0.000682854999999982,734.386101982274,850.6125533505,1272.272,0.708522611711712
322,161.048,0.7088315,0.9418726,168.728,337.456,"2011_nk_172","Nush",2011,0.708765831666667,0.948977883333334,0.00065988666666672,734.386101982274,850.6125533505,1272.272,0.708522611711712
323,161.524,0.709367,0.9434444,169.252,338.504,"2011_nk_172","Nush",2011,0.708755453333334,0.950020771666667,0.00104288833333321,734.386101982274,850.6125533505,1272.272,0.708522611711712
324,162.048,0.7083207,0.9665016,169.776,339.552,"2011_nk_172","Nush",2011,0.708764261666667,0.951325328333334,0.00130455666666673,734.386101982274,850.6125533505,1272.272,0.708522611711712
325,162.524,0.7092394,0.9514925,170.3,340.6,"2011_nk_172","Nush",2011,0.708769513333334,0.952730126666667,0.00140479833333329,734.386101982274,850.6125533505,1272.272,0.708522611711712
326,163.048,0.7084516,0.962379,170.824,341.648,"2011_nk_172","Nush",2011,0.708764411666667,0.953690248333334,0.000960121666666702,734.386101982274,850.6125533505,1272.272,0.708522611711712
327,163.524,0.7086068,0.9489461,171.348,342.696,"2011_nk_172","Nush",2011,0.708745878333334,0.95500645,0.00131620166666668,734.386101982274,850.6125533505,1272.272,0.708522611711712
328,164.048,0.7084513,0.9509792,171.872,343.744,"2011_nk_172","Nush",2011,0.70876967,0.95593981,0.000933359999999994,734.386101982274,850.6125533505,1272.272,0.708522611711712
329,164.524,0.7082654,0.9482384,172.396,344.792,"2011_nk_172","Nush",2011,0.70873496,0.957564318333334,0.00162450833333339,734.386101982274,850.6125533505,1272.272,0.708522611711712
330,165.048,0.7096746,0.9559315,172.92,345.84,"2011_nk_172","Nush",2011,0.708726573333334,0.959254315000001,0.00168999666666669,734.386101982274,850.6125533505,1272.272,0.708522611711712
331,165.524,0.7096163,0.9708298,173.444,346.888,"2011_nk_172","Nush",2011,0.70871515,0.960841028333334,0.00158671333333338,734.386101982274,850.6125533505,1272.272,0.708522611711712
332,166.048,0.7081728,0.9805813,173.968,347.936,"2011_nk_172","Nush",2011,0.708727405,0.962455851666667,0.0016148233333334,734.386101982274,850.6125533505,1272.272,0.708522611711712
333,166.524,0.7083653,0.97734,174.492,348.984,"2011_nk_172","Nush",2011,0.70875091,0.96351544,0.00105958833333319,734.386101982274,850.6125533505,1272.272,0.708522611711712
334,167.048,0.7081969,0.9621317,175.016,350.032,"2011_nk_172","Nush",2011,0.708748266666667,0.965090858333334,0.0015754183333333,734.386101982274,850.6125533505,1272.272,0.708522611711712
335,167.524,0.7085524,0.9553321,175.54,351.08,"2011_nk_172","Nush",2011,0.708777286666667,0.967152861666667,0.0020620033333334,734.386101982274,850.6125533505,1272.272,0.708522611711712
336,168.048,0.7090444,0.9608723,176.064,352.128,"2011_nk_172","Nush",2011,0.708800113333334,0.968439865000001,0.00128700333333331,734.386101982274,850.6125533505,1272.272,0.708522611711712
337,168.524,0.7092511,0.9697208,176.588,353.176,"2011_nk_172","Nush",2011,0.708812075,0.969787293333334,0.00134742833333334,734.386101982274,850.6125533505,1272.272,0.708522611711712
338,169.048,0.7078798,0.9747273,177.112,354.224,"2011_nk_172","Nush",2011,0.708803656666667,0.9707266,0.000939306666666639,734.386101982274,850.6125533505,1272.272,0.708522611711712
339,169.524,0.7078073,0.9578812,177.636,355.272,"2011_nk_172","Nush",2011,0.708810666666667,0.971449806666667,0.000723206666666698,734.386101982274,850.6125533505,1272.272,0.708522611711712
340,170.048,0.7088001,0.9579799,178.16,356.32,"2011_nk_172","Nush",2011,0.708813626666667,0.973297513333334,0.00184770666666667,734.386101982274,850.6125533505,1272.272,0.708522611711712
341,170.524,0.7091777,0.9690331,178.684,357.368,"2011_nk_172","Nush",2011,0.708802956666667,0.975120890000001,0.00182337666666677,734.386101982274,850.6125533505,1272.272,0.708522611711712
342,171.048,0.7093675,0.9562253,179.208,358.416,"2011_nk_172","Nush",2011,0.708781311666667,0.977058011666667,0.0019371216666666,734.386101982274,850.6125533505,1272.272,0.708522611711712
343,171.524,0.7083203,0.9742677,179.732,359.464,"2011_nk_172","Nush",2011,0.708800068333334,0.978014061666667,0.000956050000000097,734.386101982274,850.6125533505,1272.272,0.708522611711712
344,172.048,0.7077975,0.9613787,180.256,360.512,"2011_nk_172","Nush",2011,0.708789233333334,0.979764998333334,0.00175093666666659,734.386101982274,850.6125533505,1272.272,0.708522611711712
345,172.524,0.7097997,0.9432994,180.78,361.56,"2011_nk_172","Nush",2011,0.708796438333334,0.981681928333334,0.00191693000000004,734.386101982274,850.6125533505,1272.272,0.708522611711712
346,173.048,0.7084373,0.9268808,181.304,362.608,"2011_nk_172","Nush",2011,0.708779083333334,0.983467858333334,0.00178593000000005,734.386101982274,850.6125533505,1272.272,0.708522611711712
347,173.524,0.7077492,0.9713655,181.828,363.656,"2011_nk_172","Nush",2011,0.70874825,0.985381636666667,0.00191377833333339,734.386101982274,850.6125533505,1272.272,0.708522611711712
348,174.048,0.7081616,0.9687516,182.352,364.704,"2011_nk_172","Nush",2011,0.708726153333334,0.986757556666667,0.00137591999999997,734.386101982274,850.6125533505,1272.272,0.708522611711712
349,174.524,0.7088271,0.9906752,182.876,365.752,"2011_nk_172","Nush",2011,0.708740021666667,0.988031386666667,0.00127383000000003,734.386101982274,850.6125533505,1272.272,0.708522611711712
350,175.048,0.7088081,0.9769176,183.4,366.8,"2011_nk_172","Nush",2011,0.708763256666667,0.989307710000001,0.00127632333333327,734.386101982274,850.6125533505,1272.272,0.708522611711712
351,175.524,0.7084583,0.9751454,183.924,367.848,"2011_nk_172","Nush",2011,0.708787818333334,0.991199268333334,0.00189155833333332,734.386101982274,850.6125533505,1272.272,0.708522611711712
352,176.048,0.7085835,0.9813273,184.448,368.896,"2011_nk_172","Nush",2011,0.708788141666667,0.992718386666667,0.00151911833333329,734.386101982274,850.6125533505,1272.272,0.708522611711712
353,176.524,0.7081298,0.9963495,184.972,369.944,"2011_nk_172","Nush",2011,0.708781621666667,0.994111018333334,0.0013926316666667,734.386101982274,850.6125533505,1272.272,0.708522611711712
354,177.048,0.7089127,1.0042459,185.496,370.992,"2011_nk_172","Nush",2011,0.708789461666667,0.994905448333334,0.000794430000000013,734.386101982274,850.6125533505,1272.272,0.708522611711712
355,177.524,0.7085949,0.9950604,186.02,372.04,"2011_nk_172","Nush",2011,0.708790845,0.995831453333334,0.000926005000000063,734.386101982274,850.6125533505,1272.272,0.708522611711712
356,178.048,0.7088298,0.9768826,186.544,373.088,"2011_nk_172","Nush",2011,0.708787985,0.996793798333334,0.00096234499999992,734.386101982274,850.6125533505,1272.272,0.708522611711712
357,178.524,0.7075776,0.9959457,187.068,374.136,"2011_nk_172","Nush",2011,0.708823863333334,0.998085500000001,0.00129170166666659,734.386101982274,850.6125533505,1272.272,0.708522611711712
358,179.048,0.7098957,0.9988433,187.592,375.184,"2011_nk_172","Nush",2011,0.708827826666667,0.999232808333334,0.00114730833333332,734.386101982274,850.6125533505,1272.272,0.708522611711712
359,179.524,0.707422,1.0311409,188.116,376.232,"2011_nk_172","Nush",2011,0.708858448333334,1.00060466166667,0.00137185333333334,734.386101982274,850.6125533505,1272.272,0.708522611711712
360,180.048,0.7087274,1.0303024,188.64,377.28,"2011_nk_172","Nush",2011,0.708857771666667,1.00177026333333,0.00116560166666657,734.386101982274,850.6125533505,1272.272,0.708522611711712
361,180.524,0.7090848,1.0254582,189.164,378.328,"2011_nk_172","Nush",2011,0.708845386666667,1.00280484166667,0.00103457833333342,734.386101982274,850.6125533505,1272.272,0.708522611711712
362,181.048,0.7089737,1.0264496,189.688,379.376,"2011_nk_172","Nush",2011,0.70885081,1.00366102,0.00085617833333318,734.386101982274,850.6125533505,1272.272,0.708522611711712
363,181.524,0.7086578,1.0039759,190.212,380.424,"2011_nk_172","Nush",2011,0.7088459,1.00477059833333,0.00110957833333347,734.386101982274,850.6125533505,1272.272,0.708522611711712
364,182.048,0.7090171,1.0151018,190.736,381.472,"2011_nk_172","Nush",2011,0.708850021666667,1.00610912833333,0.00133852999999995,734.386101982274,850.6125533505,1272.272,0.708522611711712
365,182.524,0.7098799,1.0365127,191.26,382.52,"2011_nk_172","Nush",2011,0.708848731666667,1.00741914,0.00131001166666667,734.386101982274,850.6125533505,1272.272,0.708522611711712
366,183.048,0.7098691,1.0147285,191.784,383.568,"2011_nk_172","Nush",2011,0.708826605,1.00881074833333,0.0013916083333334,734.386101982274,850.6125533505,1272.272,0.708522611711712
367,183.524,0.7097981,1.0085409,192.308,384.616,"2011_nk_172","Nush",2011,0.708826101666667,1.010189355,0.00137860666666656,734.386101982274,850.6125533505,1272.272,0.708522611711712
368,184.048,0.7090137,1.0009755,192.832,385.664,"2011_nk_172","Nush",2011,0.708857206666667,1.01163893,0.00144957500000009,734.386101982274,850.6125533505,1272.272,0.708522611711712
369,184.524,0.7095711,0.9961168,193.356,386.712,"2011_nk_172","Nush",2011,0.70888705,1.01288415333333,0.00124522333333332,734.386101982274,850.6125533505,1272.272,0.708522611711712
370,185.048,0.7089104,1.0484801,193.88,387.76,"2011_nk_172","Nush",2011,0.708875391666667,1.01427570333333,0.00139154999999991,734.386101982274,850.6125533505,1272.272,0.708522611711712
371,185.524,0.7075599,1.02504,194.404,388.808,"2011_nk_172","Nush",2011,0.708877743333334,1.01534869166667,0.00107298833333336,734.386101982274,850.6125533505,1272.272,0.708522611711712
372,186.048,0.708831,1.0354922,194.928,389.856,"2011_nk_172","Nush",2011,0.708876081666667,1.01709333333333,0.00174464166666666,734.386101982274,850.6125533505,1272.272,0.708522611711712
373,186.524,0.7090924,1.0250023,195.452,390.904,"2011_nk_172","Nush",2011,0.708894268333334,1.01858046333333,0.00148712999999989,734.386101982274,850.6125533505,1272.272,0.708522611711712
374,187.048,0.7091395,1.0406885,195.976,391.952,"2011_nk_172","Nush",2011,0.70890714,1.02045623,0.00187576666666667,734.386101982274,850.6125533505,1272.272,0.708522611711712
375,187.524,0.7095872,1.0469351,196.5,393,"2011_nk_172","Nush",2011,0.708904588333334,1.02250395666667,0.00204772666666675,734.386101982274,850.6125533505,1272.272,0.708522611711712
376,188.048,0.7082465,1.0441885,197.024,394.048,"2011_nk_172","Nush",2011,0.708913558333334,1.02469724166667,0.00219328500000016,734.386101982274,850.6125533505,1272.272,0.708522611711712
377,188.524,0.7082289,1.0747927,197.548,395.096,"2011_nk_172","Nush",2011,0.708940776666667,1.026336485,0.00163924333333321,734.386101982274,850.6125533505,1272.272,0.708522611711712
378,189.048,0.7087487,1.026123,198.072,396.144,"2011_nk_172","Nush",2011,0.70894948,1.02816809,0.00183160500000001,734.386101982274,850.6125533505,1272.272,0.708522611711712
379,189.524,0.7083656,1.0262567,198.596,397.192,"2011_nk_172","Nush",2011,0.70894577,1.02960549166667,0.00143740166666673,734.386101982274,850.6125533505,1272.272,0.708522611711712
380,190.048,0.7107443,1.0355941,199.12,398.24,"2011_nk_172","Nush",2011,0.708968541666667,1.03128390666667,0.00167841499999999,734.386101982274,850.6125533505,1272.272,0.708522611711712
381,190.524,0.709477,1.054283,199.644,399.288,"2011_nk_172","Nush",2011,0.708985533333334,1.032544085,0.00126017833333325,734.386101982274,850.6125533505,1272.272,0.708522611711712
382,191.048,0.7088509,1.0330197,200.168,400.336,"2011_nk_172","Nush",2011,0.708967936666667,1.03385869,0.00131460499999991,734.386101982274,850.6125533505,1272.272,0.708522611711712
383,191.524,0.7089758,1.0270023,200.692,401.384,"2011_nk_172","Nush",2011,0.70896853,1.03517269,0.00131400000000004,734.386101982274,850.6125533505,1272.272,0.708522611711712
384,192.048,0.7087911,1.0141674,201.216,402.432,"2011_nk_172","Nush",2011,0.708954698333333,1.03614007666667,0.000967386666666625,734.386101982274,850.6125533505,1272.272,0.708522611711712
385,192.524,0.7093224,1.0070528,201.74,403.48,"2011_nk_172","Nush",2011,0.70896414,1.03734125333333,0.00120117666666686,734.386101982274,850.6125533505,1272.272,0.708522611711712
386,193.048,0.70828,1.0201197,202.264,404.528,"2011_nk_172","Nush",2011,0.708971321666667,1.03906343333333,0.00172218000000002,734.386101982274,850.6125533505,1272.272,0.708522611711712
387,193.524,0.7107595,1.0264482,202.788,405.576,"2011_nk_172","Nush",2011,0.709000036666667,1.04029667333333,0.00123323999999991,734.386101982274,850.6125533505,1272.272,0.708522611711712
388,194.048,0.7086891,1.0198177,203.312,406.624,"2011_nk_172","Nush",2011,0.708983936666667,1.04128123,0.000984556666666636,734.386101982274,850.6125533505,1272.272,0.708522611711712
389,194.524,0.7101027,1.0305496,203.836,407.672,"2011_nk_172","Nush",2011,0.70902253,1.04181191166667,0.00053068166666681,734.386101982274,850.6125533505,1272.272,0.708522611711712
390,195.048,0.709634,1.0258676,204.36,408.72,"2011_nk_172","Nush",2011,0.709020866666667,1.04256451333333,0.000752601666666575,734.386101982274,850.6125533505,1272.272,0.708522611711712
391,195.524,0.7088732,1.0329045,204.884,409.768,"2011_nk_172","Nush",2011,0.709015458333333,1.04342409,0.000859576666666806,734.386101982274,850.6125533505,1272.272,0.708522611711712
392,196.048,0.7084982,1.031952,205.408,410.816,"2011_nk_172","Nush",2011,0.709017643333333,1.04442039333333,0.000996303333333115,734.386101982274,850.6125533505,1272.272,0.708522611711712
393,196.524,0.7080707,1.0439147,205.932,411.864,"2011_nk_172","Nush",2011,0.709019431666667,1.045712965,0.00129257166666674,734.386101982274,850.6125533505,1272.272,0.708522611711712
394,197.048,0.7084442,1.0424435,206.456,412.912,"2011_nk_172","Nush",2011,0.70901889,1.04651732,0.00080435500000009,734.386101982274,850.6125533505,1272.272,0.708522611711712
395,197.524,0.708475,1.0339328,206.98,413.96,"2011_nk_172","Nush",2011,0.709003713333333,1.04701870666667,0.000501386666666548,734.386101982274,850.6125533505,1272.272,0.708522611711712
396,198.048,0.7077168,1.0443688,207.504,415.008,"2011_nk_172","Nush",2011,0.708986191666667,1.04805182833333,0.0010331216666668,734.386101982274,850.6125533505,1272.272,0.708522611711712
397,198.524,0.7092209,1.0524372,208.028,416.056,"2011_nk_172","Nush",2011,0.708971328333334,1.04914261,0.00109078166666654,734.386101982274,850.6125533505,1272.272,0.708522611711712
398,199.048,0.7097461,1.0617018,208.552,417.104,"2011_nk_172","Nush",2011,0.70897335,1.05025962666667,0.00111701666666653,734.386101982274,850.6125533505,1272.272,0.708522611711712
399,199.524,0.7095979,1.0325946,209.076,418.152,"2011_nk_172","Nush",2011,0.708944276666667,1.05160504333333,0.00134541666666688,734.386101982274,850.6125533505,1272.272,0.708522611711712
400,200.048,0.7081006,1.0414729,209.6,419.2,"2011_nk_172","Nush",2011,0.708938006666667,1.05221834666667,0.000613303333333315,734.386101982274,850.6125533505,1272.272,0.708522611711712
401,200.524,0.7093188,1.0334124,210.124,420.248,"2011_nk_172","Nush",2011,0.708968398333333,1.05334097333333,0.00112262666666663,734.386101982274,850.6125533505,1272.272,0.708522611711712
402,201.048,0.7092678,1.0609038,210.648,421.296,"2011_nk_172","Nush",2011,0.708981593333334,1.05407060166667,0.000729628333333343,734.386101982274,850.6125533505,1272.272,0.708522611711712
403,201.524,0.7094115,1.0634955,211.172,422.344,"2011_nk_172","Nush",2011,0.708979808333334,1.05499871333333,0.00092811166666662,734.386101982274,850.6125533505,1272.272,0.708522611711712
404,202.048,0.7085698,1.0739247,211.696,423.392,"2011_nk_172","Nush",2011,0.708995331666667,1.05551618666667,0.000517473333333518,734.386101982274,850.6125533505,1272.272,0.708522611711712
405,202.524,0.7096466,1.066163,212.22,424.44,"2011_nk_172","Nush",2011,0.708974481666667,1.05609260666667,0.000576420000000022,734.386101982274,850.6125533505,1272.272,0.708522611711712
406,203.048,0.7089755,1.0584779,212.744,425.488,"2011_nk_172","Nush",2011,0.70898016,1.05699427,0.000901663333333413,734.386101982274,850.6125533505,1272.272,0.708522611711712
407,203.524,0.7093823,1.0697201,213.268,426.536,"2011_nk_172","Nush",2011,0.708994786666667,1.05786158,0.000867309999999843,734.386101982274,850.6125533505,1272.272,0.708522611711712
408,204.048,0.7086838,1.0786479,213.792,427.584,"2011_nk_172","Nush",2011,0.708996928333333,1.05983866166667,0.00197708166666688,734.386101982274,850.6125533505,1272.272,0.708522611711712
409,204.524,0.7086045,1.0769193,214.316,428.632,"2011_nk_172","Nush",2011,0.709008985,1.06165417,0.00181550833333333,734.386101982274,850.6125533505,1272.272,0.708522611711712
410,205.048,0.7101744,1.0776225,214.84,429.68,"2011_nk_172","Nush",2011,0.708987563333334,1.06357675166667,0.00192258166666659,734.386101982274,850.6125533505,1272.272,0.708522611711712
411,205.524,0.7094778,1.0507561,215.364,430.728,"2011_nk_172","Nush",2011,0.708976046666667,1.06501238333333,0.0014356316666666,734.386101982274,850.6125533505,1272.272,0.708522611711712
412,206.048,0.7075277,1.0602036,215.888,431.776,"2011_nk_172","Nush",2011,0.708973346666667,1.06731601666667,0.00230363333333328,734.386101982274,850.6125533505,1272.272,0.708522611711712
413,206.524,0.7081654,1.0751895,216.412,432.824,"2011_nk_172","Nush",2011,0.708990846666667,1.07008391166667,0.00276789500000008,734.386101982274,850.6125533505,1272.272,0.708522611711712
414,207.048,0.7080828,1.0622891,216.936,433.872,"2011_nk_172","Nush",2011,0.708998825,1.0730912,0.00300728833333319,734.386101982274,850.6125533505,1272.272,0.708522611711712
415,207.524,0.7091614,1.067131,217.46,434.92,"2011_nk_172","Nush",2011,0.708990615,1.07590623166667,0.00281503166666663,734.386101982274,850.6125533505,1272.272,0.708522611711712
416,208.048,0.7092607,1.0802134,217.984,435.968,"2011_nk_172","Nush",2011,0.709012221666667,1.07864545,0.00273921833333324,734.386101982274,850.6125533505,1272.272,0.708522611711712
417,208.524,0.7093005,1.0699401,218.508,437.016,"2011_nk_172","Nush",2011,0.708985211666667,1.08135963,0.00271418000000012,734.386101982274,850.6125533505,1272.272,0.708522611711712
418,209.048,0.7089297,1.0579167,219.032,438.064,"2011_nk_172","Nush",2011,0.708986843333333,1.08426836166667,0.0029087316666665,734.386101982274,850.6125533505,1272.272,0.708522611711712
419,209.524,0.7097376,1.0629818,219.556,439.112,"2011_nk_172","Nush",2011,0.708973815,1.08687642666667,0.00260806499999999,734.386101982274,850.6125533505,1272.272,0.708522611711712
420,210.048,0.7086276,1.0754585,220.08,440.16,"2011_nk_172","Nush",2011,0.708944528333333,1.089451765,0.00257533833333334,734.386101982274,850.6125533505,1272.272,0.708522611711712
421,210.524,0.7087603,1.0770328,220.604,441.208,"2011_nk_172","Nush",2011,0.708941321666667,1.09183349166667,0.00238172666666658,734.386101982274,850.6125533505,1272.272,0.708522611711712
422,211.048,0.7091048,1.0862278,221.128,442.256,"2011_nk_172","Nush",2011,0.708963253333333,1.09453904333333,0.00270555166666675,734.386101982274,850.6125533505,1272.272,0.708522611711712
423,211.524,0.7087651,1.0815302,221.652,443.304,"2011_nk_172","Nush",2011,0.708985586666667,1.09679776666667,0.00225872333333332,734.386101982274,850.6125533505,1272.272,0.708522611711712
424,212.048,0.7089846,1.0633631,222.176,444.352,"2011_nk_172","Nush",2011,0.708986841666667,1.09947735333333,0.00267958666666668,734.386101982274,850.6125533505,1272.272,0.708522611711712
425,212.524,0.7089693,1.0665959,222.7,445.4,"2011_nk_172","Nush",2011,0.708995345,1.10241829333333,0.00294094,734.386101982274,850.6125533505,1272.272,0.708522611711712
426,213.048,0.7088178,1.0767158,223.224,446.448,"2011_nk_172","Nush",2011,0.709018431666667,1.104859295,0.00244100166666672,734.386101982274,850.6125533505,1272.272,0.708522611711712
427,213.524,0.7089063,1.0739878,223.748,447.496,"2011_nk_172","Nush",2011,0.709009421666667,1.10758817833333,0.00272888333333321,734.386101982274,850.6125533505,1272.272,0.708522611711712
428,214.048,0.709135,1.0679965,224.272,448.544,"2011_nk_172","Nush",2011,0.708994336666667,1.10988245833333,0.00229428000000009,734.386101982274,850.6125533505,1272.272,0.708522611711712
429,214.524,0.7078267,1.0768418,224.796,449.592,"2011_nk_172","Nush",2011,0.70898263,1.112700315,0.00281785666666656,734.386101982274,850.6125533505,1272.272,0.708522611711712
430,215.048,0.7085342,1.0852783,225.32,450.64,"2011_nk_172","Nush",2011,0.708976245,1.11499174166667,0.00229142666666671,734.386101982274,850.6125533505,1272.272,0.708522611711712
431,215.524,0.7093834,1.0923976,225.844,451.688,"2011_nk_172","Nush",2011,0.708945648333333,1.11762661,0.00263486833333348,734.386101982274,850.6125533505,1272.272,0.708522611711712
432,216.048,0.7096227,1.0792699,226.368,452.736,"2011_nk_172","Nush",2011,0.708950071666667,1.119444695,0.00181808500000002,734.386101982274,850.6125533505,1272.272,0.708522611711712
433,216.524,0.7089853,1.080689,226.892,453.784,"2011_nk_172","Nush",2011,0.708933731666667,1.12121567166667,0.0017709766666667,734.386101982274,850.6125533505,1272.272,0.708522611711712
434,217.048,0.7100709,1.0717369,227.416,454.832,"2011_nk_172","Nush",2011,0.708934065,1.12274546,0.00152978833333339,734.386101982274,850.6125533505,1272.272,0.708522611711712
435,217.524,0.7083362,1.0815203,227.94,455.88,"2011_nk_172","Nush",2011,0.708907253333333,1.12448779333333,0.00174233333333329,734.386101982274,850.6125533505,1272.272,0.708522611711712
436,218.048,0.7085872,1.0982883,228.464,456.928,"2011_nk_172","Nush",2011,0.70889754,1.12674735166667,0.00225955833333358,734.386101982274,850.6125533505,1272.272,0.708522611711712
437,218.524,0.7091065,1.1268313,228.988,457.976,"2011_nk_172","Nush",2011,0.708896846666667,1.12866297166667,0.0019156199999999,734.386101982274,850.6125533505,1272.272,0.708522611711712
438,219.048,0.7088772,1.1447479,229.512,459.024,"2011_nk_172","Nush",2011,0.70889361,1.130089715,0.00142674333333326,734.386101982274,850.6125533505,1272.272,0.708522611711712
439,219.524,0.709089,1.1351872,230.036,460.072,"2011_nk_172","Nush",2011,0.708901405,1.13154911,0.00145939500000014,734.386101982274,850.6125533505,1272.272,0.708522611711712
440,220.048,0.709459,1.150949,230.56,461.12,"2011_nk_172","Nush",2011,0.708883836666667,1.13269011,0.00114100000000006,734.386101982274,850.6125533505,1272.272,0.708522611711712
441,220.524,0.708786,1.1404209,231.084,462.168,"2011_nk_172","Nush",2011,0.708869321666667,1.13365184166667,0.000961731666666354,734.386101982274,850.6125533505,1272.272,0.708522611711712
442,221.048,0.7086889,1.1712377,231.608,463.216,"2011_nk_172","Nush",2011,0.70891261,1.13502190666667,0.00137006500000014,734.386101982274,850.6125533505,1272.272,0.708522611711712
443,221.524,0.7100258,1.193076,232.132,464.264,"2011_nk_172","Nush",2011,0.708911888333333,1.13607798333333,0.00105607666666652,734.386101982274,850.6125533505,1272.272,0.708522611711712
444,222.048,0.7092698,1.1946047,232.656,465.312,"2011_nk_172","Nush",2011,0.708936976666667,1.13691186333333,0.000833880000000065,734.386101982274,850.6125533505,1272.272,0.708522611711712
445,222.524,0.7088298,1.1759547,233.18,466.36,"2011_nk_172","Nush",2011,0.708933088333333,1.13784580833333,0.000933944999999881,734.386101982274,850.6125533505,1272.272,0.708522611711712
446,223.048,0.7095764,1.1844728,233.704,467.408,"2011_nk_172","Nush",2011,0.708920963333333,1.13868588333333,0.00084007499999994,734.386101982274,850.6125533505,1272.272,0.708522611711712
447,223.524,0.7091389,1.189299,234.228,468.456,"2011_nk_172","Nush",2011,0.708898786666667,1.13973276666667,0.00104688333333347,734.386101982274,850.6125533505,1272.272,0.708522611711712
448,224.048,0.708787,1.1943416,234.752,469.504,"2011_nk_172","Nush",2011,0.70890708,1.14100786,0.00127509333333342,734.386101982274,850.6125533505,1272.272,0.708522611711712
449,224.524,0.709321,1.1870335,235.276,470.552,"2011_nk_172","Nush",2011,0.708886481666667,1.14201688333333,0.0010090233333333,734.386101982274,850.6125533505,1272.272,0.708522611711712
450,225.048,0.7078768,1.1803879,235.8,471.6,"2011_nk_172","Nush",2011,0.708895416666667,1.14270965,0.000692766666666733,734.386101982274,850.6125533505,1272.272,0.708522611711712
451,225.524,0.7086808,1.1758081,236.324,472.648,"2011_nk_172","Nush",2011,0.708890393333333,1.14338602333333,0.00067637333333348,734.386101982274,850.6125533505,1272.272,0.708522611711712
452,226.048,0.7098141,1.1942851,236.848,473.696,"2011_nk_172","Nush",2011,0.708885881666667,1.14457360333333,0.00118758000000008,734.386101982274,850.6125533505,1272.272,0.708522611711712
453,226.524,0.7094107,1.1794381,237.372,474.744,"2011_nk_172","Nush",2011,0.708880933333333,1.14554519666667,0.000971593333333187,734.386101982274,850.6125533505,1272.272,0.708522611711712
454,227.048,0.7085195,1.2032187,237.896,475.792,"2011_nk_172","Nush",2011,0.708879641666667,1.14643689,0.000891693333333388,734.386101982274,850.6125533505,1272.272,0.708522611711712
455,227.524,0.7089852,1.2103892,238.42,476.84,"2011_nk_172","Nush",2011,0.708884561666666,1.14730537833333,0.000868488333333417,734.386101982274,850.6125533505,1272.272,0.708522611711712
456,228.048,0.709102,1.1908289,238.944,477.888,"2011_nk_172","Nush",2011,0.708877348333333,1.14841534166667,0.00110996333333313,734.386101982274,850.6125533505,1272.272,0.708522611711712
457,228.524,0.7086803,1.2161702,239.468,478.936,"2011_nk_172","Nush",2011,0.708863895,1.14992342,0.00150807833333344,734.386101982274,850.6125533505,1272.272,0.708522611711712
458,229.048,0.708841,1.1993586,239.992,479.984,"2011_nk_172","Nush",2011,0.708850686666667,1.15127709333333,0.00135367333333347,734.386101982274,850.6125533505,1272.272,0.708522611711712
459,229.524,0.7088955,1.201666,240.516,481.032,"2011_nk_172","Nush",2011,0.708862781666666,1.15283706,0.00155996666666658,734.386101982274,850.6125533505,1272.272,0.708522611711712
460,230.048,0.7077175,1.1789585,241.04,482.08,"2011_nk_172","Nush",2011,0.708876693333333,1.154236575,0.00139951500000013,734.386101982274,850.6125533505,1272.272,0.708522611711712
461,230.524,0.707483,1.1915045,241.564,483.128,"2011_nk_172","Nush",2011,0.708850463333333,1.15537156333333,0.00113498833333314,734.386101982274,850.6125533505,1272.272,0.708522611711712
462,231.048,0.7095332,1.1699889,242.088,484.176,"2011_nk_172","Nush",2011,0.708824535,1.15701936833333,0.00164780500000017,734.386101982274,850.6125533505,1272.272,0.708522611711712
463,231.524,0.7084311,1.1697541,242.612,485.224,"2011_nk_172","Nush",2011,0.708823826666666,1.15871404,0.00169467166666659,734.386101982274,850.6125533505,1272.272,0.708522611711712
464,232.048,0.7085898,1.165712,243.136,486.272,"2011_nk_172","Nush",2011,0.708804026666666,1.15996566333333,0.00125162333333351,734.386101982274,850.6125533505,1272.272,0.708522611711712
465,232.524,0.7080379,1.170703,243.66,487.32,"2011_nk_172","Nush",2011,0.708822971666667,1.16108826833333,0.00112260499999994,734.386101982274,850.6125533505,1272.272,0.708522611711712
466,233.048,0.7083927,1.1940514,244.184,488.368,"2011_nk_172","Nush",2011,0.708821133333333,1.16197163333333,0.000883364999999969,734.386101982274,850.6125533505,1272.272,0.708522611711712
467,233.524,0.7093407,1.1846573,244.708,489.416,"2011_nk_172","Nush",2011,0.708822196666666,1.16275817166667,0.00078653833333342,734.386101982274,850.6125533505,1272.272,0.708522611711712
468,234.048,0.7084896,1.1642525,245.232,490.464,"2011_nk_172","Nush",2011,0.708807438333333,1.163084555,0.000326383333333347,734.386101982274,850.6125533505,1272.272,0.708522611711712
469,234.524,0.7090722,1.164483,245.756,491.512,"2011_nk_172","Nush",2011,0.708790793333333,1.16375253833333,0.0006679833333334,734.386101982274,850.6125533505,1272.272,0.708522611711712
470,235.048,0.7091203,1.1460825,246.28,492.56,"2011_nk_172","Nush",2011,0.70878539,1.16407576,0.000323221666666873,734.386101982274,850.6125533505,1272.272,0.708522611711712
471,235.524,0.7086069,1.10846,246.804,493.608,"2011_nk_172","Nush",2011,0.708796661666666,1.16463716833333,0.000561408333333402,734.386101982274,850.6125533505,1272.272,0.708522611711712
472,236.048,0.710125,1.1424075,247.328,494.656,"2011_nk_172","Nush",2011,0.708816965,1.16464474666667,7.57833333331348e-06,734.386101982274,850.6125533505,1272.272,0.708522611711712
473,236.524,0.7081221,1.1385541,247.852,495.704,"2011_nk_172","Nush",2011,0.708814028333333,1.16439469,-0.000250056666666554,734.386101982274,850.6125533505,1272.272,0.708522611711712
474,237.048,0.7095881,1.1123219,248.376,496.752,"2011_nk_172","Nush",2011,0.708806585,1.16405785333334,-0.000336836666666507,734.386101982274,850.6125533505,1272.272,0.708522611711712
475,237.524,0.7089281,1.1231677,248.9,497.8,"2011_nk_172","Nush",2011,0.708802611666666,1.16381719,-0.000240663333333391,734.386101982274,850.6125533505,1272.272,0.708522611711712
476,238.048,0.7085332,1.1306179,249.424,498.848,"2011_nk_172","Nush",2011,0.708798426666666,1.16355707,-0.000260120000000086,734.386101982274,850.6125533505,1272.272,0.708522611711712
477,238.524,0.7079699,1.1327531,249.948,499.896,"2011_nk_172","Nush",2011,0.708800961666667,1.16287316,-0.000683910000000232,734.386101982274,850.6125533505,1272.272,0.708522611711712
478,239.048,0.7094273,1.1344223,250.472,500.944,"2011_nk_172","Nush",2011,0.708817781666667,1.162477295,-0.000395864999999773,734.386101982274,850.6125533505,1272.272,0.708522611711712
479,239.524,0.7085017,1.1235232,250.996,501.992,"2011_nk_172","Nush",2011,0.708791996666666,1.16262245833333,0.000145163333333365,734.386101982274,850.6125533505,1272.272,0.708522611711712
480,240.048,0.7091637,1.1170245,251.52,503.04,"2011_nk_172","Nush",2011,0.708823078333333,1.16310907,0.000486611666666636,734.386101982274,850.6125533505,1272.272,0.708522611711712
481,240.524,0.7084589,1.1176152,252.044,504.088,"2011_nk_172","Nush",2011,0.708820681666667,1.16333070666667,0.000221636666666525,734.386101982274,850.6125533505,1272.272,0.708522611711712
482,241.048,0.7088341,1.1574826,252.568,505.136,"2011_nk_172","Nush",2011,0.708809481666666,1.16334565,1.49433333334059e-05,734.386101982274,850.6125533505,1272.272,0.708522611711712
483,241.524,0.7084682,1.1398258,253.092,506.184,"2011_nk_172","Nush",2011,0.70879663,1.16317791,-0.000167739999999972,734.386101982274,850.6125533505,1272.272,0.708522611711712
484,242.048,0.7089071,1.1168647,253.616,507.232,"2011_nk_172","Nush",2011,0.708773961666667,1.16273276333333,-0.000445146666666618,734.386101982274,850.6125533505,1272.272,0.708522611711712
485,242.524,0.7092645,1.1187052,254.14,508.28,"2011_nk_172","Nush",2011,0.708777138333333,1.16200398166667,-0.000728781666666567,734.386101982274,850.6125533505,1272.272,0.708522611711712
486,243.048,0.708385,1.1433136,254.664,509.328,"2011_nk_172","Nush",2011,0.70876468,1.16211299833333,0.000109016666666628,734.386101982274,850.6125533505,1272.272,0.708522611711712
487,243.524,0.7080991,1.1644725,255.188,510.376,"2011_nk_172","Nush",2011,0.70877378,1.16186097,-0.000252028333333154,734.386101982274,850.6125533505,1272.272,0.708522611711712
488,244.048,0.7083425,1.1492169,255.712,511.424,"2011_nk_172","Nush",2011,0.708778726666667,1.16130023833334,-0.000560731666666703,734.386101982274,850.6125533505,1272.272,0.708522611711712
489,244.524,0.7085524,1.1704398,256.236,512.472,"2011_nk_172","Nush",2011,0.708775798333333,1.160659385,-0.000640853333333302,734.386101982274,850.6125533505,1272.272,0.708522611711712
490,245.048,0.7093689,1.1692492,256.76,513.52,"2011_nk_172","Nush",2011,0.708784926666666,1.16057293666667,-8.64483333333776e-05,734.386101982274,850.6125533505,1272.272,0.708522611711712
491,245.524,0.7078096,1.1604969,257.284,514.568,"2011_nk_172","Nush",2011,0.70880155,1.160545945,-2.69916666666425e-05,734.386101982274,850.6125533505,1272.272,0.708522611711712
492,246.048,0.708067,1.1781382,257.808,515.616,"2011_nk_172","Nush",2011,0.708786203333333,1.16063801833333,9.20733333331647e-05,734.386101982274,850.6125533505,1272.272,0.708522611711712
493,246.524,0.7089428,1.1823693,258.332,516.664,"2011_nk_172","Nush",2011,0.708779813333333,1.16072332,8.53016666668704e-05,734.386101982274,850.6125533505,1272.272,0.708522611711712
494,247.048,0.7088829,1.1468343,258.856,517.712,"2011_nk_172","Nush",2011,0.708797028333333,1.16067295,-5.03700000000773e-05,734.386101982274,850.6125533505,1272.272,0.708522611711712
495,247.524,0.7094729,1.1488766,259.38,518.76,"2011_nk_172","Nush",2011,0.708808325,1.16064212,-3.08300000000372e-05,734.386101982274,850.6125533505,1272.272,0.708522611711712
496,248.048,0.7084769,1.1512902,259.904,519.808,"2011_nk_172","Nush",2011,0.708816758333333,1.15992183333333,-0.000720286666666681,734.386101982274,850.6125533505,1272.272,0.708522611711712
497,248.524,0.7091703,1.1740236,260.428,520.856,"2011_nk_172","Nush",2011,0.708820566666666,1.159790235,-0.000131598333333205,734.386101982274,850.6125533505,1272.272,0.708522611711712
498,249.048,0.7079917,1.1643309,260.952,521.904,"2011_nk_172","Nush",2011,0.70883226,1.15984554833334,5.53133333334177e-05,734.386101982274,850.6125533505,1272.272,0.708522611711712
499,249.524,0.7080903,1.1752662,261.476,522.952,"2011_nk_172","Nush",2011,0.708838381666666,1.15966154333334,-0.000184005000000154,734.386101982274,850.6125533505,1272.272,0.708522611711712
500,250.048,0.7091348,1.1703423,262,524,"2011_nk_172","Nush",2011,0.708830448333333,1.15970524333334,4.36999999999799e-05,734.386101982274,850.6125533505,1272.272,0.708522611711712
501,250.524,0.7094623,1.1741054,262.524,525.048,"2011_nk_172","Nush",2011,0.70884561,1.16064791,0.000942666666666758,734.386101982274,850.6125533505,1272.272,0.708522611711712
502,251.048,0.7099071,1.1716924,263.048,526.096,"2011_nk_172","Nush",2011,0.708839296666666,1.16116607833334,0.000518168333333291,734.386101982274,850.6125533505,1272.272,0.708522611711712
503,251.524,0.7098496,1.1780726,263.572,527.144,"2011_nk_172","Nush",2011,0.708838461666666,1.16178853,0.000622451666666857,734.386101982274,850.6125533505,1272.272,0.708522611711712
504,252.048,0.7088232,1.1743945,264.096,528.192,"2011_nk_172","Nush",2011,0.708829631666666,1.162554495,0.000765965000000035,734.386101982274,850.6125533505,1272.272,0.708522611711712
505,252.524,0.7085914,1.1615149,264.62,529.24,"2011_nk_172","Nush",2011,0.708830506666666,1.16298505166667,0.000430556666666693,734.386101982274,850.6125533505,1272.272,0.708522611711712
506,253.048,0.7093253,1.1688656,265.144,530.288,"2011_nk_172","Nush",2011,0.708844638333333,1.16333979333334,0.000354741666666492,734.386101982274,850.6125533505,1272.272,0.708522611711712
507,253.524,0.709291,1.1482644,265.668,531.336,"2011_nk_172","Nush",2011,0.708849411666666,1.163724565,0.000384771666666728,734.386101982274,850.6125533505,1272.272,0.708522611711712
508,254.048,0.7097962,1.1705897,266.192,532.384,"2011_nk_172","Nush",2011,0.708833326666666,1.163807605,8.30400000000342e-05,734.386101982274,850.6125533505,1272.272,0.708522611711712
509,254.524,0.7077739,1.1957433,266.716,533.432,"2011_nk_172","Nush",2011,0.708837638333333,1.16414074666667,0.000333141666666537,734.386101982274,850.6125533505,1272.272,0.708522611711712
510,255.048,0.7097417,1.2095846,267.24,534.48,"2011_nk_172","Nush",2011,0.708815856666666,1.16439227166667,0.000251524999999919,734.386101982274,850.6125533505,1272.272,0.708522611711712
511,255.524,0.708537,1.1891063,267.764,535.528,"2011_nk_172","Nush",2011,0.708853688333333,1.16464208333334,0.00024981166666671,734.386101982274,850.6125533505,1272.272,0.708522611711712
512,256.048,0.7091421,1.1951817,268.288,536.576,"2011_nk_172","Nush",2011,0.70886326,1.16445014666667,-0.000191936666666725,734.386101982274,850.6125533505,1272.272,0.708522611711712
513,256.524,0.7086396,1.1693737,268.812,537.624,"2011_nk_172","Nush",2011,0.708872101666666,1.16485151166667,0.000401365000000098,734.386101982274,850.6125533505,1272.272,0.708522611711712
514,257.048,0.7071594,1.1765099,269.336,538.672,"2011_nk_172","Nush",2011,0.70888116,1.16540740333334,0.000555891666666808,734.386101982274,850.6125533505,1272.272,0.708522611711712
515,257.524,0.7091758,1.1666623,269.86,539.72,"2011_nk_172","Nush",2011,0.708856428333333,1.16598217666667,0.000574773333333445,734.386101982274,850.6125533505,1272.272,0.708522611711712
516,258.048,0.7083545,1.1973699,270.384,540.768,"2011_nk_172","Nush",2011,0.708858733333333,1.16596790666667,-1.42700000000939e-05,734.386101982274,850.6125533505,1272.272,0.708522611711712
517,258.524,0.7092263,1.2010485,270.908,541.816,"2011_nk_172","Nush",2011,0.708870881666666,1.16496612166667,-0.00100178499999992,734.386101982274,850.6125533505,1272.272,0.708522611711712
518,259.048,0.7091378,1.1657147,271.432,542.864,"2011_nk_172","Nush",2011,0.708875818333333,1.16454198333334,-0.000424138333333213,734.386101982274,850.6125533505,1272.272,0.708522611711712
519,259.524,0.7087198,1.1632148,271.956,543.912,"2011_nk_172","Nush",2011,0.708885736666666,1.16389602833334,-0.000645954999999976,734.386101982274,850.6125533505,1272.272,0.708522611711712
520,260.048,0.7082652,1.1737716,272.48,544.96,"2011_nk_172","Nush",2011,0.708893396666666,1.16342508666667,-0.000470941666666613,734.386101982274,850.6125533505,1272.272,0.708522611711712
521,260.524,0.7084804,1.189885,273.004,546.008,"2011_nk_172","Nush",2011,0.708921496666666,1.162840275,-0.000584811666666907,734.386101982274,850.6125533505,1272.272,0.708522611711712
522,261.048,0.7086124,1.1755133,273.528,547.056,"2011_nk_172","Nush",2011,0.708921495,1.16188276166667,-0.000957513333333271,734.386101982274,850.6125533505,1272.272,0.708522611711712
523,261.524,0.7080477,1.1748722,274.052,548.104,"2011_nk_172","Nush",2011,0.70891448,1.160848755,-0.00103400666666653,734.386101982274,850.6125533505,1272.272,0.708522611711712
524,262.048,0.7096227,1.1626898,274.576,549.152,"2011_nk_172","Nush",2011,0.70892321,1.16056418166667,-0.000284573333333427,734.386101982274,850.6125533505,1272.272,0.708522611711712
525,262.524,0.7087157,1.1688532,275.1,550.2,"2011_nk_172","Nush",2011,0.708903781666666,1.16026406666667,-0.000300114999999934,734.386101982274,850.6125533505,1272.272,0.708522611711712
526,263.048,0.7088987,1.1508342,275.624,551.248,"2011_nk_172","Nush",2011,0.70890475,1.15965480166667,-0.000609265000000025,734.386101982274,850.6125533505,1272.272,0.708522611711712
527,263.524,0.7095692,1.1767614,276.148,552.296,"2011_nk_172","Nush",2011,0.708904476666666,1.15864932166667,-0.00100547999999989,734.386101982274,850.6125533505,1272.272,0.708522611711712
528,264.048,0.7091912,1.1675713,276.672,553.344,"2011_nk_172","Nush",2011,0.708932853333333,1.15754777166667,-0.00110155000000001,734.386101982274,850.6125533505,1272.272,0.708522611711712
529,264.524,0.7094395,1.1534427,277.196,554.392,"2011_nk_172","Nush",2011,0.708946941666666,1.15582940166667,-0.00171836999999986,734.386101982274,850.6125533505,1272.272,0.708522611711712
530,265.048,0.7086443,1.1487045,277.72,555.44,"2011_nk_172","Nush",2011,0.708960425,1.15436020333334,-0.00146919833333325,734.386101982274,850.6125533505,1272.272,0.708522611711712
531,265.524,0.7095166,1.16502,278.244,556.488,"2011_nk_172","Nush",2011,0.708936828333333,1.15295291,-0.00140729333333334,734.386101982274,850.6125533505,1272.272,0.708522611711712
532,266.048,0.7097462,1.1734976,278.768,557.536,"2011_nk_172","Nush",2011,0.708911361666666,1.15110740833334,-0.00184550166666675,734.386101982274,850.6125533505,1272.272,0.708522611711712
533,266.524,0.708072,1.1759012,279.292,558.584,"2011_nk_172","Nush",2011,0.70888251,1.14938937333334,-0.0017180349999999,734.386101982274,850.6125533505,1272.272,0.708522611711712
534,267.048,0.7090583,1.1582798,279.816,559.632,"2011_nk_172","Nush",2011,0.708870601666666,1.147698035,-0.00169133833333346,734.386101982274,850.6125533505,1272.272,0.708522611711712
535,267.524,0.7089806,1.1490011,280.34,560.68,"2011_nk_172","Nush",2011,0.708871543333333,1.146040905,-0.0016571299999999,734.386101982274,850.6125533505,1272.272,0.708522611711712
536,268.048,0.7093811,1.1519024,280.864,561.728,"2011_nk_172","Nush",2011,0.708859231666666,1.14430245,-0.00173845500000014,734.386101982274,850.6125533505,1272.272,0.708522611711712
537,268.524,0.7082563,1.1558394,281.388,562.776,"2011_nk_172","Nush",2011,0.70886066,1.14318907333334,-0.00111337666666667,734.386101982274,850.6125533505,1272.272,0.708522611711712
538,269.048,0.7084622,1.1394047,281.912,563.824,"2011_nk_172","Nush",2011,0.708839518333333,1.14133813,-0.00185094333333335,734.386101982274,850.6125533505,1272.272,0.708522611711712
539,269.524,0.7087604,1.1435117,282.436,564.872,"2011_nk_172","Nush",2011,0.708852861666666,1.13899689,-0.00234124000000002,734.386101982274,850.6125533505,1272.272,0.708522611711712
540,270.048,0.7078568,1.132116,282.96,565.92,"2011_nk_172","Nush",2011,0.708830883333333,1.13603737166667,-0.00295951833333308,734.386101982274,850.6125533505,1272.272,0.708522611711712
541,270.524,0.7107288,1.1326039,283.484,566.968,"2011_nk_172","Nush",2011,0.708825353333333,1.133556375,-0.00248099666666679,734.386101982274,850.6125533505,1272.272,0.708522611711712
542,271.048,0.7094084,1.1459664,284.008,568.016,"2011_nk_172","Nush",2011,0.708830346666666,1.13093296333334,-0.00262341166666658,734.386101982274,850.6125533505,1272.272,0.708522611711712
543,271.524,0.7089987,1.1639077,284.532,569.064,"2011_nk_172","Nush",2011,0.708819863333333,1.12860950833334,-0.00232345499999997,734.386101982274,850.6125533505,1272.272,0.708522611711712
544,272.048,0.7094506,1.1502182,285.056,570.112,"2011_nk_172","Nush",2011,0.708877731666666,1.12608941333334,-0.00252009500000017,734.386101982274,850.6125533505,1272.272,0.708522611711712
545,272.524,0.7077806,1.1531916,285.58,571.16,"2011_nk_172","Nush",2011,0.708880853333333,1.123656915,-0.00243249833333348,734.386101982274,850.6125533505,1272.272,0.708522611711712
546,273.048,0.7085233,1.1424574,286.104,572.208,"2011_nk_172","Nush",2011,0.708897091666666,1.12091806833334,-0.00273884666666668,734.386101982274,850.6125533505,1272.272,0.708522611711712
547,273.524,0.708828,1.1043654,286.628,573.256,"2011_nk_172","Nush",2011,0.708873746666666,1.11821409833334,-0.00270397,734.386101982274,850.6125533505,1272.272,0.708522611711712
548,274.048,0.7086387,1.1237686,287.152,574.304,"2011_nk_172","Nush",2011,0.708878318333333,1.11645458166667,-0.00175951666666663,734.386101982274,850.6125533505,1272.272,0.708522611711712
549,274.524,0.7091475,1.1316825,287.676,575.352,"2011_nk_172","Nush",2011,0.708886251666666,1.11463861166667,-0.00181597,734.386101982274,850.6125533505,1272.272,0.708522611711712
550,275.048,0.7098285,1.1409927,288.2,576.4,"2011_nk_172","Nush",2011,0.70889647,1.11231271333334,-0.00232589833333341,734.386101982274,850.6125533505,1272.272,0.708522611711712
551,275.524,0.7094956,1.1254082,288.724,577.448,"2011_nk_172","Nush",2011,0.708927618333333,1.109444905,-0.00286780833333311,734.386101982274,850.6125533505,1272.272,0.708522611711712
552,276.048,0.7080669,1.1206874,289.248,578.496,"2011_nk_172","Nush",2011,0.708923548333333,1.10674213333334,-0.00270277166666677,734.386101982274,850.6125533505,1272.272,0.708522611711712
553,276.524,0.7085219,1.1203289,289.772,579.544,"2011_nk_172","Nush",2011,0.708914513333333,1.10431746,-0.00242467333333329,734.386101982274,850.6125533505,1272.272,0.708522611711712
554,277.048,0.7094067,1.1297599,290.296,580.592,"2011_nk_172","Nush",2011,0.708892598333333,1.10227376166667,-0.00204369833333318,734.386101982274,850.6125533505,1272.272,0.708522611711712
555,277.524,0.7083072,1.1308697,290.82,581.64,"2011_nk_172","Nush",2011,0.708890643333333,1.09932328,-0.00295048166666656,734.386101982274,850.6125533505,1272.272,0.708522611711712
556,278.048,0.708535,1.1147343,291.344,582.688,"2011_nk_172","Nush",2011,0.70888012,1.09716568333334,-0.00215759666666671,734.386101982274,850.6125533505,1272.272,0.708522611711712
557,278.524,0.7091539,1.1136948,291.868,583.736,"2011_nk_172","Nush",2011,0.708868788333333,1.09425077666667,-0.00291490666666672,734.386101982274,850.6125533505,1272.272,0.708522611711712
558,279.048,0.7096943,1.0982379,292.392,584.784,"2011_nk_172","Nush",2011,0.708847323333333,1.09159637666667,-0.00265439999999995,734.386101982274,850.6125533505,1272.272,0.708522611711712
559,279.524,0.7089356,1.072164,292.916,585.832,"2011_nk_172","Nush",2011,0.70882667,1.089389355,-0.00220702166666675,734.386101982274,850.6125533505,1272.272,0.708522611711712
560,280.048,0.7099438,1.0821904,293.44,586.88,"2011_nk_172","Nush",2011,0.708845901666667,1.08747733333334,-0.0019120216666666,734.386101982274,850.6125533505,1272.272,0.708522611711712
561,280.524,0.7080465,1.0896678,293.964,587.928,"2011_nk_172","Nush",2011,0.708830351666666,1.08496274833334,-0.0025145849999999,734.386101982274,850.6125533505,1272.272,0.708522611711712
562,281.048,0.7083791,1.0609623,294.488,588.976,"2011_nk_172","Nush",2011,0.708805896666666,1.08214882666667,-0.00281392166666672,734.386101982274,850.6125533505,1272.272,0.708522611711712
563,281.524,0.7081185,1.0749905,295.012,590.024,"2011_nk_172","Nush",2011,0.708822755,1.07951498833334,-0.00263383833333308,734.386101982274,850.6125533505,1272.272,0.708522611711712
564,282.048,0.7081087,1.0729142,295.536,591.072,"2011_nk_172","Nush",2011,0.7088326,1.07709791,-0.00241707833333327,734.386101982274,850.6125533505,1272.272,0.708522611711712
565,282.524,0.7086479,1.0620871,296.06,592.12,"2011_nk_172","Nush",2011,0.708843806666666,1.07484916166667,-0.00224874833333333,734.386101982274,850.6125533505,1272.272,0.708522611711712
566,283.048,0.7085866,1.0645583,296.584,593.168,"2011_nk_172","Nush",2011,0.708825663333333,1.07272795666667,-0.00212120500000013,734.386101982274,850.6125533505,1272.272,0.708522611711712
567,283.524,0.7093767,1.0814618,297.108,594.216,"2011_nk_172","Nush",2011,0.708835196666666,1.07032760166667,-0.00240035500000002,734.386101982274,850.6125533505,1272.272,0.708522611711712
568,284.048,0.7085277,1.0595331,297.632,595.264,"2011_nk_172","Nush",2011,0.708802208333333,1.06780463166667,-0.00252297000000001,734.386101982274,850.6125533505,1272.272,0.708522611711712
569,284.524,0.7085745,1.0552689,298.156,596.312,"2011_nk_172","Nush",2011,0.708807696666666,1.06582999,-0.00197464166666661,734.386101982274,850.6125533505,1272.272,0.708522611711712
570,285.048,0.708423,1.0320135,298.68,597.36,"2011_nk_172","Nush",2011,0.708838764999999,1.06431454166667,-0.00151544833333328,734.386101982274,850.6125533505,1272.272,0.708522611711712
571,285.524,0.7082052,1.0402465,299.204,598.408,"2011_nk_172","Nush",2011,0.70881839,1.06307048166667,-0.0012440600000001,734.386101982274,850.6125533505,1272.272,0.708522611711712
572,286.048,0.7094417,1.037777,299.728,599.456,"2011_nk_172","Nush",2011,0.708796619999999,1.06115982666667,-0.00191065499999987,734.386101982274,850.6125533505,1272.272,0.708522611711712
573,286.524,0.7080106,1.0299664,300.252,600.504,"2011_nk_172","Nush",2011,0.708809653333333,1.05893924833334,-0.00222057833333356,734.386101982274,850.6125533505,1272.272,0.708522611711712
574,287.048,0.7106315,1.0253042,300.776,601.552,"2011_nk_172","Nush",2011,0.708792371666666,1.05641826666667,-0.0025209816666667,734.386101982274,850.6125533505,1272.272,0.708522611711712
575,287.524,0.7093631,1.0207124,301.3,602.6,"2011_nk_172","Nush",2011,0.708811488333333,1.05398063333334,-0.00243763333333336,734.386101982274,850.6125533505,1272.272,0.708522611711712
576,288.048,0.7093288,1.0330391,301.824,603.648,"2011_nk_172","Nush",2011,0.70882353,1.05156669833334,-0.00241393499999987,734.386101982274,850.6125533505,1272.272,0.708522611711712
577,288.524,0.7078256,1.0388103,302.348,604.696,"2011_nk_172","Nush",2011,0.708820943333333,1.05022835166667,-0.00133834666666677,734.386101982274,850.6125533505,1272.272,0.708522611711712
578,289.048,0.7094121,1.0601437,302.872,605.744,"2011_nk_172","Nush",2011,0.708813146666666,1.04850087,-0.00172748166666681,734.386101982274,850.6125533505,1272.272,0.708522611711712
579,289.524,0.7091958,1.0542566,303.396,606.792,"2011_nk_172","Nush",2011,0.708811915,1.046804625,-0.00169624499999999,734.386101982274,850.6125533505,1272.272,0.708522611711712
580,290.048,0.7088783,1.0342177,303.92,607.84,"2011_nk_172","Nush",2011,0.70877579,1.04466130833334,-0.00214331666666667,734.386101982274,850.6125533505,1272.272,0.708522611711712
581,290.524,0.7103493,1.0178165,304.444,608.888,"2011_nk_172","Nush",2011,0.708757616666666,1.04251572,-0.00214558833333345,734.386101982274,850.6125533505,1272.272,0.708522611711712
582,291.048,0.7083682,1.013347,304.968,609.936,"2011_nk_172","Nush",2011,0.708764128333333,1.04091974833334,-0.00159597166666647,734.386101982274,850.6125533505,1272.272,0.708522611711712
583,291.524,0.7075056,1.0293918,305.492,610.984,"2011_nk_172","Nush",2011,0.708778095,1.03917728333334,-0.00174246500000019,734.386101982274,850.6125533505,1272.272,0.708522611711712
584,292.048,0.7083078,1.0400679,306.016,612.032,"2011_nk_172","Nush",2011,0.708764441666666,1.03758988,-0.00158740333333318,734.386101982274,850.6125533505,1272.272,0.708522611711712
585,292.524,0.7085984,0.9918243,306.54,613.08,"2011_nk_172","Nush",2011,0.708754053333333,1.03561836,-0.00197152000000012,734.386101982274,850.6125533505,1272.272,0.708522611711712
586,293.048,0.7082673,1.0213784,307.064,614.128,"2011_nk_172","Nush",2011,0.708756748333333,1.03393569333334,-0.00168266666666672,734.386101982274,850.6125533505,1272.272,0.708522611711712
587,293.524,0.7088893,1.001867,307.588,615.176,"2011_nk_172","Nush",2011,0.708756476666666,1.03210969,-0.00182600333333327,734.386101982274,850.6125533505,1272.272,0.708522611711712
588,294.048,0.7079033,1.0083073,308.112,616.224,"2011_nk_172","Nush",2011,0.708723644999999,1.03110217666667,-0.00100751333333338,734.386101982274,850.6125533505,1272.272,0.708522611711712
589,294.524,0.7082003,1.0210214,308.636,617.272,"2011_nk_172","Nush",2011,0.708729345,1.03008369,-0.00101848666666648,734.386101982274,850.6125533505,1272.272,0.708522611711712
590,295.048,0.7097982,1.0339832,309.16,618.32,"2011_nk_172","Nush",2011,0.708698081666666,1.02906485666667,-0.00101883333333341,734.386101982274,850.6125533505,1272.272,0.708522611711712
591,295.524,0.7085836,1.0141449,309.684,619.368,"2011_nk_172","Nush",2011,0.708708974999999,1.02758187166667,-0.00148298499999999,734.386101982274,850.6125533505,1272.272,0.708522611711712
592,296.048,0.7082789,1.0046623,310.208,620.416,"2011_nk_172","Nush",2011,0.708711959999999,1.02631783,-0.00126404166666672,734.386101982274,850.6125533505,1272.272,0.708522611711712
593,296.524,0.7090835,1.0178709,310.732,621.464,"2011_nk_172","Nush",2011,0.708723204999999,1.02472595833334,-0.00159187166666674,734.386101982274,850.6125533505,1272.272,0.708522611711712
594,297.048,0.709649,1.0132551,311.256,622.512,"2011_nk_172","Nush",2011,0.708749804999999,1.023305525,-0.00142043333333319,734.386101982274,850.6125533505,1272.272,0.708522611711712
595,297.524,0.709653,1.0140762,311.78,623.56,"2011_nk_172","Nush",2011,0.708749264999999,1.02233922833334,-0.00096629666666681,734.386101982274,850.6125533505,1272.272,0.708522611711712
596,298.048,0.7082925,1.0246301,312.304,624.608,"2011_nk_172","Nush",2011,0.708763849999999,1.02112446166667,-0.00121476666666664,734.386101982274,850.6125533505,1272.272,0.708522611711712
597,298.524,0.7088283,1.0118181,312.828,625.656,"2011_nk_172","Nush",2011,0.708757303333333,1.01957460333334,-0.0015498583333331,734.386101982274,850.6125533505,1272.272,0.708522611711712
598,299.048,0.7064829,0.9880265,313.352,626.704,"2011_nk_172","Nush",2011,0.708747923333333,1.01847788333334,-0.00109672000000005,734.386101982274,850.6125533505,1272.272,0.708522611711712
599,299.524,0.7090897,1.0250332,313.876,627.752,"2011_nk_172","Nush",2011,0.708787223333333,1.01742882666667,-0.00104905666666677,734.386101982274,850.6125533505,1272.272,0.708522611711712
600,300.048,0.7097209,1.0411891,314.4,628.8,"2011_nk_172","Nush",2011,0.708770396666666,1.016966325,-0.000462501666666615,734.386101982274,850.6125533505,1272.272,0.708522611711712
601,300.524,0.7095063,1.0579603,314.924,629.848,"2011_nk_172","Nush",2011,0.708774479999999,1.01634556833334,-0.000620756666666722,734.386101982274,850.6125533505,1272.272,0.708522611711712
602,301.048,0.7081022,1.0313271,315.448,630.896,"2011_nk_172","Nush",2011,0.708757546666666,1.01601864166667,-0.00032692666666656,734.386101982274,850.6125533505,1272.272,0.708522611711712
603,301.524,0.7097807,1.030673,315.972,631.944,"2011_nk_172","Nush",2011,0.708761199999999,1.015829255,-0.00018938666666668,734.386101982274,850.6125533505,1272.272,0.708522611711712
604,302.048,0.7084137,0.9989593,316.496,632.992,"2011_nk_172","Nush",2011,0.708722406666666,1.01555786,-0.000271395000000174,734.386101982274,850.6125533505,1272.272,0.708522611711712
605,302.524,0.7089276,1.0069336,317.02,634.04,"2011_nk_172","Nush",2011,0.708722919999999,1.01539323666667,-0.000164623333333225,734.386101982274,850.6125533505,1272.272,0.708522611711712
606,303.048,0.7092458,0.9976213,317.544,635.088,"2011_nk_172","Nush",2011,0.708713921666666,1.01520766,-0.000185576666666742,734.386101982274,850.6125533505,1272.272,0.708522611711712
607,303.524,0.7086728,1.0240646,318.068,636.136,"2011_nk_172","Nush",2011,0.708689614999999,1.01495470333334,-0.000252956666666693,734.386101982274,850.6125533505,1272.272,0.708522611711712
608,304.048,0.7081709,1.0201197,318.592,637.184,"2011_nk_172","Nush",2011,0.708693568333333,1.01433533,-0.000619373333333284,734.386101982274,850.6125533505,1272.272,0.708522611711712
609,304.524,0.7090736,1.0299078,319.116,638.232,"2011_nk_172","Nush",2011,0.708679491666666,1.01390143,-0.000433899999999987,734.386101982274,850.6125533505,1272.272,0.708522611711712
610,305.048,0.707661,1.0123937,319.64,639.28,"2011_nk_172","Nush",2011,0.708676623333333,1.013874385,-2.70449999999478e-05,734.386101982274,850.6125533505,1272.272,0.708522611711712
611,305.524,0.7084052,0.9966729,320.164,640.328,"2011_nk_172","Nush",2011,0.708627816666666,1.014196225,0.000321840000000018,734.386101982274,850.6125533505,1272.272,0.708522611711712
612,306.048,0.7084576,1.0249291,320.688,641.376,"2011_nk_172","Nush",2011,0.708641719999999,1.01469082166667,0.000494596666666736,734.386101982274,850.6125533505,1272.272,0.708522611711712
613,306.524,0.7093599,1.015781,321.212,642.424,"2011_nk_172","Nush",2011,0.708669948333333,1.01512121833334,0.000430396666666555,734.386101982274,850.6125533505,1272.272,0.708522611711712
614,307.048,0.7085875,1.0345157,321.736,643.472,"2011_nk_172","Nush",2011,0.708675811666666,1.01544140833334,0.000320190000000053,734.386101982274,850.6125533505,1272.272,0.708522611711712
615,307.524,0.7076839,1.0125785,322.26,644.52,"2011_nk_172","Nush",2011,0.708651429999999,1.01636163833334,0.000920229999999966,734.386101982274,850.6125533505,1272.272,0.708522611711712
616,308.048,0.7086967,1.0137743,322.784,645.568,"2011_nk_172","Nush",2011,0.708641161666666,1.017078805,0.000717166666666769,734.386101982274,850.6125533505,1272.272,0.708522611711712
617,308.524,0.7091376,1.0041346,323.308,646.616,"2011_nk_172","Nush",2011,0.708648223333332,1.01825829,0.00117948499999998,734.386101982274,850.6125533505,1272.272,0.708522611711712
618,309.048,0.7077244,1.0377871,323.832,647.664,"2011_nk_172","Nush",2011,0.708672814999999,1.019224965,0.000966674999999917,734.386101982274,850.6125533505,1272.272,0.708522611711712
619,309.524,0.7092776,1.0110548,324.356,648.712,"2011_nk_172","Nush",2011,0.708658754999999,1.02020275166667,0.000977786666666702,734.386101982274,850.6125533505,1272.272,0.708522611711712
620,310.048,0.708068,1.0210604,324.88,649.76,"2011_nk_172","Nush",2011,0.708631179999999,1.02117840333334,0.000975651666666577,734.386101982274,850.6125533505,1272.272,0.708522611711712
621,310.524,0.7087001,1.0006887,325.404,650.808,"2011_nk_172","Nush",2011,0.708642669999999,1.02238589833334,0.00120749500000006,734.386101982274,850.6125533505,1272.272,0.708522611711712
622,311.048,0.7085582,0.9851198,325.928,651.856,"2011_nk_172","Nush",2011,0.708652741666666,1.024178415,0.00179251666666658,734.386101982274,850.6125533505,1272.272,0.708522611711712
623,311.524,0.7087932,0.9794782,326.452,652.904,"2011_nk_172","Nush",2011,0.708657673333332,1.02595482833334,0.00177641333333334,734.386101982274,850.6125533505,1272.272,0.708522611711712
624,312.048,0.7097047,0.9876882,326.976,653.952,"2011_nk_172","Nush",2011,0.708638383333332,1.02807156666667,0.00211673833333337,734.386101982274,850.6125533505,1272.272,0.708522611711712
625,312.524,0.7086155,1.0041093,327.5,655,"2011_nk_172","Nush",2011,0.708630516666666,1.03063321166667,0.00256164500000011,734.386101982274,850.6125533505,1272.272,0.708522611711712
626,313.048,0.7094617,0.9916723,328.024,656.048,"2011_nk_172","Nush",2011,0.708649838333332,1.03276393166667,0.00213072000000003,734.386101982274,850.6125533505,1272.272,0.708522611711712
627,313.524,0.7089839,0.9884703,328.548,657.096,"2011_nk_172","Nush",2011,0.708646533333332,1.034161035,0.00139710333333332,734.386101982274,850.6125533505,1272.272,0.708522611711712
628,314.048,0.7079649,0.9937299,329.072,658.144,"2011_nk_172","Nush",2011,0.708687561666666,1.03680664833334,0.00264561333333324,734.386101982274,850.6125533505,1272.272,0.708522611711712
629,314.524,0.7109325,0.9923255,329.596,659.192,"2011_nk_172","Nush",2011,0.708681073333332,1.03885799666667,0.00205134833333331,734.386101982274,850.6125533505,1272.272,0.708522611711712
630,315.048,0.7074134,1.0042634,330.12,660.24,"2011_nk_172","Nush",2011,0.708658754999999,1.038707145,-0.000150851666666618,734.386101982274,850.6125533505,1272.272,0.708522611711712
631,315.524,0.7084502,1.0030011,330.644,661.288,"2011_nk_172","Nush",2011,0.708647593333332,1.03949650166667,0.000789356666666574,734.386101982274,850.6125533505,1272.272,0.708522611711712
632,316.048,0.7084257,1.0181614,331.168,662.336,"2011_nk_172","Nush",2011,0.708672414999999,1.04111036,0.00161385833333338,734.386101982274,850.6125533505,1272.272,0.708522611711712
633,316.524,0.7082298,1.0186032,331.692,663.384,"2011_nk_172","Nush",2011,0.708656133333332,1.04223090666667,0.00112054666666661,734.386101982274,850.6125533505,1272.272,0.708522611711712
634,317.048,0.7083039,1.0090205,332.216,664.432,"2011_nk_172","Nush",2011,0.708653046666666,1.04356110166667,0.00133019499999998,734.386101982274,850.6125533505,1272.272,0.708522611711712
635,317.524,0.7093939,1.010835,332.74,665.48,"2011_nk_172","Nush",2011,0.708659329999999,1.04446536666667,0.00090426499999996,734.386101982274,850.6125533505,1272.272,0.708522611711712
636,318.048,0.7087889,1.0219045,333.264,666.528,"2011_nk_172","Nush",2011,0.708656238333332,1.04555269,0.0010873233333335,734.386101982274,850.6125533505,1272.272,0.708522611711712
637,318.524,0.7063672,1.0236329,333.788,667.576,"2011_nk_172","Nush",2011,0.708660873333332,1.04651287,0.000960179999999866,734.386101982274,850.6125533505,1272.272,0.708522611711712
638,319.048,0.7096493,1.0229813,334.312,668.624,"2011_nk_172","Nush",2011,0.708689634999999,1.04772202666667,0.00120915666666677,734.386101982274,850.6125533505,1272.272,0.708522611711712
639,319.524,0.7083512,1.0282226,334.836,669.672,"2011_nk_172","Nush",2011,0.708681899999999,1.04861756333334,0.000895536666666752,734.386101982274,850.6125533505,1272.272,0.708522611711712
640,320.048,0.7087062,1.032595,335.36,670.72,"2011_nk_172","Nush",2011,0.708716659999999,1.050022785,0.00140522166666646,734.386101982274,850.6125533505,1272.272,0.708522611711712
641,320.524,0.7074209,1.0371269,335.884,671.768,"2011_nk_172","Nush",2011,0.708736453333332,1.05160852,0.00158573500000014,734.386101982274,850.6125533505,1272.272,0.708522611711712
642,321.048,0.7092024,1.0430228,336.408,672.816,"2011_nk_172","Nush",2011,0.708726476666666,1.05241002833334,0.000801508333333256,734.386101982274,850.6125533505,1272.272,0.708522611711712
643,321.524,0.7091993,1.0552156,336.932,673.864,"2011_nk_172","Nush",2011,0.708712308333332,1.05381564333334,0.00140561499999992,734.386101982274,850.6125533505,1272.272,0.708522611711712
644,322.048,0.7086596,1.0592793,337.456,674.912,"2011_nk_172","Nush",2011,0.708718859999999,1.0547811,0.000965456666666586,734.386101982274,850.6125533505,1272.272,0.708522611711712
645,322.524,0.7071355,1.0470381,337.98,675.96,"2011_nk_172","Nush",2011,0.708745353333332,1.05636111666667,0.00158001666666663,734.386101982274,850.6125533505,1272.272,0.708522611711712
646,323.048,0.7076512,1.0644084,338.504,677.008,"2011_nk_172","Nush",2011,0.708750028333332,1.057518675,0.00115755833333342,734.386101982274,850.6125533505,1272.272,0.708522611711712
647,323.524,0.709313,1.0726361,339.028,678.056,"2011_nk_172","Nush",2011,0.708747146666666,1.058522735,0.00100406000000008,734.386101982274,850.6125533505,1272.272,0.708522611711712
648,324.048,0.7093788,1.0663078,339.552,679.104,"2011_nk_172","Nush",2011,0.708754966666666,1.05900499833334,0.000482263333333233,734.386101982274,850.6125533505,1272.272,0.708522611711712
649,324.524,0.7073567,1.0796886,340.076,680.152,"2011_nk_172","Nush",2011,0.708750329999999,1.06042984,0.00142484166666668,734.386101982274,850.6125533505,1272.272,0.708522611711712
650,325.048,0.7081437,1.0925223,340.6,681.2,"2011_nk_172","Nush",2011,0.708767838333332,1.06119700333334,0.000767163333333265,734.386101982274,850.6125533505,1272.272,0.708522611711712
651,325.524,0.709273,1.0865946,341.124,682.248,"2011_nk_172","Nush",2011,0.708768889999999,1.06267134833334,0.0014743450000001,734.386101982274,850.6125533505,1272.272,0.708522611711712
652,326.048,0.7088832,1.1122133,341.648,683.296,"2011_nk_172","Nush",2011,0.708772796666665,1.064077105,0.00140575666666654,734.386101982274,850.6125533505,1272.272,0.708522611711712
653,326.524,0.7093794,1.1244557,342.172,684.344,"2011_nk_172","Nush",2011,0.708750353333332,1.06546606833334,0.00138896333333327,734.386101982274,850.6125533505,1272.272,0.708522611711712
654,327.048,0.7084916,1.1402594,342.696,685.392,"2011_nk_172","Nush",2011,0.708732566666666,1.06680312,0.00133705166666687,734.386101982274,850.6125533505,1272.272,0.708522611711712
655,327.524,0.709181,1.1677749,343.22,686.44,"2011_nk_172","Nush",2011,0.708708419999999,1.06793515166667,0.00113203166666676,734.386101982274,850.6125533505,1272.272,0.708522611711712
656,328.048,0.7094518,1.1524733,343.744,687.488,"2011_nk_172","Nush",2011,0.708712706666666,1.06906448333334,0.00112933166666651,734.386101982274,850.6125533505,1272.272,0.708522611711712
657,328.524,0.70863,1.0956443,344.268,688.536,"2011_nk_172","Nush",2011,0.708726314999999,1.07049974166667,0.00143525833333347,734.386101982274,850.6125533505,1272.272,0.708522611711712
658,329.048,0.7089446,1.1467633,344.792,689.584,"2011_nk_172","Nush",2011,0.708727926666666,1.07192592666667,0.00142618499999991,734.386101982274,850.6125533505,1272.272,0.708522611711712
659,329.524,0.7087004,1.1481141,345.316,690.632,"2011_nk_172","Nush",2011,0.708688739999999,1.07312588333334,0.00119995666666672,734.386101982274,850.6125533505,1272.272,0.708522611711712
660,330.048,0.7083818,1.032138,345.84,691.68,"2011_nk_172","Nush",2011,0.708695238333332,1.07434025333334,0.00121437000000002,734.386101982274,850.6125533505,1272.272,0.708522611711712
661,330.524,0.7088366,1.1053217,346.364,692.728,"2011_nk_172","Nush",2011,0.708712521666666,1.07505658166667,0.000716328333333349,734.386101982274,850.6125533505,1272.272,0.708522611711712
662,331.048,0.7095915,1.1281586,346.888,693.776,"2011_nk_172","Nush",2011,0.708715676666666,1.07601202,0.000955438333333447,734.386101982274,850.6125533505,1272.272,0.708522611711712
663,331.524,0.7088038,1.0979058,347.412,694.824,"2011_nk_172","Nush",2011,0.708705631666666,1.07667857,0.000666549999999821,734.386101982274,850.6125533505,1272.272,0.708522611711712
664,332.048,0.7082285,1.078771,347.936,695.872,"2011_nk_172","Nush",2011,0.708712988333332,1.07777808833334,0.00109951833333333,734.386101982274,850.6125533505,1272.272,0.708522611711712
665,332.524,0.7093046,1.0611895,348.46,696.92,"2011_nk_172","Nush",2011,0.708705644999999,1.07836030666667,0.000582218333333495,734.386101982274,850.6125533505,1272.272,0.708522611711712
666,333.048,0.7090603,1.0628607,348.984,697.968,"2011_nk_172","Nush",2011,0.708690164999999,1.07883579333334,0.000475486666666525,734.386101982274,850.6125533505,1272.272,0.708522611711712
667,333.524,0.7089509,1.0816754,349.508,699.016,"2011_nk_172","Nush",2011,0.708728844999999,1.07939286666667,0.000557073333333324,734.386101982274,850.6125533505,1272.272,0.708522611711712
668,334.048,0.7098966,1.0926691,350.032,700.064,"2011_nk_172","Nush",2011,0.708701114999999,1.08016127166667,0.000768404999999861,734.386101982274,850.6125533505,1272.272,0.708522611711712
669,334.524,0.7086095,1.08364,350.556,701.112,"2011_nk_172","Nush",2011,0.708690556666666,1.08015053833334,-1.07333333332349e-05,734.386101982274,850.6125533505,1272.272,0.708522611711712
670,335.048,0.7097466,1.096707,351.08,702.16,"2011_nk_172","Nush",2011,0.708703191666666,1.07991546666667,-0.000235071666666586,734.386101982274,850.6125533505,1272.272,0.708522611711712
671,335.524,0.7095928,1.091817,351.604,703.208,"2011_nk_172","Nush",2011,0.708725509999999,1.07994185666667,2.63899999999317e-05,734.386101982274,850.6125533505,1272.272,0.708522611711712
672,336.048,0.707859,1.0730196,352.128,704.256,"2011_nk_172","Nush",2011,0.708719734999999,1.080203355,0.000261498333333332,734.386101982274,850.6125533505,1272.272,0.708522611711712
673,336.524,0.7085098,1.1001179,352.652,705.304,"2011_nk_172","Nush",2011,0.708695373333332,1.08011713833334,-8.62166666666386e-05,734.386101982274,850.6125533505,1272.272,0.708522611711712
674,337.048,0.7089806,1.0924431,353.176,706.352,"2011_nk_172","Nush",2011,0.708713444999999,1.079882515,-0.000234623333333461,734.386101982274,850.6125533505,1272.272,0.708522611711712
675,337.524,0.7092735,1.1073795,353.7,707.4,"2011_nk_172","Nush",2011,0.708748828333332,1.07962570833334,-0.000256806666666609,734.386101982274,850.6125533505,1272.272,0.708522611711712
676,338.048,0.7089772,1.0832278,354.224,708.448,"2011_nk_172","Nush",2011,0.708777583333332,1.07898657666667,-0.000639131666666737,734.386101982274,850.6125533505,1272.272,0.708522611711712
677,338.524,0.7089647,1.0643782,354.748,709.496,"2011_nk_172","Nush",2011,0.708748841666666,1.07837750166667,-0.00060907500000007,734.386101982274,850.6125533505,1272.272,0.708522611711712
678,339.048,0.7081936,1.0667229,355.272,710.544,"2011_nk_172","Nush",2011,0.708744861666666,1.07779812,-0.000579381666666823,734.386101982274,850.6125533505,1272.272,0.708522611711712
679,339.524,0.7089994,1.0965453,355.796,711.592,"2011_nk_172","Nush",2011,0.708732383333332,1.077230145,-0.000567975000000054,734.386101982274,850.6125533505,1272.272,0.708522611711712
680,340.048,0.7091185,1.0670902,356.32,712.64,"2011_nk_172","Nush",2011,0.708742261666666,1.07615848333334,-0.00107166166666683,734.386101982274,850.6125533505,1272.272,0.708522611711712
681,340.524,0.7087632,1.0891494,356.844,713.688,"2011_nk_172","Nush",2011,0.708729609999999,1.07499478166667,-0.00116370166666657,734.386101982274,850.6125533505,1272.272,0.708522611711712
682,341.048,0.7087926,1.0694652,357.368,714.736,"2011_nk_172","Nush",2011,0.708705861666665,1.07344522166667,-0.00154955999999973,734.386101982274,850.6125533505,1272.272,0.708522611711712
683,341.524,0.7074466,1.062816,357.892,715.784,"2011_nk_172","Nush",2011,0.708689321666665,1.07179200333334,-0.00165321833333332,734.386101982274,850.6125533505,1272.272,0.708522611711712
684,342.048,0.7086375,1.0679113,358.416,716.832,"2011_nk_172","Nush",2011,0.708685424999999,1.06978136166667,-0.00201064166666676,734.386101982274,850.6125533505,1272.272,0.708522611711712
685,342.524,0.7071667,1.0720312,358.94,717.88,"2011_nk_172","Nush",2011,0.708664124999999,1.06756118,-0.00222018166666649,734.386101982274,850.6125533505,1272.272,0.708522611711712
686,343.048,0.7097189,1.0594322,359.464,718.928,"2011_nk_172","Nush",2011,0.708655931666666,1.06539632833334,-0.00216485166666658,734.386101982274,850.6125533505,1272.272,0.708522611711712
687,343.524,0.7098004,1.0745858,359.988,719.976,"2011_nk_172","Nush",2011,0.708659203333332,1.06396465,-0.00143167833333346,734.386101982274,850.6125533505,1272.272,0.708522611711712
688,344.048,0.7080616,1.079301,360.512,721.024,"2011_nk_172","Nush",2011,0.708621606666666,1.06154337333334,-0.00242127666666669,734.386101982274,850.6125533505,1272.272,0.708522611711712
689,344.524,0.7085813,1.0643229,361.036,722.072,"2011_nk_172","Nush",2011,0.708631346666665,1.05927160166667,-0.0022717716666667,734.386101982274,850.6125533505,1272.272,0.708522611711712
690,345.048,0.7078033,1.0771256,361.56,723.12,"2011_nk_172","Nush",2011,0.708638383333332,1.05891646833334,-0.000355133333333368,734.386101982274,850.6125533505,1272.272,0.708522611711712
691,345.524,0.7094872,1.0459808,362.084,724.168,"2011_nk_172","Nush",2011,0.708637931666666,1.057114315,-0.00180215333333322,734.386101982274,850.6125533505,1272.272,0.708522611711712
692,346.048,0.708615,1.0754877,362.608,725.216,"2011_nk_172","Nush",2011,0.708619696666666,1.0550564,-0.00205791499999997,734.386101982274,850.6125533505,1272.272,0.708522611711712
693,346.524,0.7076271,1.0585962,363.132,726.264,"2011_nk_172","Nush",2011,0.708629686666665,1.05329170166667,-0.00176469833333348,734.386101982274,850.6125533505,1272.272,0.708522611711712
694,347.048,0.7087453,1.0749916,363.656,727.312,"2011_nk_172","Nush",2011,0.708636661666666,1.05160668833334,-0.00168501333333326,734.386101982274,850.6125533505,1272.272,0.708522611711712
695,347.524,0.7089533,1.0457681,364.18,728.36,"2011_nk_172","Nush",2011,0.708604459999999,1.05033586,-0.00127082833333336,734.386101982274,850.6125533505,1272.272,0.708522611711712
696,348.048,0.7078601,1.0504337,364.704,729.408,"2011_nk_172","Nush",2011,0.708583494999999,1.04880896,-0.0015269,734.386101982274,850.6125533505,1272.272,0.708522611711712
697,348.524,0.708688,1.0570573,365.228,730.456,"2011_nk_172","Nush",2011,0.708570639999999,1.04703450833334,-0.00177445166666668,734.386101982274,850.6125533505,1272.272,0.708522611711712
698,349.048,0.7079855,1.0690856,365.752,731.504,"2011_nk_172","Nush",2011,0.708530119999999,1.04489112333334,-0.00214338499999989,734.386101982274,850.6125533505,1272.272,0.708522611711712
699,349.524,0.7077177,1.0275786,366.276,732.552,"2011_nk_172","Nush",2011,0.708520026666666,1.04276012833334,-0.00213099500000014,734.386101982274,850.6125533505,1272.272,0.708522611711712
700,350.048,0.7094643,1.0184907,366.8,733.6,"2011_nk_172","Nush",2011,0.708510613333332,1.04065256666667,-0.00210756166666659,734.386101982274,850.6125533505,1272.272,0.708522611711712
701,350.524,0.70876,1.0387103,367.324,734.648,"2011_nk_172","Nush",2011,0.708470088333332,1.03857079333334,-0.00208177333333337,734.386101982274,850.6125533505,1272.272,0.708522611711712
702,351.048,0.7088559,1.0587127,367.848,735.696,"2011_nk_172","Nush",2011,0.708466536666666,1.03705804833334,-0.00151274500000009,734.386101982274,850.6125533505,1272.272,0.708522611711712
703,351.524,0.7077376,1.0500426,368.372,736.744,"2011_nk_172","Nush",2011,0.708483416666666,1.034965605,-0.00209244333333314,734.386101982274,850.6125533505,1272.272,0.708522611711712
704,352.048,0.7097439,1.0452019,368.896,737.792,"2011_nk_172","Nush",2011,0.708497661666666,1.03271124166667,-0.0022543633333334,734.386101982274,850.6125533505,1272.272,0.708522611711712
705,352.524,0.7092585,1.0316297,369.42,738.84,"2011_nk_172","Nush",2011,0.708482819999999,1.02982513,-0.00288611166666675,734.386101982274,850.6125533505,1272.272,0.708522611711712
706,353.048,0.7093765,1.0260605,369.944,739.888,"2011_nk_172","Nush",2011,0.708491213333332,1.02776704,-0.00205809000000001,734.386101982274,850.6125533505,1272.272,0.708522611711712
707,353.524,0.7075885,1.0360916,370.468,740.936,"2011_nk_172","Nush",2011,0.708484741666666,1.02593912,-0.00182791999999998,734.386101982274,850.6125533505,1272.272,0.708522611711712
708,354.048,0.70914,1.0315449,370.992,741.984,"2011_nk_172","Nush",2011,0.708492014999999,1.02425994833334,-0.00167917166666665,734.386101982274,850.6125533505,1272.272,0.708522611711712
709,354.524,0.706608,1.0456101,371.516,743.032,"2011_nk_172","Nush",2011,0.708503273333332,1.021725145,-0.00253480333333345,734.386101982274,850.6125533505,1272.272,0.708522611711712
710,355.048,0.7087364,1.0282226,372.04,744.08,"2011_nk_172","Nush",2011,0.708512116666666,1.01951886166667,-0.00220628333333317,734.386101982274,850.6125533505,1272.272,0.708522611711712
711,355.524,0.7085139,1.0167725,372.564,745.128,"2011_nk_172","Nush",2011,0.708502929999999,1.01670606833334,-0.00281279333333351,734.386101982274,850.6125533505,1272.272,0.708522611711712
712,356.048,0.7074583,1.0192397,373.088,746.176,"2011_nk_172","Nush",2011,0.708484983333332,1.014891115,-0.00181495333333337,734.386101982274,850.6125533505,1272.272,0.708522611711712
713,356.524,0.708387,1.0252626,373.612,747.224,"2011_nk_172","Nush",2011,0.708495164999999,1.01296704333334,-0.00192407166666664,734.386101982274,850.6125533505,1272.272,0.708522611711712
714,357.048,0.7082578,1.0196209,374.136,748.272,"2011_nk_172","Nush",2011,0.708494888333332,1.01067994666667,-0.0022870966666666,734.386101982274,850.6125533505,1272.272,0.708522611711712
715,357.524,0.707903,1.034564,374.66,749.32,"2011_nk_172","Nush",2011,0.708530546666666,1.00829390166667,-0.00238604499999995,734.386101982274,850.6125533505,1272.272,0.708522611711712
716,358.048,0.7089602,1.0225822,375.184,750.368,"2011_nk_172","Nush",2011,0.708515333333332,1.00604359166667,-0.0022503100000002,734.386101982274,850.6125533505,1272.272,0.708522611711712
717,358.524,0.7088263,1.0097436,375.708,751.416,"2011_nk_172","Nush",2011,0.708508564999999,1.00392718333334,-0.00211640833333315,734.386101982274,850.6125533505,1272.272,0.708522611711712
718,359.048,0.7066888,1.0014867,376.232,752.464,"2011_nk_172","Nush",2011,0.708507798333332,1.001740785,-0.00218639833333345,734.386101982274,850.6125533505,1272.272,0.708522611711712
719,359.524,0.7092848,1.0118078,376.756,753.512,"2011_nk_172","Nush",2011,0.708514339999999,0.999728746666669,-0.0020120383333333,734.386101982274,850.6125533505,1272.272,0.708522611711712
720,360.048,0.708804,1.01083,377.28,754.56,"2011_nk_172","Nush",2011,0.708521451666666,0.997248945000002,-0.00247980166666661,734.386101982274,850.6125533505,1272.272,0.708522611711712
721,360.524,0.7088095,0.9971925,377.804,755.608,"2011_nk_172","Nush",2011,0.708495266666666,0.995163673333335,-0.00208527166666672,734.386101982274,850.6125533505,1272.272,0.708522611711712
722,361.048,0.7084974,1.0046837,378.328,756.656,"2011_nk_172","Nush",2011,0.708471619999999,0.992491913333335,-0.00267176000000002,734.386101982274,850.6125533505,1272.272,0.708522611711712
723,361.524,0.7094032,0.9920239,378.852,757.704,"2011_nk_172","Nush",2011,0.708487418333332,0.990455895000002,-0.00203601833333333,734.386101982274,850.6125533505,1272.272,0.708522611711712
724,362.048,0.708647,0.9776702,379.376,758.752,"2011_nk_172","Nush",2011,0.708473479999999,0.987995261666669,-0.00246063333333335,734.386101982274,850.6125533505,1272.272,0.708522611711712
725,362.524,0.7073725,0.9849398,379.9,759.8,"2011_nk_172","Nush",2011,0.708478086666665,0.986090641666669,-0.00190461999999991,734.386101982274,850.6125533505,1272.272,0.708522611711712
726,363.048,0.7078024,0.9712467,380.424,760.848,"2011_nk_172","Nush",2011,0.708467588333332,0.983943215000002,-0.00214742666666667,734.386101982274,850.6125533505,1272.272,0.708522611711712
727,363.524,0.7081796,0.9752083,380.948,761.896,"2011_nk_172","Nush",2011,0.708460871666665,0.982011901666669,-0.0019313133333333,734.386101982274,850.6125533505,1272.272,0.708522611711712
728,364.048,0.7074654,0.964066,381.472,762.944,"2011_nk_172","Nush",2011,0.708483408333332,0.979490290000002,-0.00252161166666665,734.386101982274,850.6125533505,1272.272,0.708522611711712
729,364.524,0.7080039,0.9557803,381.996,763.992,"2011_nk_172","Nush",2011,0.708485244999999,0.977584070000002,-0.00190622000000007,734.386101982274,850.6125533505,1272.272,0.708522611711712
730,365.048,0.7091818,0.9702533,382.52,765.04,"2011_nk_172","Nush",2011,0.708475273333332,0.975797521666669,-0.00178654833333336,734.386101982274,850.6125533505,1272.272,0.708522611711712
731,365.524,0.7071613,0.9669106,383.044,766.088,"2011_nk_172","Nush",2011,0.708480868333332,0.973726743333335,-0.00207077833333336,734.386101982274,850.6125533505,1272.272,0.708522611711712
732,366.048,0.7076459,0.9822549,383.568,767.136,"2011_nk_172","Nush",2011,0.708480631666665,0.971128820000002,-0.00259792333333331,734.386101982274,850.6125533505,1272.272,0.708522611711712
733,366.524,0.7095226,0.9745713,384.092,768.184,"2011_nk_172","Nush",2011,0.708494051666665,0.968744440000002,-0.00238438000000007,734.386101982274,850.6125533505,1272.272,0.708522611711712
734,367.048,0.7098353,0.9571813,384.616,769.232,"2011_nk_172","Nush",2011,0.708480654999999,0.966344728333335,-0.00239971166666675,734.386101982274,850.6125533505,1272.272,0.708522611711712
735,367.524,0.708383,0.9342128,385.14,770.28,"2011_nk_172","Nush",2011,0.708460783333332,0.964250976666669,-0.00209375166666659,734.386101982274,850.6125533505,1272.272,0.708522611711712
736,368.048,0.7094808,0.9597424,385.664,771.328,"2011_nk_172","Nush",2011,0.708457066666666,0.962340205000002,-0.00191077166666664,734.386101982274,850.6125533505,1272.272,0.708522611711712
737,368.524,0.7085764,0.954703,386.188,772.376,"2011_nk_172","Nush",2011,0.708503804999999,0.960228151666669,-0.00211205333333331,734.386101982274,850.6125533505,1272.272,0.708522611711712
738,369.048,0.70863,0.9659726,386.712,773.424,"2011_nk_172","Nush",2011,0.708480761666666,0.958100113333335,-0.00212803833333342,734.386101982274,850.6125533505,1272.272,0.708522611711712
739,369.524,0.7096749,0.9444571,387.236,774.472,"2011_nk_172","Nush",2011,0.708496369999999,0.955259321666668,-0.00284079166666673,734.386101982274,850.6125533505,1272.272,0.708522611711712
740,370.048,0.7096491,0.9347132,387.76,775.52,"2011_nk_172","Nush",2011,0.708506913333332,0.952985151666669,-0.00227416999999996,734.386101982274,850.6125533505,1272.272,0.708522611711712
741,370.524,0.708212,0.9203818,388.284,776.568,"2011_nk_172","Nush",2011,0.708493214999999,0.950907906666668,-0.00207724500000006,734.386101982274,850.6125533505,1272.272,0.708522611711712
742,371.048,0.7077158,0.960568,388.808,777.616,"2011_nk_172","Nush",2011,0.708507191666666,0.949255393333335,-0.00165251333333327,734.386101982274,850.6125533505,1272.272,0.708522611711712
743,371.524,0.7080575,0.9473717,389.332,778.664,"2011_nk_172","Nush",2011,0.708482446666666,0.947189346666669,-0.00206604666666665,734.386101982274,850.6125533505,1272.272,0.708522611711712
744,372.048,0.7086209,0.9306855,389.856,779.712,"2011_nk_172","Nush",2011,0.708464644999999,0.944979835000002,-0.00220951166666672,734.386101982274,850.6125533505,1272.272,0.708522611711712
745,372.524,0.7093062,0.9288685,390.38,780.76,"2011_nk_172","Nush",2011,0.708505351666666,0.942498200000002,-0.00248163499999998,734.386101982274,850.6125533505,1272.272,0.708522611711712
746,373.048,0.7088061,0.9244136,390.904,781.808,"2011_nk_172","Nush",2011,0.708504218333332,0.940434118333335,-0.00206408166666661,734.386101982274,850.6125533505,1272.272,0.708522611711712
747,373.524,0.7093943,0.9476013,391.428,782.856,"2011_nk_172","Nush",2011,0.708485238333332,0.938776981666669,-0.00165713666666667,734.386101982274,850.6125533505,1272.272,0.708522611711712
748,374.048,0.7080156,0.9481171,391.952,783.904,"2011_nk_172","Nush",2011,0.708510378333332,0.937122593333335,-0.00165438833333331,734.386101982274,850.6125533505,1272.272,0.708522611711712
749,374.524,0.7089738,0.9436006,392.476,784.952,"2011_nk_172","Nush",2011,0.708491549999999,0.935094498333335,-0.00202809500000001,734.386101982274,850.6125533505,1272.272,0.708522611711712
750,375.048,0.70823,0.9283375,393,786,"2011_nk_172","Nush",2011,0.708488263333332,0.932842030000002,-0.00225246833333337,734.386101982274,850.6125533505,1272.272,0.708522611711712
751,375.524,0.7079161,0.9208645,393.524,787.048,"2011_nk_172","Nush",2011,0.708472493333332,0.930714596666669,-0.00212743333333332,734.386101982274,850.6125533505,1272.272,0.708522611711712
752,376.048,0.7071962,0.9151821,394.048,788.096,"2011_nk_172","Nush",2011,0.708460326666666,0.928598425000002,-0.00211617166666656,734.386101982274,850.6125533505,1272.272,0.708522611711712
753,376.524,0.708575,0.9364351,394.572,789.144,"2011_nk_172","Nush",2011,0.708448109999999,0.926977448333335,-0.00162097666666672,734.386101982274,850.6125533505,1272.272,0.708522611711712
754,377.048,0.707909,0.9273536,395.096,790.192,"2011_nk_172","Nush",2011,0.708477429999999,0.925186288333335,-0.00179116000000001,734.386101982274,850.6125533505,1272.272,0.708522611711712
755,377.524,0.7092297,0.9314909,395.62,791.24,"2011_nk_172","Nush",2011,0.708491039999999,0.923296003333335,-0.00189028499999999,734.386101982274,850.6125533505,1272.272,0.708522611711712
756,378.048,0.7072302,0.9215881,396.144,792.288,"2011_nk_172","Nush",2011,0.708490603333332,0.921507045000002,-0.00178895833333337,734.386101982274,850.6125533505,1272.272,0.708522611711712
757,378.524,0.708285,0.9411785,396.668,793.336,"2011_nk_172","Nush",2011,0.708519758333332,0.919982655000002,-0.00152439000000004,734.386101982274,850.6125533505,1272.272,0.708522611711712
758,379.048,0.7093377,0.9177889,397.192,794.384,"2011_nk_172","Nush",2011,0.708515326666666,0.918341206666669,-0.00164144833333324,734.386101982274,850.6125533505,1272.272,0.708522611711712
759,379.524,0.7078279,0.9132054,397.716,795.432,"2011_nk_172","Nush",2011,0.708516448333332,0.916889965000002,-0.00145124166666677,734.386101982274,850.6125533505,1272.272,0.708522611711712
760,380.048,0.708866,0.9112978,398.24,796.48,"2011_nk_172","Nush",2011,0.708506168333332,0.915125951666669,-0.00176401333333331,734.386101982274,850.6125533505,1272.272,0.708522611711712
761,380.524,0.7090957,0.9144636,398.764,797.528,"2011_nk_172","Nush",2011,0.708521144999999,0.913602810000002,-0.00152314166666667,734.386101982274,850.6125533505,1272.272,0.708522611711712
762,381.048,0.7088417,0.9028373,399.288,798.576,"2011_nk_172","Nush",2011,0.708531616666666,0.911782131666669,-0.00182067833333333,734.386101982274,850.6125533505,1272.272,0.708522611711712
763,381.524,0.7085428,0.9069798,399.812,799.624,"2011_nk_172","Nush",2011,0.708525208333332,0.910294736666669,-0.00148739499999995,734.386101982274,850.6125533505,1272.272,0.708522611711712
764,382.048,0.7089401,0.9012192,400.336,800.672,"2011_nk_172","Nush",2011,0.708483088333332,0.908768730000002,-0.00152600666666669,734.386101982274,850.6125533505,1272.272,0.708522611711712
765,382.524,0.7080662,0.9060046,400.86,801.72,"2011_nk_172","Nush",2011,0.708487419999999,0.907765846666669,-0.00100288333333332,734.386101982274,850.6125533505,1272.272,0.708522611711712
766,383.048,0.7091535,0.9114142,401.384,802.768,"2011_nk_172","Nush",2011,0.708484844999999,0.906008975000002,-0.0017568716666666,734.386101982274,850.6125533505,1272.272,0.708522611711712
767,383.524,0.7103928,0.9093684,401.908,803.816,"2011_nk_172","Nush",2011,0.708492548333332,0.904758860000002,-0.00125011500000005,734.386101982274,850.6125533505,1272.272,0.708522611711712
768,384.048,0.7077574,0.9038626,402.432,804.864,"2011_nk_172","Nush",2011,0.708493259999999,0.902982051666669,-0.00177680833333327,734.386101982274,850.6125533505,1272.272,0.708522611711712
769,384.524,0.7075445,0.8751626,402.956,805.912,"2011_nk_172","Nush",2011,0.708496496666666,0.901403005000002,-0.00157904666666664,734.386101982274,850.6125533505,1272.272,0.708522611711712
770,385.048,0.709369,0.8917724,403.48,806.96,"2011_nk_172","Nush",2011,0.708478629999999,0.899989646666669,-0.00141335833333334,734.386101982274,850.6125533505,1272.272,0.708522611711712
771,385.524,0.707692,0.8921378,404.004,808.008,"2011_nk_172","Nush",2011,0.708482708333332,0.899017595000002,-0.000972051666666696,734.386101982274,850.6125533505,1272.272,0.708522611711712
772,386.048,0.7082969,0.9200889,404.528,809.056,"2011_nk_172","Nush",2011,0.708509498333332,0.897198773333335,-0.00181882166666669,734.386101982274,850.6125533505,1272.272,0.708522611711712
773,386.524,0.7069023,0.9012998,405.052,810.104,"2011_nk_172","Nush",2011,0.708531488333332,0.895347346666669,-0.00185142666666671,734.386101982274,850.6125533505,1272.272,0.708522611711712
774,387.048,0.7071897,0.8870502,405.576,811.152,"2011_nk_172","Nush",2011,0.708496399999999,0.893900655000002,-0.00144669166666667,734.386101982274,850.6125533505,1272.272,0.708522611711712
775,387.524,0.7103454,0.8856659,406.1,812.2,"2011_nk_172","Nush",2011,0.708461301666666,0.892596801666669,-0.00130385333333327,734.386101982274,850.6125533505,1272.272,0.708522611711712
776,388.048,0.7088922,0.8987373,406.624,813.248,"2011_nk_172","Nush",2011,0.708459191666666,0.891712128333335,-0.000884673333333308,734.386101982274,850.6125533505,1272.272,0.708522611711712
777,388.524,0.7076875,0.9103154,407.148,814.296,"2011_nk_172","Nush",2011,0.708450614999999,0.890210081666669,-0.00150204666666676,734.386101982274,850.6125533505,1272.272,0.708522611711712
778,389.048,0.7081972,0.9022234,407.672,815.344,"2011_nk_172","Nush",2011,0.708465216666666,0.888710343333335,-0.00149973833333328,734.386101982274,850.6125533505,1272.272,0.708522611711712
779,389.524,0.7081551,0.8901221,408.196,816.392,"2011_nk_172","Nush",2011,0.708480088333332,0.886829106666669,-0.00188123666666662,734.386101982274,850.6125533505,1272.272,0.708522611711712
780,390.048,0.7086068,0.8756819,408.72,817.44,"2011_nk_172","Nush",2011,0.708520068333332,0.885528111666669,-0.00130099499999992,734.386101982274,850.6125533505,1272.272,0.708522611711712
781,390.524,0.7078633,0.8695465,409.244,818.488,"2011_nk_172","Nush",2011,0.708532503333332,0.884436198333335,-0.00109191333333347,734.386101982274,850.6125533505,1272.272,0.708522611711712
782,391.048,0.7077674,0.8777134,409.768,819.536,"2011_nk_172","Nush",2011,0.708559941666666,0.883654178333335,-0.000782019999999939,734.386101982274,850.6125533505,1272.272,0.708522611711712
783,391.524,0.7086702,0.8947653,410.292,820.584,"2011_nk_172","Nush",2011,0.708564183333332,0.882093893333335,-0.00156028500000005,734.386101982274,850.6125533505,1272.272,0.708522611711712
784,392.048,0.7104062,0.8702006,410.816,821.632,"2011_nk_172","Nush",2011,0.708580096666666,0.880792670000002,-0.00130122333333338,734.386101982274,850.6125533505,1272.272,0.708522611711712
785,392.524,0.7081891,0.8715227,411.34,822.68,"2011_nk_172","Nush",2011,0.708539278333332,0.879416526666669,-0.00137614333333336,734.386101982274,850.6125533505,1272.272,0.708522611711712
786,393.048,0.7077762,0.8639092,411.864,823.728,"2011_nk_172","Nush",2011,0.708550536666666,0.878731966666669,-0.000684559999999945,734.386101982274,850.6125533505,1272.272,0.708522611711712
787,393.524,0.7099289,0.8837449,412.388,824.776,"2011_nk_172","Nush",2011,0.708564503333332,0.877597055000002,-0.00113491166666668,734.386101982274,850.6125533505,1272.272,0.708522611711712
788,394.048,0.7071995,0.8655791,412.912,825.824,"2011_nk_172","Nush",2011,0.708558774999999,0.876347045000002,-0.00125001000000013,734.386101982274,850.6125533505,1272.272,0.708522611711712
789,394.524,0.7080712,0.8687058,413.436,826.872,"2011_nk_172","Nush",2011,0.708567734999999,0.875233688333335,-0.00111335666666668,734.386101982274,850.6125533505,1272.272,0.708522611711712
790,395.048,0.708565,0.8644125,413.96,827.92,"2011_nk_172","Nush",2011,0.708572884999999,0.874116983333335,-0.00111670499999994,734.386101982274,850.6125533505,1272.272,0.708522611711712
791,395.524,0.7080599,0.8755221,414.484,828.968,"2011_nk_172","Nush",2011,0.708561376666666,0.873326368333335,-0.000790614999999995,734.386101982274,850.6125533505,1272.272,0.708522611711712
792,396.048,0.7082742,0.8730142,415.008,830.016,"2011_nk_172","Nush",2011,0.708564924999999,0.872296700000002,-0.0010296683333334,734.386101982274,850.6125533505,1272.272,0.708522611711712
793,396.524,0.7091381,0.8853276,415.532,831.064,"2011_nk_172","Nush",2011,0.708580126666666,0.871075688333335,-0.00122101166666666,734.386101982274,850.6125533505,1272.272,0.708522611711712
794,397.048,0.7073081,0.8656209,416.056,832.112,"2011_nk_172","Nush",2011,0.708561041666666,0.870026380000002,-0.00104930833333328,734.386101982274,850.6125533505,1272.272,0.708522611711712
795,397.524,0.7086429,0.8740398,416.58,833.16,"2011_nk_172","Nush",2011,0.708563413333332,0.869159781666669,-0.000866598333333357,734.386101982274,850.6125533505,1272.272,0.708522611711712
796,398.048,0.7093263,0.8543301,417.104,834.208,"2011_nk_172","Nush",2011,0.708523518333332,0.868393331666669,-0.000766449999999974,734.386101982274,850.6125533505,1272.272,0.708522611711712
797,398.524,0.7090386,0.8796961,417.628,835.256,"2011_nk_172","Nush",2011,0.708492334999999,0.867868253333335,-0.000525078333333373,734.386101982274,850.6125533505,1272.272,0.708522611711712
798,399.048,0.7086727,0.8593641,418.152,836.304,"2011_nk_172","Nush",2011,0.708502338333332,0.867270076666669,-0.000598176666666617,734.386101982274,850.6125533505,1272.272,0.708522611711712
799,399.524,0.7098691,0.8497143,418.676,837.352,"2011_nk_172","Nush",2011,0.708520834999999,0.867077516666669,-0.000192560000000008,734.386101982274,850.6125533505,1272.272,0.708522611711712
800,400.048,0.7085771,0.8499117,419.2,838.4,"2011_nk_172","Nush",2011,0.708510024999999,0.866383691666669,-0.000693825000000037,734.386101982274,850.6125533505,1272.272,0.708522611711712
801,400.524,0.7084567,0.8620587,419.724,839.448,"2011_nk_172","Nush",2011,0.708503018333332,0.865815505000002,-0.000568186666666581,734.386101982274,850.6125533505,1272.272,0.708522611711712
802,401.048,0.7093232,0.8514387,420.248,840.496,"2011_nk_172","Nush",2011,0.708510243333332,0.865134610000002,-0.000680895000000015,734.386101982274,850.6125533505,1272.272,0.708522611711712
803,401.524,0.7093769,0.8362861,420.772,841.544,"2011_nk_172","Nush",2011,0.708528861666666,0.864440778333335,-0.000693831666666589,734.386101982274,850.6125533505,1272.272,0.708522611711712
804,402.048,0.7065156,0.843884,421.296,842.592,"2011_nk_172","Nush",2011,0.708559564999999,0.863739680000002,-0.000701098333333317,734.386101982274,850.6125533505,1272.272,0.708522611711712
805,402.524,0.7072003,0.8506373,421.82,843.64,"2011_nk_172","Nush",2011,0.708515909999999,0.863164771666669,-0.00057490833333329,734.386101982274,850.6125533505,1272.272,0.708522611711712
806,403.048,0.7086795,0.8713332,422.344,844.688,"2011_nk_172","Nush",2011,0.708529623333332,0.862360866666669,-0.000803905000000049,734.386101982274,850.6125533505,1272.272,0.708522611711712
807,403.524,0.7088797,0.8574785,422.868,845.736,"2011_nk_172","Nush",2011,0.708534551666666,0.861387676666669,-0.000973189999999957,734.386101982274,850.6125533505,1272.272,0.708522611711712
808,404.048,0.7088917,0.8581328,423.392,846.784,"2011_nk_172","Nush",2011,0.708523463333332,0.860533433333335,-0.000854243333333282,734.386101982274,850.6125533505,1272.272,0.708522611711712
809,404.524,0.7098661,0.8307264,423.916,847.832,"2011_nk_172","Nush",2011,0.708519343333333,0.859808275000002,-0.000725158333333309,734.386101982274,850.6125533505,1272.272,0.708522611711712
810,405.048,0.7106288,0.8502778,424.44,848.88,"2011_nk_172","Nush",2011,0.708515919999999,0.859495718333335,-0.000312556666666741,734.386101982274,850.6125533505,1272.272,0.708522611711712
811,405.524,0.7086622,0.8553497,424.964,849.928,"2011_nk_172","Nush",2011,0.708532333333333,0.859148536666669,-0.000347181666666585,734.386101982274,850.6125533505,1272.272,0.708522611711712
812,406.048,0.7088425,0.8682609,425.488,850.976,"2011_nk_172","Nush",2011,0.708555726666666,0.858930258333335,-0.000218278333333322,734.386101982274,850.6125533505,1272.272,0.708522611711712
813,406.524,0.7088295,0.842818,426.012,852.024,"2011_nk_172","Nush",2011,0.708560114999999,0.858113001666669,-0.000817256666666766,734.386101982274,850.6125533505,1272.272,0.708522611711712
814,407.048,0.7088638,0.8492802,426.536,853.072,"2011_nk_172","Nush",2011,0.708529033333333,0.857908321666669,-0.000204679999999957,734.386101982274,850.6125533505,1272.272,0.708522611711712
815,407.524,0.7067806,0.8489223,427.06,854.12,"2011_nk_172","Nush",2011,0.708559294999999,0.857390976666669,-0.000517345000000002,734.386101982274,850.6125533505,1272.272,0.708522611711712
816,408.048,0.7079057,0.8805145,427.584,855.168,"2011_nk_172","Nush",2011,0.708574483333333,0.857044920000002,-0.00034605666666665,734.386101982274,850.6125533505,1272.272,0.708522611711712
817,408.524,0.709123,0.8730838,428.108,856.216,"2011_nk_172","Nush",2011,0.708552988333333,0.856079891666669,-0.00096502833333334,734.386101982274,850.6125533505,1272.272,0.708522611711712
818,409.048,0.708994,0.8427883,428.632,857.264,"2011_nk_172","Nush",2011,0.708572974999999,0.855760778333335,-0.000319113333333343,734.386101982274,850.6125533505,1272.272,0.708522611711712
819,409.524,0.7083655,0.846404,429.156,858.312,"2011_nk_172","Nush",2011,0.708575558333333,0.855113105000002,-0.000647673333333265,734.386101982274,850.6125533505,1272.272,0.708522611711712
820,410.048,0.709175,0.8442955,429.68,859.36,"2011_nk_172","Nush",2011,0.708556131666666,0.854935358333335,-0.0001777466666667,734.386101982274,850.6125533505,1272.272,0.708522611711712
821,410.524,0.7084052,0.8670267,430.204,860.408,"2011_nk_172","Nush",2011,0.708567448333333,0.854724956666669,-0.000210401666666638,734.386101982274,850.6125533505,1272.272,0.708522611711712
822,411.048,0.7090546,0.8410572,430.728,861.456,"2011_nk_172","Nush",2011,0.708582896666666,0.854164780000002,-0.000560176666666745,734.386101982274,850.6125533505,1272.272,0.708522611711712
823,411.524,0.7094549,0.8337191,431.252,862.504,"2011_nk_172","Nush",2011,0.708590209999999,0.853284746666669,-0.000880033333333308,734.386101982274,850.6125533505,1272.272,0.708522611711712
824,412.048,0.707795,0.8382607,431.776,863.552,"2011_nk_172","Nush",2011,0.708613048333332,0.853170966666669,-0.000113779999999952,734.386101982274,850.6125533505,1272.272,0.708522611711712
825,412.524,0.7082085,0.8540087,432.3,864.6,"2011_nk_172","Nush",2011,0.708621819999999,0.852643123333335,-0.000527843333333333,734.386101982274,850.6125533505,1272.272,0.708522611711712
826,413.048,0.7067598,0.8654272,432.824,865.648,"2011_nk_172","Nush",2011,0.708613174999999,0.852673798333335,3.067499999998e-05,734.386101982274,850.6125533505,1272.272,0.708522611711712
827,413.524,0.7085218,0.8778637,433.348,866.696,"2011_nk_172","Nush",2011,0.708627693333332,0.852062518333335,-0.000611279999999992,734.386101982274,850.6125533505,1272.272,0.708522611711712
828,414.048,0.7083576,0.867972,433.872,867.744,"2011_nk_172","Nush",2011,0.708639491666666,0.851724688333335,-0.000337829999999983,734.386101982274,850.6125533505,1272.272,0.708522611711712
829,414.524,0.7086543,0.863609,434.396,868.792,"2011_nk_172","Nush",2011,0.708621916666666,0.851725190000002,5.01666666541389e-07,734.386101982274,850.6125533505,1272.272,0.708522611711712
830,415.048,0.7087204,0.8501429,434.92,869.84,"2011_nk_172","Nush",2011,0.708589136666666,0.851857223333335,0.000132033333333337,734.386101982274,850.6125533505,1272.272,0.708522611711712
831,415.524,0.7072716,0.8580466,435.444,870.888,"2011_nk_172","Nush",2011,0.708594434999999,0.851863745000002,6.5216666667034e-06,734.386101982274,850.6125533505,1272.272,0.708522611711712
832,416.048,0.7087304,0.8792352,435.968,871.936,"2011_nk_172","Nush",2011,0.708597689999999,0.851949353333335,8.56083333332647e-05,734.386101982274,850.6125533505,1272.272,0.708522611711712
833,416.524,0.7080194,0.8596699,436.492,872.984,"2011_nk_172","Nush",2011,0.708572683333333,0.852022621666669,7.32683333333206e-05,734.386101982274,850.6125533505,1272.272,0.708522611711712
834,417.048,0.7090319,0.8449843,437.016,874.032,"2011_nk_172","Nush",2011,0.708618848333332,0.852086995000002,6.43733333334229e-05,734.386101982274,850.6125533505,1272.272,0.708522611711712
835,417.524,0.7077261,0.8511714,437.54,875.08,"2011_nk_172","Nush",2011,0.708646621666666,0.852019326666669,-6.76683333332706e-05,734.386101982274,850.6125533505,1272.272,0.708522611711712
836,418.048,0.709715,0.850503,438.064,876.128,"2011_nk_172","Nush",2011,0.708651181666666,0.851533406666669,-0.000485920000000029,734.386101982274,850.6125533505,1272.272,0.708522611711712
837,418.524,0.7079832,0.851924,438.588,877.176,"2011_nk_172","Nush",2011,0.708649683333332,0.851577648333335,4.42416666667222e-05,734.386101982274,850.6125533505,1272.272,0.708522611711712
838,419.048,0.7075319,0.8509688,439.112,878.224,"2011_nk_172","Nush",2011,0.708643626666666,0.851248393333335,-0.000329255000000028,734.386101982274,850.6125533505,1272.272,0.708522611711712
839,419.524,0.7079079,0.8466126,439.636,879.272,"2011_nk_172","Nush",2011,0.708609868333333,0.851083698333335,-0.000164695000000048,734.386101982274,850.6125533505,1272.272,0.708522611711712
840,420.048,0.7084014,0.8569285,440.16,880.32,"2011_nk_172","Nush",2011,0.708607908333332,0.850678563333335,-0.000405134999999945,734.386101982274,850.6125533505,1272.272,0.708522611711712
841,420.524,0.7088481,0.8487156,440.684,881.368,"2011_nk_172","Nush",2011,0.708645116666666,0.850575143333336,-0.000103419999999965,734.386101982274,850.6125533505,1272.272,0.708522611711712
842,421.048,0.709171,0.8646167,441.208,882.416,"2011_nk_172","Nush",2011,0.708653544999999,0.850179731666669,-0.000395411666666678,734.386101982274,850.6125533505,1272.272,0.708522611711712
843,421.524,0.7089335,0.8457299,441.732,883.464,"2011_nk_172","Nush",2011,0.708648948333332,0.850048153333335,-0.000131578333333437,734.386101982274,850.6125533505,1272.272,0.708522611711712
844,422.048,0.7085413,0.8579198,442.256,884.512,"2011_nk_172","Nush",2011,0.708633514999999,0.849732103333335,-0.000316049999999901,734.386101982274,850.6125533505,1272.272,0.708522611711712
845,422.524,0.7100048,0.840482,442.78,885.56,"2011_nk_172","Nush",2011,0.708650358333332,0.849687148333335,-4.49550000000132e-05,734.386101982274,850.6125533505,1272.272,0.708522611711712
846,423.048,0.7086875,0.8431458,443.304,886.608,"2011_nk_172","Nush",2011,0.708660401666666,0.848889501666669,-0.000797646666666707,734.386101982274,850.6125533505,1272.272,0.708522611711712
847,423.524,0.7086392,0.8258432,443.828,887.656,"2011_nk_172","Nush",2011,0.708664376666666,0.848163320000002,-0.000726181666666603,734.386101982274,850.6125533505,1272.272,0.708522611711712
848,424.048,0.7083987,0.8464323,444.352,888.704,"2011_nk_172","Nush",2011,0.708647568333333,0.848103775000002,-5.95450000000497e-05,734.386101982274,850.6125533505,1272.272,0.708522611711712
849,424.524,0.7082262,0.8298454,444.876,889.752,"2011_nk_172","Nush",2011,0.708652096666666,0.847631941666669,-0.000471833333333338,734.386101982274,850.6125533505,1272.272,0.708522611711712
850,425.048,0.7073994,0.8537477,445.4,890.8,"2011_nk_172","Nush",2011,0.708634703333332,0.847316856666669,-0.000315084999999882,734.386101982274,850.6125533505,1272.272,0.708522611711712
851,425.524,0.7087389,0.862898,445.924,891.848,"2011_nk_172","Nush",2011,0.708659381666666,0.846577128333336,-0.000739728333333356,734.386101982274,850.6125533505,1272.272,0.708522611711712
852,426.048,0.7092011,0.8394036,446.448,892.896,"2011_nk_172","Nush",2011,0.708660624999999,0.846280266666669,-0.000296861666666648,734.386101982274,850.6125533505,1272.272,0.708522611711712
853,426.524,0.7095769,0.8325256,446.972,893.944,"2011_nk_172","Nush",2011,0.708678196666666,0.845834715000002,-0.00044555166666671,734.386101982274,850.6125533505,1272.272,0.708522611711712
854,427.048,0.7086784,0.8587941,447.496,894.992,"2011_nk_172","Nush",2011,0.708662184999999,0.845539100000002,-0.000295615000000082,734.386101982274,850.6125533505,1272.272,0.708522611711712
855,427.524,0.7091692,0.8423692,448.02,896.04,"2011_nk_172","Nush",2011,0.708681364999999,0.844821336666669,-0.000717763333333288,734.386101982274,850.6125533505,1272.272,0.708522611711712
856,428.048,0.7088076,0.8561706,448.544,897.088,"2011_nk_172","Nush",2011,0.708689911666666,0.844295100000002,-0.000526236666666735,734.386101982274,850.6125533505,1272.272,0.708522611711712
857,428.524,0.7099097,0.8430193,449.068,898.136,"2011_nk_172","Nush",2011,0.708679269999999,0.843400300000002,-0.000894799999999973,734.386101982274,850.6125533505,1272.272,0.708522611711712
858,429.048,0.7093806,0.8390943,449.592,899.184,"2011_nk_172","Nush",2011,0.708705348333332,0.842674516666669,-0.000725783333333285,734.386101982274,850.6125533505,1272.272,0.708522611711712
859,429.524,0.7088146,0.8497444,450.116,900.232,"2011_nk_172","Nush",2011,0.708706739999999,0.841873735000002,-0.00080078166666675,734.386101982274,850.6125533505,1272.272,0.708522611711712
860,430.048,0.7066103,0.8578337,450.64,901.28,"2011_nk_172","Nush",2011,0.708708093333332,0.841538601666669,-0.000335133333333348,734.386101982274,850.6125533505,1272.272,0.708522611711712
861,430.524,0.7087746,0.86245,451.164,902.328,"2011_nk_172","Nush",2011,0.708745134999999,0.840926208333335,-0.000612393333333294,734.386101982274,850.6125533505,1272.272,0.708522611711712
862,431.048,0.7095185,0.8565752,451.688,903.376,"2011_nk_172","Nush",2011,0.708747683333332,0.839720865000002,-0.00120534333333333,734.386101982274,850.6125533505,1272.272,0.708522611711712
863,431.524,0.7078765,0.8406822,452.212,904.424,"2011_nk_172","Nush",2011,0.708781434999999,0.838717298333335,-0.00100356666666668,734.386101982274,850.6125533505,1272.272,0.708522611711712
864,432.048,0.7092855,0.8477464,452.736,905.472,"2011_nk_172","Nush",2011,0.708793046666666,0.838096476666669,-0.00062082166666666,734.386101982274,850.6125533505,1272.272,0.708522611711712
865,432.524,0.7088667,0.8465772,453.26,906.52,"2011_nk_172","Nush",2011,0.708780581666666,0.837520625000002,-0.000575851666666738,734.386101982274,850.6125533505,1272.272,0.708522611711712
866,433.048,0.7089531,0.842178,453.784,907.568,"2011_nk_172","Nush",2011,0.708764974999999,0.836809023333335,-0.000711601666666617,734.386101982274,850.6125533505,1272.272,0.708522611711712
867,433.524,0.7087898,0.860133,454.308,908.616,"2011_nk_172","Nush",2011,0.708729481666666,0.836336725000002,-0.000472298333333288,734.386101982274,850.6125533505,1272.272,0.708522611711712
868,434.048,0.7085283,0.8383775,454.832,909.664,"2011_nk_172","Nush",2011,0.708771833333332,0.835583881666669,-0.000752843333333364,734.386101982274,850.6125533505,1272.272,0.708522611711712
869,434.524,0.7078406,0.8208447,455.356,910.712,"2011_nk_172","Nush",2011,0.708786371666666,0.835007175000002,-0.000576706666666538,734.386101982274,850.6125533505,1272.272,0.708522611711712
870,435.048,0.7105112,0.8259697,455.88,911.76,"2011_nk_172","Nush",2011,0.708783568333332,0.834305273333335,-0.000701901666666727,734.386101982274,850.6125533505,1272.272,0.708522611711712
871,435.524,0.7108947,0.8491445,456.404,912.808,"2011_nk_172","Nush",2011,0.708764459999999,0.833862831666669,-0.000442441666666626,734.386101982274,850.6125533505,1272.272,0.708522611711712
872,436.048,0.7093482,0.8445362,456.928,913.856,"2011_nk_172","Nush",2011,0.708744323333332,0.832881463333335,-0.000981368333333399,734.386101982274,850.6125533505,1272.272,0.708522611711712
873,436.524,0.7085537,0.8349233,457.452,914.904,"2011_nk_172","Nush",2011,0.708725128333332,0.832291238333336,-0.000590224999999944,734.386101982274,850.6125533505,1272.272,0.708522611711712
874,437.048,0.7079378,0.8303172,457.976,915.952,"2011_nk_172","Nush",2011,0.708729174999999,0.831131405000002,-0.00115983333333325,734.386101982274,850.6125533505,1272.272,0.708522611711712
875,437.524,0.7077912,0.846225,458.5,917,"2011_nk_172","Nush",2011,0.708737299999999,0.830591000000002,-0.000540405000000077,734.386101982274,850.6125533505,1272.272,0.708522611711712
876,438.048,0.7085083,0.8326557,459.024,918.048,"2011_nk_172","Nush",2011,0.708739774999999,0.830164875000002,-0.000426124999999944,734.386101982274,850.6125533505,1272.272,0.708522611711712
877,438.524,0.7093615,0.8295129,459.548,919.096,"2011_nk_172","Nush",2011,0.708739136666666,0.829939711666669,-0.000225163333333445,734.386101982274,850.6125533505,1272.272,0.708522611711712
878,439.048,0.7079855,0.8392156,460.072,920.144,"2011_nk_172","Nush",2011,0.708751054999999,0.829153298333336,-0.000786413333333291,734.386101982274,850.6125533505,1272.272,0.708522611711712
879,439.524,0.7086372,0.818094,460.596,921.192,"2011_nk_172","Nush",2011,0.708745009999999,0.828515860000002,-0.000637438333333185,734.386101982274,850.6125533505,1272.272,0.708522611711712
880,440.048,0.7081314,0.8253904,461.12,922.24,"2011_nk_172","Nush",2011,0.708777408333333,0.827473201666669,-0.00104265833333339,734.386101982274,850.6125533505,1272.272,0.708522611711712
881,440.524,0.7098859,0.822643,461.644,923.288,"2011_nk_172","Nush",2011,0.708760594999999,0.826371841666669,-0.00110135999999994,734.386101982274,850.6125533505,1272.272,0.708522611711712
882,441.048,0.7091292,0.8232455,462.168,924.336,"2011_nk_172","Nush",2011,0.708763881666666,0.825701981666669,-0.000669860000000022,734.386101982274,850.6125533505,1272.272,0.708522611711712
883,441.524,0.7105092,0.806986,462.692,925.384,"2011_nk_172","Nush",2011,0.708775593333333,0.825143255000002,-0.000558726666666676,734.386101982274,850.6125533505,1272.272,0.708522611711712
884,442.048,0.7068343,0.8205238,463.216,926.432,"2011_nk_172","Nush",2011,0.708777564999999,0.824108971666669,-0.00103428333333333,734.386101982274,850.6125533505,1272.272,0.708522611711712
885,442.524,0.7093593,0.8109429,463.74,927.48,"2011_nk_172","Nush",2011,0.708759368333333,0.823374145000002,-0.000734826666666688,734.386101982274,850.6125533505,1272.272,0.708522611711712
886,443.048,0.7072726,0.833853,464.264,928.528,"2011_nk_172","Nush",2011,0.708761151666666,0.822304121666669,-0.00107002333333339,734.386101982274,850.6125533505,1272.272,0.708522611711712
887,443.524,0.7078833,0.8241757,464.788,929.576,"2011_nk_172","Nush",2011,0.708742746666666,0.821344978333336,-0.000959143333333246,734.386101982274,850.6125533505,1272.272,0.708522611711712
888,444.048,0.7099223,0.824425,465.312,930.624,"2011_nk_172","Nush",2011,0.708734021666666,0.820614968333336,-0.000730009999999948,734.386101982274,850.6125533505,1272.272,0.708522611711712
889,444.524,0.7087378,0.8155621,465.836,931.672,"2011_nk_172","Nush",2011,0.708737143333332,0.819536121666669,-0.00107884666666669,734.386101982274,850.6125533505,1272.272,0.708522611711712
890,445.048,0.7088016,0.8300349,466.36,932.72,"2011_nk_172","Nush",2011,0.708784588333332,0.818317721666669,-0.00121840000000006,734.386101982274,850.6125533505,1272.272,0.708522611711712
891,445.524,0.7094941,0.821303,466.884,933.768,"2011_nk_172","Nush",2011,0.708768359999999,0.817109193333336,-0.00120852833333329,734.386101982274,850.6125533505,1272.272,0.708522611711712
892,446.048,0.7088833,0.8069146,467.408,934.816,"2011_nk_172","Nush",2011,0.708758446666666,0.815905068333336,-0.001204125,734.386101982274,850.6125533505,1272.272,0.708522611711712
893,446.524,0.7100445,0.7994559,467.932,935.864,"2011_nk_172","Nush",2011,0.708772459999999,0.814871105000002,-0.00103396333333339,734.386101982274,850.6125533505,1272.272,0.708522611711712
894,447.048,0.7097286,0.807735,468.456,936.912,"2011_nk_172","Nush",2011,0.708794364999999,0.813945165000002,-0.000925940000000014,734.386101982274,850.6125533505,1272.272,0.708522611711712
895,447.524,0.7069782,0.8166203,468.98,937.96,"2011_nk_172","Nush",2011,0.708787278333332,0.813024980000002,-0.000920185000000018,734.386101982274,850.6125533505,1272.272,0.708522611711712
896,448.048,0.7087786,0.8078069,469.504,939.008,"2011_nk_172","Nush",2011,0.708786289999999,0.812100878333336,-0.000924101666666566,734.386101982274,850.6125533505,1272.272,0.708522611711712
897,448.524,0.7058536,0.8235861,470.028,940.056,"2011_nk_172","Nush",2011,0.708764323333332,0.810704675000002,-0.00139620333333335,734.386101982274,850.6125533505,1272.272,0.708522611711712
898,449.048,0.710073,0.8057982,470.552,941.104,"2011_nk_172","Nush",2011,0.708788443333332,0.809798733333336,-0.000905941666666576,734.386101982274,850.6125533505,1272.272,0.708522611711712
899,449.524,0.7087802,0.8120102,471.076,942.152,"2011_nk_172","Nush",2011,0.708791044999999,0.809387136666669,-0.000411596666666791,734.386101982274,850.6125533505,1272.272,0.708522611711712
900,450.048,0.7082332,0.8148144,471.6,943.2,"2011_nk_172","Nush",2011,0.708753063333332,0.808932410000002,-0.000454726666666572,734.386101982274,850.6125533505,1272.272,0.708522611711712
901,450.524,0.7077016,0.8221691,472.124,944.248,"2011_nk_172","Nush",2011,0.708703076666666,0.807843190000002,-0.00108922,734.386101982274,850.6125533505,1272.272,0.708522611711712
902,451.048,0.7079628,0.8057346,472.648,945.296,"2011_nk_172","Nush",2011,0.708680106666666,0.806797270000002,-0.00104591999999992,734.386101982274,850.6125533505,1272.272,0.708522611711712
903,451.524,0.7077818,0.8103164,473.172,946.344,"2011_nk_172","Nush",2011,0.708694258333333,0.805955315000002,-0.000841955000000061,734.386101982274,850.6125533505,1272.272,0.708522611711712
904,452.048,0.7087841,0.7883298,473.696,947.392,"2011_nk_172","Nush",2011,0.708737093333333,0.805066590000002,-0.000888724999999924,734.386101982274,850.6125533505,1272.272,0.708522611711712
905,452.524,0.7104923,0.8080577,474.22,948.44,"2011_nk_172","Nush",2011,0.708769786666666,0.804010571666669,-0.00105601833333335,734.386101982274,850.6125533505,1272.272,0.708522611711712
906,453.048,0.708836,0.8175783,474.744,949.488,"2011_nk_172","Nush",2011,0.708788699999999,0.803196430000002,-0.000814141666666712,734.386101982274,850.6125533505,1272.272,0.708522611711712
907,453.524,0.7086009,0.8123334,475.268,950.536,"2011_nk_172","Nush",2011,0.708766621666666,0.802400590000003,-0.000795839999999881,734.386101982274,850.6125533505,1272.272,0.708522611711712
908,454.048,0.7091138,0.7992475,475.792,951.584,"2011_nk_172","Nush",2011,0.708792064999999,0.801223781666669,-0.00117680833333333,734.386101982274,850.6125533505,1272.272,0.708522611711712
909,454.524,0.7078635,0.7915991,476.316,952.632,"2011_nk_172","Nush",2011,0.708795261666666,0.800372771666669,-0.000851009999999985,734.386101982274,850.6125533505,1272.272,0.708522611711712
910,455.048,0.7093433,0.7911882,476.84,953.68,"2011_nk_172","Nush",2011,0.708776048333333,0.799469336666669,-0.000903435000000008,734.386101982274,850.6125533505,1272.272,0.708522611711712
911,455.524,0.7077301,0.7968164,477.364,954.728,"2011_nk_172","Nush",2011,0.708741121666666,0.798684318333336,-0.000785018333333332,734.386101982274,850.6125533505,1272.272,0.708522611711712
912,456.048,0.7093983,0.799212,477.888,955.776,"2011_nk_172","Nush",2011,0.708731258333333,0.797879155000003,-0.000805163333333359,734.386101982274,850.6125533505,1272.272,0.708522611711712
913,456.524,0.7102796,0.799002,478.412,956.824,"2011_nk_172","Nush",2011,0.708695383333333,0.797294655000003,-0.000584499999999988,734.386101982274,850.6125533505,1272.272,0.708522611711712
914,457.048,0.7087967,0.7967371,478.936,957.872,"2011_nk_172","Nush",2011,0.708700708333333,0.796566301666669,-0.00072835333333332,734.386101982274,850.6125533505,1272.272,0.708522611711712
915,457.524,0.7080774,0.7982796,479.46,958.92,"2011_nk_172","Nush",2011,0.708704211666666,0.795992586666669,-0.00057371500000003,734.386101982274,850.6125533505,1272.272,0.708522611711712
916,458.048,0.7089146,0.7919692,479.984,959.968,"2011_nk_172","Nush",2011,0.708734423333333,0.795187111666669,-0.000805474999999944,734.386101982274,850.6125533505,1272.272,0.708522611711712
917,458.524,0.7088054,0.7854707,480.508,961.016,"2011_nk_172","Nush",2011,0.708712603333333,0.794546581666669,-0.000640529999999973,734.386101982274,850.6125533505,1272.272,0.708522611711712
918,459.048,0.7088571,0.7952937,481.032,962.064,"2011_nk_172","Nush",2011,0.708677931666666,0.793752076666669,-0.000794505000000001,734.386101982274,850.6125533505,1272.272,0.708522611711712
919,459.524,0.7090019,0.7850136,481.556,963.112,"2011_nk_172","Nush",2011,0.708662279999999,0.793109858333336,-0.000642218333333333,734.386101982274,850.6125533505,1272.272,0.708522611711712
920,460.048,0.709457,0.7847297,482.08,964.16,"2011_nk_172","Nush",2011,0.708649354999999,0.792050191666669,-0.00105966666666668,734.386101982274,850.6125533505,1272.272,0.708522611711712
921,460.524,0.7078009,0.7899383,482.604,965.208,"2011_nk_172","Nush",2011,0.708637313333333,0.791224888333336,-0.000825303333333416,734.386101982274,850.6125533505,1272.272,0.708522611711712
922,461.048,0.7089237,0.7843277,483.128,966.256,"2011_nk_172","Nush",2011,0.708625363333333,0.790651108333336,-0.000573779999999968,734.386101982274,850.6125533505,1272.272,0.708522611711712
923,461.524,0.7087173,0.7786444,483.652,967.304,"2011_nk_172","Nush",2011,0.708615008333333,0.790133255000003,-0.000517853333333318,734.386101982274,850.6125533505,1272.272,0.708522611711712
924,462.048,0.7105998,0.79219,484.176,968.352,"2011_nk_172","Nush",2011,0.708600178333333,0.789490780000003,-0.00064247499999992,734.386101982274,850.6125533505,1272.272,0.708522611711712
925,462.524,0.7084415,0.7913661,484.7,969.4,"2011_nk_172","Nush",2011,0.708622291666666,0.788739623333336,-0.000751156666666697,734.386101982274,850.6125533505,1272.272,0.708522611711712
926,463.048,0.7088938,0.7867319,485.224,970.448,"2011_nk_172","Nush",2011,0.708600134999999,0.788265956666669,-0.000473666666666706,734.386101982274,850.6125533505,1272.272,0.708522611711712
927,463.524,0.7074718,0.7763608,485.748,971.496,"2011_nk_172","Nush",2011,0.708654349999999,0.787368493333336,-0.000897463333333293,734.386101982274,850.6125533505,1272.272,0.708522611711712
928,464.048,0.7099755,0.784021,486.272,972.544,"2011_nk_172","Nush",2011,0.708655753333333,0.786798166666669,-0.000570326666666676,734.386101982274,850.6125533505,1272.272,0.708522611711712
929,464.524,0.7079967,0.7961489,486.796,973.592,"2011_nk_172","Nush",2011,0.708633978333333,0.786047946666669,-0.000750220000000024,734.386101982274,850.6125533505,1272.272,0.708522611711712
930,465.048,0.7082323,0.7986861,487.32,974.64,"2011_nk_172","Nush",2011,0.708681534999999,0.785140706666669,-0.000907239999999976,734.386101982274,850.6125533505,1272.272,0.708522611711712
931,465.524,0.7078955,0.7837913,487.844,975.688,"2011_nk_172","Nush",2011,0.708689796666666,0.784145023333336,-0.00099568333333333,734.386101982274,850.6125533505,1272.272,0.708522611711712
932,466.048,0.70797,0.781781,488.368,976.736,"2011_nk_172","Nush",2011,0.708692803333333,0.783452618333336,-0.000692405000000007,734.386101982274,850.6125533505,1272.272,0.708522611711712
933,466.524,0.7094028,0.784406,488.892,977.784,"2011_nk_172","Nush",2011,0.708694693333333,0.782686998333336,-0.000765619999999911,734.386101982274,850.6125533505,1272.272,0.708522611711712
934,467.048,0.7105079,0.7769937,489.416,978.832,"2011_nk_172","Nush",2011,0.708671694999999,0.782232710000003,-0.000454288333333386,734.386101982274,850.6125533505,1272.272,0.708522611711712
935,467.524,0.7097528,0.7828639,489.94,979.88,"2011_nk_172","Nush",2011,0.708641963333333,0.781250276666669,-0.000982433333333255,734.386101982274,850.6125533505,1272.272,0.708522611711712
936,468.048,0.7096431,0.7838072,490.464,980.928,"2011_nk_172","Nush",2011,0.708650553333332,0.780408528333336,-0.000841748333333392,734.386101982274,850.6125533505,1272.272,0.708522611711712
937,468.524,0.7080368,0.7817625,490.988,981.976,"2011_nk_172","Nush",2011,0.708654051666666,0.779681213333336,-0.000727314999999895,734.386101982274,850.6125533505,1272.272,0.708522611711712
938,469.048,0.7095121,0.7686071,491.512,983.024,"2011_nk_172","Nush",2011,0.708648394999999,0.779170688333336,-0.000510525000000039,734.386101982274,850.6125533505,1272.272,0.708522611711712
939,469.524,0.708829,0.7670334,492.036,984.072,"2011_nk_172","Nush",2011,0.708679856666666,0.778955870000003,-0.000214818333333366,734.386101982274,850.6125533505,1272.272,0.708522611711712
940,470.048,0.7069786,0.7711843,492.56,985.12,"2011_nk_172","Nush",2011,0.708650354999999,0.778568590000003,-0.00038727999999999,734.386101982274,850.6125533505,1272.272,0.708522611711712
941,470.524,0.7077903,0.7755419,493.084,986.168,"2011_nk_172","Nush",2011,0.708669926666666,0.778089783333336,-0.000478806666666665,734.386101982274,850.6125533505,1272.272,0.708522611711712
942,471.048,0.7085374,0.7749357,493.608,987.216,"2011_nk_172","Nush",2011,0.708652448333332,0.777451810000003,-0.000637973333333375,734.386101982274,850.6125533505,1272.272,0.708522611711712
943,471.524,0.7083567,0.771916,494.132,988.264,"2011_nk_172","Nush",2011,0.708633466666666,0.776920946666669,-0.000530863333333298,734.386101982274,850.6125533505,1272.272,0.708522611711712
944,472.048,0.7071538,0.7768226,494.656,989.312,"2011_nk_172","Nush",2011,0.708621841666666,0.776579436666669,-0.000341510000000045,734.386101982274,850.6125533505,1272.272,0.708522611711712
945,472.524,0.7095695,0.77652,495.18,990.36,"2011_nk_172","Nush",2011,0.708628063333332,0.776187585000003,-0.000391851666666665,734.386101982274,850.6125533505,1272.272,0.708522611711712
946,473.048,0.7090853,0.7855245,495.704,991.408,"2011_nk_172","Nush",2011,0.708604709999999,0.775751480000003,-0.00043610500000002,734.386101982274,850.6125533505,1272.272,0.708522611711712
947,473.524,0.7065741,0.7857439,496.228,992.456,"2011_nk_172","Nush",2011,0.708626336666666,0.775309921666669,-0.000441558333333258,734.386101982274,850.6125533505,1272.272,0.708522611711712
948,474.048,0.707842,0.7767547,496.752,993.504,"2011_nk_172","Nush",2011,0.708620839999999,0.774712283333336,-0.000597638333333372,734.386101982274,850.6125533505,1272.272,0.708522611711712
949,474.524,0.7077987,0.777029,497.276,994.552,"2011_nk_172","Nush",2011,0.708616171666666,0.774358155000003,-0.00035412833333337,734.386101982274,850.6125533505,1272.272,0.708522611711712
950,475.048,0.7080261,0.7664549,497.8,995.6,"2011_nk_172","Nush",2011,0.708597613333332,0.773842841666669,-0.000515313333333434,734.386101982274,850.6125533505,1272.272,0.708522611711712
951,475.524,0.7087716,0.7717848,498.324,996.648,"2011_nk_172","Nush",2011,0.708627971666666,0.773175538333336,-0.000667303333333313,734.386101982274,850.6125533505,1272.272,0.708522611711712
952,476.048,0.7081663,0.7724878,498.848,997.696,"2011_nk_172","Nush",2011,0.708607141666666,0.772577170000002,-0.000598368333333377,734.386101982274,850.6125533505,1272.272,0.708522611711712
953,476.524,0.7094232,0.7683847,499.372,998.744,"2011_nk_172","Nush",2011,0.708611808333332,0.772131513333336,-0.000445656666666516,734.386101982274,850.6125533505,1272.272,0.708522611711712
954,477.048,0.7088388,0.7691865,499.896,999.792,"2011_nk_172","Nush",2011,0.708604579999999,0.771502430000003,-0.000629083333333447,734.386101982274,850.6125533505,1272.272,0.708522611711712
955,477.524,0.708305,0.7715509,500.42,1000.84,"2011_nk_172","Nush",2011,0.708620043333333,0.770992741666669,-0.000509688333333314,734.386101982274,850.6125533505,1272.272,0.708522611711712
956,478.048,0.7074492,0.7793869,500.944,1001.888,"2011_nk_172","Nush",2011,0.708602596666666,0.770488353333336,-0.000504388333333328,734.386101982274,850.6125533505,1272.272,0.708522611711712
957,478.524,0.7091065,0.7697383,501.468,1002.936,"2011_nk_172","Nush",2011,0.708599048333333,0.769971531666669,-0.000516821666666667,734.386101982274,850.6125533505,1272.272,0.708522611711712
958,479.048,0.7101572,0.7715786,501.992,1003.984,"2011_nk_172","Nush",2011,0.708578479999999,0.769451230000003,-0.000520301666666612,734.386101982274,850.6125533505,1272.272,0.708522611711712
959,479.524,0.7074737,0.766997,502.516,1005.032,"2011_nk_172","Nush",2011,0.708588858333333,0.768535295000003,-0.000915934999999979,734.386101982274,850.6125533505,1272.272,0.708522611711712
960,480.048,0.7110866,0.76038,503.04,1006.08,"2011_nk_172","Nush",2011,0.708618734999999,0.767640006666669,-0.00089528833333341,734.386101982274,850.6125533505,1272.272,0.708522611711712
961,480.524,0.7081973,0.7624281,503.564,1007.128,"2011_nk_172","Nush",2011,0.708613081666666,0.766924151666669,-0.000715854999999932,734.386101982274,850.6125533505,1272.272,0.708522611711712
962,481.048,0.7081432,0.7641903,504.088,1008.176,"2011_nk_172","Nush",2011,0.708627439999999,0.766382725000003,-0.000541426666666678,734.386101982274,850.6125533505,1272.272,0.708522611711712
963,481.524,0.7078952,0.7643792,504.612,1009.224,"2011_nk_172","Nush",2011,0.708608186666666,0.765772338333336,-0.000610386666666685,734.386101982274,850.6125533505,1272.272,0.708522611711712
964,482.048,0.7074042,0.7610725,505.136,1010.272,"2011_nk_172","Nush",2011,0.708589429999999,0.765335480000003,-0.000436858333333401,734.386101982274,850.6125533505,1272.272,0.708522611711712
965,482.524,0.7087084,0.7491117,505.66,1011.32,"2011_nk_172","Nush",2011,0.708565701666666,0.764813618333336,-0.00052186166666679,734.386101982274,850.6125533505,1272.272,0.708522611711712
966,483.048,0.7093514,0.7670734,506.184,1012.368,"2011_nk_172","Nush",2011,0.708561766666666,0.764388025000002,-0.000425593333333252,734.386101982274,850.6125533505,1272.272,0.708522611711712
967,483.524,0.7088108,0.7686945,506.708,1013.416,"2011_nk_172","Nush",2011,0.708573024999999,0.763863316666669,-0.000524708333333401,734.386101982274,850.6125533505,1272.272,0.708522611711712
968,484.048,0.7087744,0.768616,507.232,1014.464,"2011_nk_172","Nush",2011,0.708546301666666,0.763699611666669,-0.00016370500000007,734.386101982274,850.6125533505,1272.272,0.708522611711712
969,484.524,0.7097512,0.77871,507.756,1015.512,"2011_nk_172","Nush",2011,0.708545701666666,0.763536410000002,-0.000163201666666613,734.386101982274,850.6125533505,1272.272,0.708522611711712
970,485.048,0.7075732,0.7679514,508.28,1016.56,"2011_nk_172","Nush",2011,0.708565376666666,0.763281741666669,-0.000254668333333319,734.386101982274,850.6125533505,1272.272,0.708522611711712
971,485.524,0.7089044,0.768088,508.804,1017.608,"2011_nk_172","Nush",2011,0.708586064999999,0.762882185000002,-0.000399556666666689,734.386101982274,850.6125533505,1272.272,0.708522611711712
972,486.048,0.7083496,0.7609336,509.328,1018.656,"2011_nk_172","Nush",2011,0.708589531666666,0.762489816666669,-0.000392368333333337,734.386101982274,850.6125533505,1272.272,0.708522611711712
973,486.524,0.7091407,0.7671502,509.852,1019.704,"2011_nk_172","Nush",2011,0.708581546666666,0.762195758333336,-0.000294058333333291,734.386101982274,850.6125533505,1272.272,0.708522611711712
974,487.048,0.7080992,0.7762465,510.376,1020.752,"2011_nk_172","Nush",2011,0.708589923333332,0.761883031666669,-0.000312726666666707,734.386101982274,850.6125533505,1272.272,0.708522611711712
975,487.524,0.7084507,0.7747685,510.9,1021.8,"2011_nk_172","Nush",2011,0.708570583333332,0.761526988333336,-0.000356043333333389,734.386101982274,850.6125533505,1272.272,0.708522611711712
976,488.048,0.7075134,0.7658029,511.424,1022.848,"2011_nk_172","Nush",2011,0.708572146666666,0.761077581666669,-0.000449406666666596,734.386101982274,850.6125533505,1272.272,0.708522611711712
977,488.524,0.710103,0.7589772,511.948,1023.896,"2011_nk_172","Nush",2011,0.708621388333332,0.760636165000002,-0.000441416666666639,734.386101982274,850.6125533505,1272.272,0.708522611711712
978,489.048,0.7085273,0.7594354,512.472,1024.944,"2011_nk_172","Nush",2011,0.708620753333333,0.760314181666669,-0.000321983333333442,734.386101982274,850.6125533505,1272.272,0.708522611711712
979,489.524,0.7087218,0.7637659,512.996,1025.992,"2011_nk_172","Nush",2011,0.708620263333332,0.760131408333336,-0.000182773333333275,734.386101982274,850.6125533505,1272.272,0.708522611711712
980,490.048,0.7083435,0.7538109,513.52,1027.04,"2011_nk_172","Nush",2011,0.708638858333332,0.760073518333336,-5.78900000000049e-05,734.386101982274,850.6125533505,1272.272,0.708522611711712
981,490.524,0.7096224,0.7499001,514.044,1028.088,"2011_nk_172","Nush",2011,0.708624668333332,0.759996533333336,-7.69849999999739e-05,734.386101982274,850.6125533505,1272.272,0.708522611711712
982,491.048,0.7076739,0.7484256,514.568,1029.136,"2011_nk_172","Nush",2011,0.708634754999999,0.759809588333336,-0.000186944999999938,734.386101982274,850.6125533505,1272.272,0.708522611711712
983,491.524,0.7089973,0.751905,515.092,1030.184,"2011_nk_172","Nush",2011,0.708625986666666,0.759939821666669,0.000130233333333396,734.386101982274,850.6125533505,1272.272,0.708522611711712
984,492.048,0.7101661,0.754445,515.616,1031.232,"2011_nk_172","Nush",2011,0.708614883333332,0.760182376666669,0.000242555000000033,734.386101982274,850.6125533505,1272.272,0.708522611711712
985,492.524,0.7093693,0.7607848,516.14,1032.28,"2011_nk_172","Nush",2011,0.708637153333332,0.760260136666669,7.77600000000378e-05,734.386101982274,850.6125533505,1272.272,0.708522611711712
986,493.048,0.707847,0.7564686,516.664,1033.328,"2011_nk_172","Nush",2011,0.708649204999999,0.760197293333336,-6.28433333333955e-05,734.386101982274,850.6125533505,1272.272,0.708522611711712
987,493.524,0.7072589,0.7453515,517.188,1034.376,"2011_nk_172","Nush",2011,0.708624459999999,0.760232503333336,3.52099999999522e-05,734.386101982274,850.6125533505,1272.272,0.708522611711712
988,494.048,0.7087414,0.7528029,517.712,1035.424,"2011_nk_172","Nush",2011,0.708602598333332,0.760255863333336,2.33600000000278e-05,734.386101982274,850.6125533505,1272.272,0.708522611711712
989,494.524,0.7086194,0.7411928,518.236,1036.472,"2011_nk_172","Nush",2011,0.708638191666666,0.760411993333336,0.000156129999999921,734.386101982274,850.6125533505,1272.272,0.708522611711712
990,495.048,0.7100249,0.7449688,518.76,1037.52,"2011_nk_172","Nush",2011,0.708594028333332,0.760600016666669,0.000188023333333454,734.386101982274,850.6125533505,1272.272,0.708522611711712
991,495.524,0.7075563,0.74084,519.284,1038.568,"2011_nk_172","Nush",2011,0.708631081666666,0.760801965000003,0.000201948333333313,734.386101982274,850.6125533505,1272.272,0.708522611711712
992,496.048,0.7088315,0.7492954,519.808,1039.616,"2011_nk_172","Nush",2011,0.708634334999999,0.761038593333336,0.000236628333333266,734.386101982274,850.6125533505,1272.272,0.708522611711712
993,496.524,0.7082476,0.7477828,520.332,1040.664,"2011_nk_172","Nush",2011,0.708633941666666,0.761356695000002,0.000318101666666681,734.386101982274,850.6125533505,1272.272,0.708522611711712
994,497.048,0.7093825,0.7507822,520.856,1041.712,"2011_nk_172","Nush",2011,0.708639696666666,0.761742200000002,0.000385505000000008,734.386101982274,850.6125533505,1272.272,0.708522611711712
995,497.524,0.7083291,0.7515522,521.38,1042.76,"2011_nk_172","Nush",2011,0.708648096666666,0.762348673333336,0.000606473333333302,734.386101982274,850.6125533505,1272.272,0.708522611711712
996,498.048,0.709407,0.7582716,521.904,1043.808,"2011_nk_172","Nush",2011,0.708630339999999,0.762809856666669,0.000461183333333337,734.386101982274,850.6125533505,1272.272,0.708522611711712
997,498.524,0.7087123,0.75028,522.428,1044.856,"2011_nk_172","Nush",2011,0.708593448333332,0.763113555000002,0.000303698333333324,734.386101982274,850.6125533505,1272.272,0.708522611711712
998,499.048,0.7079087,0.7587848,522.952,1045.904,"2011_nk_172","Nush",2011,0.708592778333332,0.763572255000002,0.000458700000000034,734.386101982274,850.6125533505,1272.272,0.708522611711712
999,499.524,0.708793,0.7572413,523.476,1046.952,"2011_nk_172","Nush",2011,0.708577829999999,0.763758323333336,0.000186068333333345,734.386101982274,850.6125533505,1272.272,0.708522611711712
1000,500.048,0.7081591,0.7559042,524,1048,"2011_nk_172","Nush",2011,0.708579271666666,0.764112055000002,0.000353731666666635,734.386101982274,850.6125533505,1272.272,0.708522611711712
1001,500.524,0.7090316,0.7515685,524.524,1049.048,"2011_nk_172","Nush",2011,0.708589648333332,0.764449021666669,0.000336966666666716,734.386101982274,850.6125533505,1272.272,0.708522611711712
1002,501.048,0.7087454,0.7513936,525.048,1050.096,"2011_nk_172","Nush",2011,0.708609806666666,0.765056618333336,0.000607596666666654,734.386101982274,850.6125533505,1272.272,0.708522611711712
1003,501.524,0.7078776,0.7542725,525.572,1051.144,"2011_nk_172","Nush",2011,0.708575121666666,0.765450910000002,0.000394291666666602,734.386101982274,850.6125533505,1272.272,0.708522611711712
1004,502.048,0.7076564,0.758059,526.096,1052.192,"2011_nk_172","Nush",2011,0.708623723333332,0.765956993333336,0.000506083333333462,734.386101982274,850.6125533505,1272.272,0.708522611711712
1005,502.524,0.7084091,0.7551574,526.62,1053.24,"2011_nk_172","Nush",2011,0.708632083333332,0.766453523333336,0.00049652999999994,734.386101982274,850.6125533505,1272.272,0.708522611711712
1006,503.048,0.7091791,0.7585601,527.144,1054.288,"2011_nk_172","Nush",2011,0.708651566666666,0.767256935000002,0.000803411666666642,734.386101982274,850.6125533505,1272.272,0.708522611711712
1007,503.524,0.7095286,0.7592589,527.668,1055.336,"2011_nk_172","Nush",2011,0.708617844999999,0.767919568333336,0.000662633333333273,734.386101982274,850.6125533505,1272.272,0.708522611711712
1008,504.048,0.7078039,0.7574357,528.192,1056.384,"2011_nk_172","Nush",2011,0.708632436666666,0.768610268333336,0.000690699999999933,734.386101982274,850.6125533505,1272.272,0.708522611711712
1009,504.524,0.7077693,0.7660626,528.716,1057.432,"2011_nk_172","Nush",2011,0.708639901666666,0.769168663333336,0.000558394999999989,734.386101982274,850.6125533505,1272.272,0.708522611711712
1010,505.048,0.7091418,0.7629815,529.24,1058.48,"2011_nk_172","Nush",2011,0.708637333333332,0.769888070000002,0.0007194066666667,734.386101982274,850.6125533505,1272.272,0.708522611711712
1011,505.524,0.7079202,0.7671657,529.764,1059.528,"2011_nk_172","Nush",2011,0.708619433333332,0.770738218333336,0.0008501483333333,734.386101982274,850.6125533505,1272.272,0.708522611711712
1012,506.048,0.7087715,0.7612711,530.288,1060.576,"2011_nk_172","Nush",2011,0.708641448333332,0.771592223333336,0.000854005000000102,734.386101982274,850.6125533505,1272.272,0.708522611711712
1013,506.524,0.7088971,0.7761987,530.812,1061.624,"2011_nk_172","Nush",2011,0.708609629999999,0.772380976666669,0.000788753333333392,734.386101982274,850.6125533505,1272.272,0.708522611711712
1014,507.048,0.7081726,0.7837398,531.336,1062.672,"2011_nk_172","Nush",2011,0.708609871666666,0.773061566666669,0.000680589999999981,734.386101982274,850.6125533505,1272.272,0.708522611711712
1015,507.524,0.7096412,0.7762165,531.86,1063.72,"2011_nk_172","Nush",2011,0.708630259999999,0.773673633333336,0.000612066666666689,734.386101982274,850.6125533505,1272.272,0.708522611711712
1016,508.048,0.7081723,0.7756163,532.384,1064.768,"2011_nk_172","Nush",2011,0.708607651666666,0.774271896666669,0.000598263333333238,734.386101982274,850.6125533505,1272.272,0.708522611711712
1017,508.524,0.7076218,0.7718509,532.908,1065.816,"2011_nk_172","Nush",2011,0.708638679999999,0.775147773333336,0.000875876666666664,734.386101982274,850.6125533505,1272.272,0.708522611711712
1018,509.048,0.7088455,0.7729802,533.432,1066.864,"2011_nk_172","Nush",2011,0.708613951666666,0.775988326666669,0.000840553333333327,734.386101982274,850.6125533505,1272.272,0.708522611711712
1019,509.524,0.7096093,0.7763648,533.956,1067.912,"2011_nk_172","Nush",2011,0.708616823333332,0.777089073333336,0.00110074666666671,734.386101982274,850.6125533505,1272.272,0.708522611711712
1020,510.048,0.7084368,0.7716614,534.48,1068.96,"2011_nk_172","Nush",2011,0.708569958333332,0.777802776666669,0.000713703333333426,734.386101982274,850.6125533505,1272.272,0.708522611711712
1021,510.524,0.7104205,0.774545,535.004,1070.008,"2011_nk_172","Nush",2011,0.708578751666666,0.778573935000002,0.000771158333333299,734.386101982274,850.6125533505,1272.272,0.708522611711712
1022,511.048,0.7083384,0.778388,535.528,1071.056,"2011_nk_172","Nush",2011,0.708572309999999,0.779298718333336,0.000724783333333368,734.386101982274,850.6125533505,1272.272,0.708522611711712
1023,511.524,0.7078716,0.7834653,536.052,1072.104,"2011_nk_172","Nush",2011,0.708596804999999,0.780084855000002,0.000786136666666604,734.386101982274,850.6125533505,1272.272,0.708522611711712
1024,512.048,0.7077495,0.7842028,536.576,1073.152,"2011_nk_172","Nush",2011,0.708589898333333,0.780662936666669,0.00057808166666673,734.386101982274,850.6125533505,1272.272,0.708522611711712
1025,512.524,0.7092124,0.7855001,537.1,1074.2,"2011_nk_172","Nush",2011,0.708590564999999,0.781268036666669,0.000605100000000025,734.386101982274,850.6125533505,1272.272,0.708522611711712
1026,513.048,0.708286,0.7947444,537.624,1075.248,"2011_nk_172","Nush",2011,0.708572194999999,0.781712921666669,0.000444885000000061,734.386101982274,850.6125533505,1272.272,0.708522611711712
1027,513.524,0.7065973,0.7869164,538.148,1076.296,"2011_nk_172","Nush",2011,0.708568151666666,0.782246930000003,0.000534008333333391,734.386101982274,850.6125533505,1272.272,0.708522611711712
1028,514.048,0.7087342,0.796138,538.672,1077.344,"2011_nk_172","Nush",2011,0.708590648333333,0.782650780000003,0.000403849999999983,734.386101982274,850.6125533505,1272.272,0.708522611711712
1029,514.524,0.7088543,0.7898741,539.196,1078.392,"2011_nk_172","Nush",2011,0.708597523333333,0.782905908333336,0.000255128333333299,734.386101982274,850.6125533505,1272.272,0.708522611711712
1030,515.048,0.7076597,0.7891753,539.72,1079.44,"2011_nk_172","Nush",2011,0.708604728333333,0.783245160000003,0.000339251666666818,734.386101982274,850.6125533505,1272.272,0.708522611711712
1031,515.524,0.709527,0.788306,540.244,1080.488,"2011_nk_172","Nush",2011,0.708608043333333,0.783611258333336,0.000366098333333231,734.386101982274,850.6125533505,1272.272,0.708522611711712
1032,516.048,0.7095591,0.7973894,540.768,1081.536,"2011_nk_172","Nush",2011,0.708625879999999,0.784015058333336,0.000403800000000065,734.386101982274,850.6125533505,1272.272,0.708522611711712
1033,516.524,0.7070596,0.7908077,541.292,1082.584,"2011_nk_172","Nush",2011,0.708620469999999,0.784152913333336,0.000137854999999965,734.386101982274,850.6125533505,1272.272,0.708522611711712
1034,517.048,0.7110153,0.8066115,541.816,1083.632,"2011_nk_172","Nush",2011,0.708661786666666,0.784142230000003,-1.06833333334277e-05,734.386101982274,850.6125533505,1272.272,0.708522611711712
1035,517.524,0.7089523,0.8045603,542.34,1084.68,"2011_nk_172","Nush",2011,0.708640601666666,0.783936658333336,-0.000205571666666682,734.386101982274,850.6125533505,1272.272,0.708522611711712
1036,518.048,0.7086824,0.8140076,542.864,1085.728,"2011_nk_172","Nush",2011,0.708639064999999,0.783768661666669,-0.000167996666666559,734.386101982274,850.6125533505,1272.272,0.708522611711712
1037,518.524,0.7080797,0.7987352,543.388,1086.776,"2011_nk_172","Nush",2011,0.708636029999999,0.783550216666669,-0.000218445000000123,734.386101982274,850.6125533505,1272.272,0.708522611711712
1038,519.048,0.7094028,0.8008774,543.912,1087.824,"2011_nk_172","Nush",2011,0.708670008333333,0.783369606666669,-0.000180609999999914,734.386101982274,850.6125533505,1272.272,0.708522611711712
1039,519.524,0.7091697,0.7972696,544.436,1088.872,"2011_nk_172","Nush",2011,0.708691553333333,0.782729500000003,-0.000640106666666695,734.386101982274,850.6125533505,1272.272,0.708522611711712
1040,520.048,0.7081894,0.7969753,544.96,1089.92,"2011_nk_172","Nush",2011,0.708676814999999,0.782138630000003,-0.000590870000000021,734.386101982274,850.6125533505,1272.272,0.708522611711712
1041,520.524,0.7085484,0.800909,545.484,1090.968,"2011_nk_172","Nush",2011,0.708696873333333,0.781266546666669,-0.000872083333333329,734.386101982274,850.6125533505,1272.272,0.708522611711712
1042,521.048,0.7089948,0.7996659,546.008,1092.016,"2011_nk_172","Nush",2011,0.708710599999999,0.780665143333336,-0.000601403333333361,734.386101982274,850.6125533505,1272.272,0.708522611711712
1043,521.524,0.7070882,0.7992302,546.532,1093.064,"2011_nk_172","Nush",2011,0.708712498333333,0.779753710000003,-0.000911433333333211,734.386101982274,850.6125533505,1272.272,0.708522611711712
1044,522.048,0.7101806,0.7952804,547.056,1094.112,"2011_nk_172","Nush",2011,0.708690974999999,0.778671003333336,-0.00108270666666666,734.386101982274,850.6125533505,1272.272,0.708522611711712
1045,522.524,0.7105926,0.7975088,547.58,1095.16,"2011_nk_172","Nush",2011,0.708678643333333,0.777666661666669,-0.00100434166666663,734.386101982274,850.6125533505,1272.272,0.708522611711712
1046,523.048,0.7064905,0.7923644,548.104,1096.208,"2011_nk_172","Nush",2011,0.708690231666666,0.776505148333336,-0.00116151333333325,734.386101982274,850.6125533505,1272.272,0.708522611711712
1047,523.524,0.7091206,0.7979041,548.628,1097.256,"2011_nk_172","Nush",2011,0.708710528333333,0.775403195000003,-0.00110195333333341,734.386101982274,850.6125533505,1272.272,0.708522611711712
1048,524.048,0.7072577,0.8032361,549.152,1098.304,"2011_nk_172","Nush",2011,0.708714026666666,0.774300906666669,-0.00110228833333337,734.386101982274,850.6125533505,1272.272,0.708522611711712
1049,524.524,0.7087917,0.8072376,549.676,1099.352,"2011_nk_172","Nush",2011,0.708683338333333,0.773098620000003,-0.00120228666666666,734.386101982274,850.6125533505,1272.272,0.708522611711712
1050,525.048,0.707213,0.787791,550.2,1100.4,"2011_nk_172","Nush",2011,0.708673316666666,0.772060385000003,-0.001038235,734.386101982274,850.6125533505,1272.272,0.708522611711712
1051,525.524,0.7080839,0.7871095,550.724,1101.448,"2011_nk_172","Nush",2011,0.708627059999999,0.771071331666669,-0.000989053333333323,734.386101982274,850.6125533505,1272.272,0.708522611711712
1052,526.048,0.708445,0.7927824,551.248,1102.496,"2011_nk_172","Nush",2011,0.708632559999999,0.769927031666669,-0.00114429999999999,734.386101982274,850.6125533505,1272.272,0.708522611711712
1053,526.524,0.7097173,0.794951,551.772,1103.544,"2011_nk_172","Nush",2011,0.708615539999999,0.768648788333336,-0.00127824333333348,734.386101982274,850.6125533505,1272.272,0.708522611711712
1054,527.048,0.7089681,0.7854671,552.296,1104.592,"2011_nk_172","Nush",2011,0.708612306666666,0.767371400000003,-0.00127738833333335,734.386101982274,850.6125533505,1272.272,0.708522611711712
1055,527.524,0.7083691,0.7878582,552.82,1105.64,"2011_nk_172","Nush",2011,0.708592754999999,0.766464295000003,-0.000907105000000019,734.386101982274,850.6125533505,1272.272,0.708522611711712
1056,528.048,0.7083048,0.7849647,553.344,1106.688,"2011_nk_172","Nush",2011,0.708594666666666,0.765522251666669,-0.000942043333333364,734.386101982274,850.6125533505,1272.272,0.708522611711712
1057,528.524,0.7084697,0.7823205,553.868,1107.736,"2011_nk_172","Nush",2011,0.708635861666666,0.764964180000003,-0.000558071666666549,734.386101982274,850.6125533505,1272.272,0.708522611711712
1058,529.048,0.7092585,0.7830158,554.392,1108.784,"2011_nk_172","Nush",2011,0.708622583333333,0.764328548333336,-0.000635631666666803,734.386101982274,850.6125533505,1272.272,0.708522611711712
1059,529.524,0.7092055,0.772549,554.916,1109.832,"2011_nk_172","Nush",2011,0.708619383333333,0.763698395000003,-0.000630153333333272,734.386101982274,850.6125533505,1272.272,0.708522611711712
1060,530.048,0.7085914,0.7762593,555.44,1110.88,"2011_nk_172","Nush",2011,0.708643588333333,0.763115745000003,-0.000582650000000018,734.386101982274,850.6125533505,1272.272,0.708522611711712
1061,530.524,0.7092305,0.7735344,555.964,1111.928,"2011_nk_172","Nush",2011,0.708615834999999,0.762835496666669,-0.000280248333333288,734.386101982274,850.6125533505,1272.272,0.708522611711712
1062,531.048,0.7098156,0.7756216,556.488,1112.976,"2011_nk_172","Nush",2011,0.708606028333333,0.762555735000003,-0.000279761666666656,734.386101982274,850.6125533505,1272.272,0.708522611711712
1063,531.524,0.707553,0.7625438,557.012,1114.024,"2011_nk_172","Nush",2011,0.708634118333333,0.762668221666669,0.000112486666666634,734.386101982274,850.6125533505,1272.272,0.708522611711712
1064,532.048,0.7101354,0.757418,557.536,1115.072,"2011_nk_172","Nush",2011,0.708580129999999,0.762737753333336,6.95316666667889e-05,734.386101982274,850.6125533505,1272.272,0.708522611711712
1065,532.524,0.707138,0.7428231,558.06,1116.12,"2011_nk_172","Nush",2011,0.708578089999999,0.762808623333336,7.08700000000562e-05,734.386101982274,850.6125533505,1272.272,0.708522611711712
1066,533.048,0.7090869,0.7484803,558.584,1117.168,"2011_nk_172","Nush",2011,0.708610749999999,0.763198540000003,0.000389916666666656,734.386101982274,850.6125533505,1272.272,0.708522611711712
1067,533.524,0.7093465,0.7461522,559.108,1118.216,"2011_nk_172","Nush",2011,0.708617048333332,0.764128490000003,0.000929949999999957,734.386101982274,850.6125533505,1272.272,0.708522611711712
1068,534.048,0.7098426,0.7465991,559.632,1119.264,"2011_nk_172","Nush",2011,0.708615783333333,0.765431451666669,0.00130296166666666,734.386101982274,850.6125533505,1272.272,0.708522611711712
1069,534.524,0.709062,0.7276562,560.156,1120.312,"2011_nk_172","Nush",2011,0.708614956666666,0.767033561666669,0.00160210999999999,734.386101982274,850.6125533505,1272.272,0.708522611711712
1070,535.048,0.7082575,0.7275293,560.68,1121.36,"2011_nk_172","Nush",2011,0.708640208333333,0.768837993333336,0.00180443166666655,734.386101982274,850.6125533505,1272.272,0.708522611711712
1071,535.524,0.7091237,0.7148407,561.204,1122.408,"2011_nk_172","Nush",2011,0.708644363333333,0.770796698333336,0.00195870500000006,734.386101982274,850.6125533505,1272.272,0.708522611711712
1072,536.048,0.7095951,0.7251869,561.728,1123.456,"2011_nk_172","Nush",2011,0.708635178333333,0.773026458333336,0.00222975999999997,734.386101982274,850.6125533505,1272.272,0.708522611711712
1073,536.524,0.709011,0.7215127,562.252,1124.504,"2011_nk_172","Nush",2011,0.708681199999999,0.775795253333336,0.00276879499999994,734.386101982274,850.6125533505,1272.272,0.708522611711712
1074,537.048,0.7068812,0.7187774,562.776,1125.552,"2011_nk_172","Nush",2011,0.708657579999999,0.778698621666669,0.00290336833333338,734.386101982274,850.6125533505,1272.272,0.708522611711712
1075,537.524,0.7089013,0.715956,563.3,1126.6,"2011_nk_172","Nush",2011,0.708636171666666,0.782135893333336,0.00343727166666674,734.386101982274,850.6125533505,1272.272,0.708522611711712
1076,538.048,0.7088676,0.7059255,563.824,1127.648,"2011_nk_172","Nush",2011,0.708690093333333,0.786341230000003,0.00420533666666667,734.386101982274,850.6125533505,1272.272,0.708522611711712
1077,538.524,0.7088396,0.7057337,564.348,1128.696,"2011_nk_172","Nush",2011,0.708671934999999,0.790713481666669,0.00437225166666666,734.386101982274,850.6125533505,1272.272,0.708522611711712
1078,539.048,0.7090554,0.7068429,564.872,1129.744,"2011_nk_172","Nush",2011,0.708698538333333,0.795368470000003,0.00465498833333333,734.386101982274,850.6125533505,1272.272,0.708522611711712
1079,539.524,0.707768,0.7042276,565.396,1130.792,"2011_nk_172","Nush",2011,0.708679793333333,0.800562070000003,0.00519360000000002,734.386101982274,850.6125533505,1272.272,0.708522611711712
1080,540.048,0.7078355,0.7093673,565.92,1131.84,"2011_nk_172","Nush",2011,0.708709223333333,0.806558983333336,0.0059969133333333,734.386101982274,850.6125533505,1272.272,0.708522611711712
1081,540.524,0.7076451,0.7152018,566.444,1132.888,"2011_nk_172","Nush",2011,0.708709304999999,0.813474578333336,0.00691559500000005,734.386101982274,850.6125533505,1272.272,0.708522611711712
1082,541.048,0.7086684,0.70973,566.968,1133.936,"2011_nk_172","Nush",2011,0.708722553333333,0.820513331666669,0.00703875333333337,734.386101982274,850.6125533505,1272.272,0.708522611711712
1083,541.524,0.7068504,0.7067707,567.492,1134.984,"2011_nk_172","Nush",2011,0.708716248333333,0.828087046666669,0.00757371499999993,734.386101982274,850.6125533505,1272.272,0.708522611711712
1084,542.048,0.7075555,0.7075595,568.016,1136.032,"2011_nk_172","Nush",2011,0.708700628333333,0.835984270000003,0.00789722333333331,734.386101982274,850.6125533505,1272.272,0.708522611711712
1085,542.524,0.7080393,0.7310738,568.54,1137.08,"2011_nk_172","Nush",2011,0.708712886666666,0.844224588333336,0.00824031833333339,734.386101982274,850.6125533505,1272.272,0.708522611711712
1086,543.048,0.7084007,0.7382218,569.064,1138.128,"2011_nk_172","Nush",2011,0.708716036666666,0.853918301666669,0.00969371333333324,734.386101982274,850.6125533505,1272.272,0.708522611711712
1087,543.524,0.709069,0.7534321,569.588,1139.176,"2011_nk_172","Nush",2011,0.708717758333333,0.864194048333336,0.0102757466666668,734.386101982274,850.6125533505,1272.272,0.708522611711712
1088,544.048,0.7079375,0.7580001,570.112,1140.224,"2011_nk_172","Nush",2011,0.708705676666666,0.874675470000003,0.0104814216666667,734.386101982274,850.6125533505,1272.272,0.708522611711712
1089,544.524,0.7086623,0.7520649,570.636,1141.272,"2011_nk_172","Nush",2011,0.708702728333333,0.885417350000003,0.01074188,734.386101982274,850.6125533505,1272.272,0.708522611711712
1090,545.048,0.709112,0.7542163,571.16,1142.32,"2011_nk_172","Nush",2011,0.708698783333333,0.896565985000003,0.011148635,734.386101982274,850.6125533505,1272.272,0.708522611711712
1091,545.524,0.7078618,0.7714911,571.684,1143.368,"2011_nk_172","Nush",2011,0.708701674999999,0.908615276666669,0.0120492916666667,734.386101982274,850.6125533505,1272.272,0.708522611711712
1092,546.048,0.7089707,0.7806037,572.208,1144.416,"2011_nk_172","Nush",2011,0.708680734999999,0.921558723333336,0.0129434466666667,734.386101982274,850.6125533505,1272.272,0.708522611711712
1093,546.524,0.708745,0.7975569,572.732,1145.464,"2011_nk_172","Nush",2011,0.708707058333333,0.935635923333336,0.0140772,734.386101982274,850.6125533505,1272.272,0.708522611711712
1094,547.048,0.707776,0.8107834,573.256,1146.512,"2011_nk_172","Nush",2011,0.708694039999999,0.950010055000003,0.0143741316666667,734.386101982274,850.6125533505,1272.272,0.708522611711712
1095,547.524,0.7088299,0.8088125,573.78,1147.56,"2011_nk_172","Nush",2011,0.708722071666666,0.965083846666669,0.0150737916666666,734.386101982274,850.6125533505,1272.272,0.708522611711712
1096,548.048,0.710642,0.8374026,574.304,1148.608,"2011_nk_172","Nush",2011,0.708726069999999,0.980527420000003,0.0154435733333333,734.386101982274,850.6125533505,1272.272,0.708522611711712
1097,548.524,0.7084576,0.8545322,574.828,1149.656,"2011_nk_172","Nush",2011,0.708724731666666,0.996743973333336,0.0162165533333333,734.386101982274,850.6125533505,1272.272,0.708522611711712
1098,549.048,0.7093269,0.8790551,575.352,1150.704,"2011_nk_172","Nush",2011,0.708707031666666,1.01353022,0.0167862466666666,734.386101982274,850.6125533505,1272.272,0.708522611711712
1099,549.524,0.7091201,0.8933962,575.876,1151.752,"2011_nk_172","Nush",2011,0.708710141666666,1.031552345,0.0180221250000001,734.386101982274,850.6125533505,1272.272,0.708522611711712
1100,550.048,0.7097045,0.9052412,576.4,1152.8,"2011_nk_172","Nush",2011,0.708704104999999,1.05009026333334,0.0185379183333332,734.386101982274,850.6125533505,1272.272,0.708522611711712
1101,550.524,0.7087977,0.9184313,576.924,1153.848,"2011_nk_172","Nush",2011,0.708716176666666,1.06926579166667,0.0191755283333335,734.386101982274,850.6125533505,1272.272,0.708522611711712
1102,551.048,0.7084437,0.9334515,577.448,1154.896,"2011_nk_172","Nush",2011,0.708717346666666,1.08876227333334,0.0194964816666667,734.386101982274,850.6125533505,1272.272,0.708522611711712
1103,551.524,0.7098495,0.9653579,577.972,1155.944,"2011_nk_172","Nush",2011,0.708719353333333,1.10918887,0.0204265966666666,734.386101982274,850.6125533505,1272.272,0.708522611711712
1104,552.048,0.7087634,0.9694825,578.496,1156.992,"2011_nk_172","Nush",2011,0.708749369999999,1.12978607,0.0205971999999999,734.386101982274,850.6125533505,1272.272,0.708522611711712
1105,552.524,0.7093081,1.0037451,579.02,1158.04,"2011_nk_172","Nush",2011,0.708742493333333,1.15149343,0.02170736,734.386101982274,850.6125533505,1272.272,0.708522611711712
1106,553.048,0.7097258,1.0446846,579.544,1159.088,"2011_nk_172","Nush",2011,0.708745188333333,1.17335562666667,0.0218621966666668,734.386101982274,850.6125533505,1272.272,0.708522611711712
1107,553.524,0.7080311,1.0602392,580.068,1160.136,"2011_nk_172","Nush",2011,0.708746733333333,1.19520217833334,0.0218465516666666,734.386101982274,850.6125533505,1272.272,0.708522611711712
1108,554.048,0.7088539,1.0825354,580.592,1161.184,"2011_nk_172","Nush",2011,0.708753678333333,1.21736825833334,0.0221660800000001,734.386101982274,850.6125533505,1272.272,0.708522611711712
1109,554.524,0.707667,1.1188536,581.116,1162.232,"2011_nk_172","Nush",2011,0.708767641666666,1.23946397333334,0.0220957149999998,734.386101982274,850.6125533505,1272.272,0.708522611711712
1110,555.048,0.7089788,1.1476058,581.64,1163.28,"2011_nk_172","Nush",2011,0.708774346666666,1.26222473166667,0.0227607583333334,734.386101982274,850.6125533505,1272.272,0.708522611711712
1111,555.524,0.7080888,1.2020452,582.164,1164.328,"2011_nk_172","Nush",2011,0.708799268333333,1.28503885666667,0.022814125,734.386101982274,850.6125533505,1272.272,0.708522611711712
1112,556.048,0.7092399,1.2151076,582.688,1165.376,"2011_nk_172","Nush",2011,0.708796691666666,1.30817957666667,0.0231407199999998,734.386101982274,850.6125533505,1272.272,0.708522611711712
1113,556.524,0.709339,1.2493739,583.212,1166.424,"2011_nk_172","Nush",2011,0.708840746666666,1.331111195,0.0229316183333335,734.386101982274,850.6125533505,1272.272,0.708522611711712
1114,557.048,0.7080309,1.2593005,583.736,1167.472,"2011_nk_172","Nush",2011,0.708869291666666,1.35430786,0.023196665,734.386101982274,850.6125533505,1272.272,0.708522611711712
1115,557.524,0.7091046,1.2822773,584.26,1168.52,"2011_nk_172","Nush",2011,0.708891503333333,1.37692791,0.02262005,734.386101982274,850.6125533505,1272.272,0.708522611711712
1116,558.048,0.7084938,1.3665875,584.784,1169.568,"2011_nk_172","Nush",2011,0.708901671666666,1.40035879333334,0.0234308833333332,734.386101982274,850.6125533505,1272.272,0.708522611711712
1117,558.524,0.708573,1.3988653,585.308,1170.616,"2011_nk_172","Nush",2011,0.708894111666666,1.42333495666667,0.0229761633333332,734.386101982274,850.6125533505,1272.272,0.708522611711712
1118,559.048,0.7085336,1.4119011,585.832,1171.664,"2011_nk_172","Nush",2011,0.708924201666666,1.44637053166667,0.0230355750000002,734.386101982274,850.6125533505,1272.272,0.708522611711712
1119,559.524,0.7090286,1.4170618,586.356,1172.712,"2011_nk_172","Nush",2011,0.708932396666666,1.46983778666667,0.0234672549999999,734.386101982274,850.6125533505,1272.272,0.708522611711712
1120,560.048,0.7083547,1.4451774,586.88,1173.76,"2011_nk_172","Nush",2011,0.708927021666666,1.49307134166667,0.0232335549999998,734.386101982274,850.6125533505,1272.272,0.708522611711712
1121,560.524,0.709404,1.4964919,587.404,1174.808,"2011_nk_172","Nush",2011,0.708948955,1.51693121166667,0.0238598700000001,734.386101982274,850.6125533505,1272.272,0.708522611711712
1122,561.048,0.7085592,1.5522284,587.928,1175.856,"2011_nk_172","Nush",2011,0.708954111666666,1.54110156,0.0241703483333333,734.386101982274,850.6125533505,1272.272,0.708522611711712
1123,561.524,0.7091324,1.6071758,588.452,1176.904,"2011_nk_172","Nush",2011,0.708957181666666,1.56476433,0.0236627700000001,734.386101982274,850.6125533505,1272.272,0.708522611711712
1124,562.048,0.7093543,1.6198659,588.976,1177.952,"2011_nk_172","Nush",2011,0.708984894999999,1.58807663333334,0.0233123033333333,734.386101982274,850.6125533505,1272.272,0.708522611711712
1125,562.524,0.7088199,1.6472506,589.5,1179,"2011_nk_172","Nush",2011,0.708987713333333,1.61148566,0.0234090266666667,734.386101982274,850.6125533505,1272.272,0.708522611711712
1126,563.048,0.7093268,1.6750947,590.024,1180.048,"2011_nk_172","Nush",2011,0.708961468333333,1.63486589,0.0233802299999999,734.386101982274,850.6125533505,1272.272,0.708522611711712
1127,563.524,0.7092662,1.7191454,590.548,1181.096,"2011_nk_172","Nush",2011,0.708966646666666,1.657974605,0.0231087150000002,734.386101982274,850.6125533505,1272.272,0.708522611711712
1128,564.048,0.7087806,1.7537739,591.072,1182.144,"2011_nk_172","Nush",2011,0.708963048333333,1.68088651833334,0.0229119133333333,734.386101982274,850.6125533505,1272.272,0.708522611711712
1129,564.524,0.7092486,1.8089837,591.596,1183.192,"2011_nk_172","Nush",2011,0.708962033333333,1.70293165666667,0.0220451383333333,734.386101982274,850.6125533505,1272.272,0.708522611711712
1130,565.048,0.7078953,1.8398044,592.12,1184.24,"2011_nk_172","Nush",2011,0.708958836666666,1.72403672666667,0.0211050699999999,734.386101982274,850.6125533505,1272.272,0.708522611711712
1131,565.524,0.709848,1.8653724,592.644,1185.288,"2011_nk_172","Nush",2011,0.708979746666666,1.74626926,0.0222325333333333,734.386101982274,850.6125533505,1272.272,0.708522611711712
1132,566.048,0.7096653,1.8949758,593.168,1186.336,"2011_nk_172","Nush",2011,0.708997716666666,1.76786748666667,0.0215982266666668,734.386101982274,850.6125533505,1272.272,0.708522611711712
1133,566.524,0.7091314,1.9471085,593.692,1187.384,"2011_nk_172","Nush",2011,0.708990778333333,1.78903239333334,0.0211649066666666,734.386101982274,850.6125533505,1272.272,0.708522611711712
1134,567.048,0.7086822,1.9546094,594.216,1188.432,"2011_nk_172","Nush",2011,0.708994581666666,1.81047002333334,0.0214376299999999,734.386101982274,850.6125533505,1272.272,0.708522611711712
1135,567.524,0.7084887,2.0183976,594.74,1189.48,"2011_nk_172","Nush",2011,0.708988421666666,1.83142712,0.0209570966666668,734.386101982274,850.6125533505,1272.272,0.708522611711712
1136,568.048,0.7090293,2.0176573,595.264,1190.528,"2011_nk_172","Nush",2011,0.708985403333333,1.85131100166667,0.0198838816666669,734.386101982274,850.6125533505,1272.272,0.708522611711712
1137,568.524,0.7089323,2.0165268,595.788,1191.576,"2011_nk_172","Nush",2011,0.70900435,1.87138740333334,0.0200764016666668,734.386101982274,850.6125533505,1272.272,0.708522611711712
1138,569.048,0.7094721,2.0368077,596.312,1192.624,"2011_nk_172","Nush",2011,0.709008891666666,1.891005725,0.0196183216666665,734.386101982274,850.6125533505,1272.272,0.708522611711712
1139,569.524,0.7086058,2.0299705,596.836,1193.672,"2011_nk_172","Nush",2011,0.709040955,1.91038545333334,0.0193797283333335,734.386101982274,850.6125533505,1272.272,0.708522611711712
1140,570.048,0.7082378,2.0750128,597.36,1194.72,"2011_nk_172","Nush",2011,0.709049523333333,1.92869421833334,0.018308765,734.386101982274,850.6125533505,1272.272,0.708522611711712
1141,570.524,0.7091404,2.0840493,597.884,1195.768,"2011_nk_172","Nush",2011,0.709066791666666,1.94613953166667,0.0174453133333332,734.386101982274,850.6125533505,1272.272,0.708522611711712
1142,571.048,0.7085138,2.0981732,598.408,1196.816,"2011_nk_172","Nush",2011,0.709071075,1.96390368166667,0.0177641499999999,734.386101982274,850.6125533505,1272.272,0.708522611711712
1143,571.524,0.7094937,2.0826678,598.932,1197.864,"2011_nk_172","Nush",2011,0.709071968333333,1.98086178333334,0.0169581016666667,734.386101982274,850.6125533505,1272.272,0.708522611711712
1144,572.048,0.7092682,2.0993594,599.456,1198.912,"2011_nk_172","Nush",2011,0.70909304,1.99823769666667,0.0173759133333335,734.386101982274,850.6125533505,1272.272,0.708522611711712
1145,572.524,0.709372,2.0882768,599.98,1199.96,"2011_nk_172","Nush",2011,0.709090413333333,2.014957975,0.0167202783333333,734.386101982274,850.6125533505,1272.272,0.708522611711712
1146,573.048,0.7090108,2.1440748,600.504,1201.008,"2011_nk_172","Nush",2011,0.709097671666666,2.03037434166667,0.0154163666666665,734.386101982274,850.6125533505,1272.272,0.708522611711712
1147,573.524,0.7086154,2.1320019,601.028,1202.056,"2011_nk_172","Nush",2011,0.709108086666666,2.04490318,0.0145288383333333,734.386101982274,850.6125533505,1272.272,0.708522611711712
1148,574.048,0.7097429,2.1401346,601.552,1203.104,"2011_nk_172","Nush",2011,0.709123485,2.05988819166667,0.0149850116666665,734.386101982274,850.6125533505,1272.272,0.708522611711712
1149,574.524,0.709154,2.1601002,602.076,1204.152,"2011_nk_172","Nush",2011,0.709112225,2.07485025833334,0.014962066666667,734.386101982274,850.6125533505,1272.272,0.708522611711712
1150,575.048,0.7087895,2.1482296,602.6,1205.2,"2011_nk_172","Nush",2011,0.709137606666666,2.09002205166667,0.0151717933333333,734.386101982274,850.6125533505,1272.272,0.708522611711712
1151,575.524,0.7091778,2.2030833,603.124,1206.248,"2011_nk_172","Nush",2011,0.709129741666666,2.10404007166667,0.01401802,734.386101982274,850.6125533505,1272.272,0.708522611711712
1152,576.048,0.7092801,2.2308246,603.648,1207.296,"2011_nk_172","Nush",2011,0.709135065,2.116278435,0.0122383633333332,734.386101982274,850.6125533505,1272.272,0.708522611711712
1153,576.524,0.7089292,2.2173231,604.172,1208.344,"2011_nk_172","Nush",2011,0.709136103333333,2.12878364833334,0.0125052133333332,734.386101982274,850.6125533505,1272.272,0.708522611711712
1154,577.048,0.7094388,2.2095216,604.696,1209.392,"2011_nk_172","Nush",2011,0.709131518333333,2.141714155,0.0129305066666667,734.386101982274,850.6125533505,1272.272,0.708522611711712
1155,577.524,0.708999,2.2133541,605.22,1210.44,"2011_nk_172","Nush",2011,0.70914354,2.154132085,0.0124179299999998,734.386101982274,850.6125533505,1272.272,0.708522611711712
1156,578.048,0.7090673,2.2402164,605.744,1211.488,"2011_nk_172","Nush",2011,0.709147818333333,2.16665557166667,0.0125234866666668,734.386101982274,850.6125533505,1272.272,0.708522611711712
1157,578.524,0.7087683,2.2410551,606.268,1212.536,"2011_nk_172","Nush",2011,0.709145531666666,2.17816173666667,0.0115061650000001,734.386101982274,850.6125533505,1272.272,0.708522611711712
1158,579.048,0.709111,2.2537699,606.792,1213.584,"2011_nk_172","Nush",2011,0.709160215,2.18963530333334,0.0114735666666665,734.386101982274,850.6125533505,1272.272,0.708522611711712
1159,579.524,0.7090592,2.2161045,607.316,1214.632,"2011_nk_172","Nush",2011,0.709172323333333,2.19948623,0.00985092666666709,734.386101982274,850.6125533505,1272.272,0.708522611711712
1160,580.048,0.7095127,2.1715454,607.84,1215.68,"2011_nk_172","Nush",2011,0.709197435,2.20929225166667,0.00980602166666644,734.386101982274,850.6125533505,1272.272,0.708522611711712
1161,580.524,0.7100523,2.2523833,608.364,1216.728,"2011_nk_172","Nush",2011,0.709184455,2.21954215666667,0.0102499050000002,734.386101982274,850.6125533505,1272.272,0.708522611711712
1162,581.048,0.7095219,2.2293451,608.888,1217.776,"2011_nk_172","Nush",2011,0.709176846666666,2.22874457666667,0.00920242000000027,734.386101982274,850.6125533505,1272.272,0.708522611711712
1163,581.524,0.7094332,2.2352523,609.412,1218.824,"2011_nk_172","Nush",2011,0.709181673333333,2.23719634166667,0.00845176499999978,734.386101982274,850.6125533505,1272.272,0.708522611711712
1164,582.048,0.7089916,2.2557403,609.936,1219.872,"2011_nk_172","Nush",2011,0.709189423333333,2.24512980666667,0.00793346500000025,734.386101982274,850.6125533505,1272.272,0.708522611711712
1165,582.524,0.7089385,2.2611709,610.46,1220.92,"2011_nk_172","Nush",2011,0.709205218333333,2.25253391166667,0.00740410499999999,734.386101982274,850.6125533505,1272.272,0.708522611711712
1166,583.048,0.7095447,2.2377175,610.984,1221.968,"2011_nk_172","Nush",2011,0.709206035,2.26008002,0.00754610833333347,734.386101982274,850.6125533505,1272.272,0.708522611711712
1167,583.524,0.7091679,2.2648233,611.508,1223.016,"2011_nk_172","Nush",2011,0.70920937,2.26870876666667,0.00862874666666658,734.386101982274,850.6125533505,1272.272,0.708522611711712
1168,584.048,0.7091264,2.2596347,612.032,1224.064,"2011_nk_172","Nush",2011,0.709205836666666,2.27643757333334,0.00772880666666698,734.386101982274,850.6125533505,1272.272,0.708522611711712
1169,584.524,0.7095908,2.2816373,612.556,1225.112,"2011_nk_172","Nush",2011,0.709210578333333,2.283730625,0.00729305166666672,734.386101982274,850.6125533505,1272.272,0.708522611711712
1170,585.048,0.7094929,2.2461317,613.08,1226.16,"2011_nk_172","Nush",2011,0.709216965,2.290484935,0.00675430999999982,734.386101982274,850.6125533505,1272.272,0.708522611711712
1171,585.524,0.7091249,2.248764,613.604,1227.208,"2011_nk_172","Nush",2011,0.709210963333333,2.29726866833334,0.0067837333333336,734.386101982274,850.6125533505,1272.272,0.708522611711712
1172,586.048,0.7094969,2.2809566,614.128,1228.256,"2011_nk_172","Nush",2011,0.709230065,2.30363473333334,0.00636606499999992,734.386101982274,850.6125533505,1272.272,0.708522611711712
1173,586.524,0.7093926,2.26686,614.652,1229.304,"2011_nk_172","Nush",2011,0.7092275,2.31045723666667,0.00682250333333334,734.386101982274,850.6125533505,1272.272,0.708522611711712
1174,587.048,0.7092952,2.3018553,615.176,1230.352,"2011_nk_172","Nush",2011,0.709225958333333,2.316863695,0.0064064583333332,734.386101982274,850.6125533505,1272.272,0.708522611711712
1175,587.524,0.708947,2.285494,615.7,1231.4,"2011_nk_172","Nush",2011,0.7092139,2.32353301166667,0.0066693166666667,734.386101982274,850.6125533505,1272.272,0.708522611711712
1176,588.048,0.7089293,2.2915695,616.224,1232.448,"2011_nk_172","Nush",2011,0.709215206666666,2.32953994,0.0060069283333335,734.386101982274,850.6125533505,1272.272,0.708522611711712
1177,588.524,0.7091979,2.2705956,616.748,1233.496,"2011_nk_172","Nush",2011,0.709225994999999,2.33546046833334,0.00592052833333323,734.386101982274,850.6125533505,1272.272,0.708522611711712
1178,589.048,0.7094575,2.3110018,617.272,1234.544,"2011_nk_172","Nush",2011,0.709220305,2.34128106333334,0.00582059499999987,734.386101982274,850.6125533505,1272.272,0.708522611711712
1179,589.524,0.708353,2.3147858,617.796,1235.592,"2011_nk_172","Nush",2011,0.709229711666666,2.34663213666667,0.00535107333333373,734.386101982274,850.6125533505,1272.272,0.708522611711712
1180,590.048,0.7098776,2.355485,618.32,1236.64,"2011_nk_172","Nush",2011,0.709241408333333,2.35325171166667,0.00661957500000021,734.386101982274,850.6125533505,1272.272,0.708522611711712
1181,590.524,0.7089321,2.3375731,618.844,1237.688,"2011_nk_172","Nush",2011,0.709240248333333,2.35777974,0.0045280283333331,734.386101982274,850.6125533505,1272.272,0.708522611711712
1182,591.048,0.7088786,2.2865302,619.368,1238.736,"2011_nk_172","Nush",2011,0.709235043333333,2.361974025,0.00419428499999963,734.386101982274,850.6125533505,1272.272,0.708522611711712
1183,591.524,0.7091947,2.3574886,619.892,1239.784,"2011_nk_172","Nush",2011,0.709233803333333,2.36638402166667,0.00440999666666686,734.386101982274,850.6125533505,1272.272,0.708522611711712
1184,592.048,0.7090792,2.3956963,620.416,1240.832,"2011_nk_172","Nush",2011,0.709231541666666,2.37057701166667,0.00419298999999995,734.386101982274,850.6125533505,1272.272,0.708522611711712
1185,592.524,0.7095412,2.3923264,620.94,1241.88,"2011_nk_172","Nush",2011,0.709233236666666,2.37558936666667,0.00501235499999986,734.386101982274,850.6125533505,1272.272,0.708522611711712
1186,593.048,0.7095835,2.4265039,621.464,1242.928,"2011_nk_172","Nush",2011,0.709238128333333,2.38090621166667,0.00531684500000029,734.386101982274,850.6125533505,1272.272,0.708522611711712
1187,593.524,0.709129,2.4095153,621.988,1243.976,"2011_nk_172","Nush",2011,0.709248233333333,2.38573126333334,0.00482505166666636,734.386101982274,850.6125533505,1272.272,0.708522611711712
1188,594.048,0.7096616,2.4421879,622.512,1245.024,"2011_nk_172","Nush",2011,0.709238386666666,2.390250515,0.00451925166666678,734.386101982274,850.6125533505,1272.272,0.708522611711712
1189,594.524,0.7099751,2.4000393,623.036,1246.072,"2011_nk_172","Nush",2011,0.709236186666666,2.3951405,0.00488998499999971,734.386101982274,850.6125533505,1272.272,0.708522611711712
1190,595.048,0.709402,2.4281657,623.56,1247.12,"2011_nk_172","Nush",2011,0.709223468333333,2.40155895833334,0.00641845833333354,734.386101982274,850.6125533505,1272.272,0.708522611711712
1191,595.524,0.7090692,2.4803667,624.084,1248.168,"2011_nk_172","Nush",2011,0.70921189,2.40699086166667,0.00543190333333321,734.386101982274,850.6125533505,1272.272,0.708522611711712
1192,596.048,0.7092088,2.447121,624.608,1249.216,"2011_nk_172","Nush",2011,0.709211836666666,2.41287140833334,0.00588054666666649,734.386101982274,850.6125533505,1272.272,0.708522611711712
1193,596.524,0.709421,2.4542144,625.132,1250.264,"2011_nk_172","Nush",2011,0.709213393333333,2.41766487666667,0.00479346833333327,734.386101982274,850.6125533505,1272.272,0.708522611711712
1194,597.048,0.7091472,2.4306173,625.656,1251.312,"2011_nk_172","Nush",2011,0.709219665,2.422347835,0.00468295833333343,734.386101982274,850.6125533505,1272.272,0.708522611711712
1195,597.524,0.7094364,2.4626439,626.18,1252.36,"2011_nk_172","Nush",2011,0.70921776,2.42715992666667,0.00481209166666652,734.386101982274,850.6125533505,1272.272,0.708522611711712
1196,598.048,0.7090783,2.4704238,626.704,1253.408,"2011_nk_172","Nush",2011,0.70920074,2.43346107166667,0.00630114500000012,734.386101982274,850.6125533505,1272.272,0.708522611711712
1197,598.524,0.7091324,2.5342516,627.228,1254.456,"2011_nk_172","Nush",2011,0.709197775,2.438606435,0.00514536333333337,734.386101982274,850.6125533505,1272.272,0.708522611711712
1198,599.048,0.7092601,2.5005361,627.752,1255.504,"2011_nk_172","Nush",2011,0.709201035,2.44368562833334,0.00507919333333318,734.386101982274,850.6125533505,1272.272,0.708522611711712
1199,599.524,0.7088903,2.4675536,628.276,1256.552,"2011_nk_172","Nush",2011,0.709209621666666,2.4484083,0.00472267166666684,734.386101982274,850.6125533505,1272.272,0.708522611711712
1200,600.048,0.708621,2.4802714,628.8,1257.6,"2011_nk_172","Nush",2011,0.709200623333333,2.45348234666667,0.00507404666666655,734.386101982274,850.6125533505,1272.272,0.708522611711712
1201,600.524,0.7087803,2.4910733,629.324,1258.648,"2011_nk_172","Nush",2011,0.709203698333333,2.45870704333334,0.0052246966666667,734.386101982274,850.6125533505,1272.272,0.708522611711712
1202,601.048,0.7096599,2.4801371,629.848,1259.696,"2011_nk_172","Nush",2011,0.70919861,2.46256505166667,0.00385800833333372,734.386101982274,850.6125533505,1272.272,0.708522611711712
1203,601.524,0.7093398,2.492018,630.372,1260.744,"2011_nk_172","Nush",2011,0.709188338333333,2.46711036166667,0.00454530999999969,734.386101982274,850.6125533505,1272.272,0.708522611711712
1204,602.048,0.7091757,2.4837469,630.896,1261.792,"2011_nk_172","Nush",2011,0.709187843333333,2.47061657333334,0.00350621166666665,734.386101982274,850.6125533505,1272.272,0.708522611711712
1205,602.524,0.7086485,2.4884358,631.42,1262.84,"2011_nk_172","Nush",2011,0.709199276666666,2.47460732333334,0.00399074999999982,734.386101982274,850.6125533505,1272.272,0.708522611711712
1206,603.048,0.7090892,2.5044905,631.944,1263.888,"2011_nk_172","Nush",2011,0.709214493333333,2.47791422,0.0033068966666665,734.386101982274,850.6125533505,1272.272,0.708522611711712
1207,603.524,0.7092627,2.4872336,632.468,1264.936,"2011_nk_172","Nush",2011,0.709213321666666,2.48224800666667,0.0043337866666664,734.386101982274,850.6125533505,1272.272,0.708522611711712
1208,604.048,0.7094015,2.4893703,632.992,1265.984,"2011_nk_172","Nush",2011,0.70920725,2.48591826333334,0.00367025666666709,734.386101982274,850.6125533505,1272.272,0.708522611711712
1209,604.524,0.7097184,2.4811646,633.516,1267.032,"2011_nk_172","Nush",2011,0.70921799,2.48944862666667,0.00353036333333323,734.386101982274,850.6125533505,1272.272,0.708522611711712
1210,605.048,0.7094913,2.5454041,634.04,1268.08,"2011_nk_172","Nush",2011,0.709202098333333,2.491718605,0.00226997833333309,734.386101982274,850.6125533505,1272.272,0.708522611711712
1211,605.524,0.7091082,2.474765,634.564,1269.128,"2011_nk_172","Nush",2011,0.709207701666666,2.49382737833334,0.00210877333333315,734.386101982274,850.6125533505,1272.272,0.708522611711712
1212,606.048,0.7089678,2.4824817,635.088,1270.176,"2011_nk_172","Nush",2011,0.709224398333333,2.49656315,0.0027357716666665,734.386101982274,850.6125533505,1272.272,0.708522611711712
1213,606.524,0.7088548,2.4819229,635.612,1271.224,"2011_nk_172","Nush",2011,0.70923218,2.49805344833334,0.00149029833333358,734.386101982274,850.6125533505,1272.272,0.708522611711712
1214,607.048,0.7093031,2.461101,636.136,1272.272,"2011_nk_172","Nush",2011,0.709231228333333,2.49874499,0.000691541666666406,734.386101982274,850.6125533505,1272.272,0.708522611711712
1215,607.524,0.7091007,2.5140954,636.66,1273.32,"2011_nk_172","Nush",2011,0.709223385,2.49991567666667,0.00117068666666675,734.386101982274,850.6125533505,1272.272,0.708522611711712
1216,608.048,0.7093608,2.5592271,637.184,1274.368,"2011_nk_172","Nush",2011,0.709220971666666,2.50008387166667,0.000168195000000093,734.386101982274,850.6125533505,1272.272,0.708522611711712
1217,608.524,0.7093746,2.5305582,637.708,1275.416,"2011_nk_172","Nush",2011,0.70922028,2.49943372833334,-0.00065014333333302,734.386101982274,850.6125533505,1272.272,0.708522611711712
1218,609.048,0.7085202,2.524925,638.232,1276.464,"2011_nk_172","Nush",2011,0.70921905,2.49876443666667,-0.000669291666666627,734.386101982274,850.6125533505,1272.272,0.708522611711712
1219,609.524,0.7089272,2.5095036,638.756,1277.512,"2011_nk_172","Nush",2011,0.709205013333333,2.49858679166667,-0.000177644999999949,734.386101982274,850.6125533505,1272.272,0.708522611711712
1220,610.048,0.7087496,2.5566529,639.28,1278.56,"2011_nk_172","Nush",2011,0.709203383333333,2.49807395166667,-0.000512839999999848,734.386101982274,850.6125533505,1272.272,0.708522611711712
1221,610.524,0.7093576,2.5782975,639.804,1279.608,"2011_nk_172","Nush",2011,0.709203841666666,2.49639382166667,-0.00168013,734.386101982274,850.6125533505,1272.272,0.708522611711712
1222,611.048,0.7095187,2.5821779,640.328,1280.656,"2011_nk_172","Nush",2011,0.709207455,2.49466765666667,-0.001726165,734.386101982274,850.6125533505,1272.272,0.708522611711712
1223,611.524,0.7095266,2.5228604,640.852,1281.704,"2011_nk_172","Nush",2011,0.709207996666666,2.49271160166667,-0.00195605499999996,734.386101982274,850.6125533505,1272.272,0.708522611711712
1224,612.048,0.7093679,2.5367178,641.376,1282.752,"2011_nk_172","Nush",2011,0.70919785,2.49148677333334,-0.00122482833333359,734.386101982274,850.6125533505,1272.272,0.708522611711712
1225,612.524,0.7088242,2.5498964,641.9,1283.8,"2011_nk_172","Nush",2011,0.709199686666666,2.489498605,-0.00198816833333337,734.386101982274,850.6125533505,1272.272,0.708522611711712
1226,613.048,0.7085235,2.6157862,642.424,1284.848,"2011_nk_172","Nush",2011,0.709201081666666,2.48770407833334,-0.00179452666666657,734.386101982274,850.6125533505,1272.272,0.708522611711712
1227,613.524,0.70899,2.5735451,642.948,1285.896,"2011_nk_172","Nush",2011,0.709193803333333,2.48462538833334,-0.00307869000000016,734.386101982274,850.6125533505,1272.272,0.708522611711712
1228,614.048,0.709322,2.5643863,643.472,1286.944,"2011_nk_172","Nush",2011,0.709193293333333,2.48124515,-0.00338023833333345,734.386101982274,850.6125533505,1272.272,0.708522611711712
1229,614.524,0.710106,2.5649976,643.996,1287.992,"2011_nk_172","Nush",2011,0.709184719999999,2.47830399333334,-0.00294115666666661,734.386101982274,850.6125533505,1272.272,0.708522611711712
1230,615.048,0.708953,2.5505745,644.52,1289.04,"2011_nk_172","Nush",2011,0.709189834999999,2.47456780333334,-0.0037361899999997,734.386101982274,850.6125533505,1272.272,0.708522611711712
1231,615.524,0.7093094,2.5622458,645.044,1290.088,"2011_nk_172","Nush",2011,0.7091853,2.471116645,-0.0034511583333332,734.386101982274,850.6125533505,1272.272,0.708522611711712
1232,616.048,0.7091916,2.5124371,645.568,1291.136,"2011_nk_172","Nush",2011,0.709170928333333,2.467540725,-0.00357592000000029,734.386101982274,850.6125533505,1272.272,0.708522611711712
1233,616.524,0.7087763,2.5395786,646.092,1292.184,"2011_nk_172","Nush",2011,0.709159374999999,2.463279265,-0.0042614599999995,734.386101982274,850.6125533505,1272.272,0.708522611711712
1234,617.048,0.7092655,2.512228,646.616,1293.232,"2011_nk_172","Nush",2011,0.709168468333333,2.459239965,-0.00403930000000008,734.386101982274,850.6125533505,1272.272,0.708522611711712
1235,617.524,0.709633,2.524939,647.14,1294.28,"2011_nk_172","Nush",2011,0.709184585,2.45483813666667,-0.00440182833333358,734.386101982274,850.6125533505,1272.272,0.708522611711712
1236,618.048,0.7098423,2.4899833,647.664,1295.328,"2011_nk_172","Nush",2011,0.709183385,2.44885419166667,-0.00598394499999966,734.386101982274,850.6125533505,1272.272,0.708522611711712
1237,618.524,0.7091276,2.5306228,648.188,1296.376,"2011_nk_172","Nush",2011,0.709185124999999,2.44424338833334,-0.00461080333333364,734.386101982274,850.6125533505,1272.272,0.708522611711712
1238,619.048,0.7090932,2.5312172,648.712,1297.424,"2011_nk_172","Nush",2011,0.709177011666666,2.43870194666667,-0.00554144166666637,734.386101982274,850.6125533505,1272.272,0.708522611711712
1239,619.524,0.7089974,2.5266076,649.236,1298.472,"2011_nk_172","Nush",2011,0.709164128333333,2.43358465333334,-0.00511729333333344,734.386101982274,850.6125533505,1272.272,0.708522611711712
1240,620.048,0.7089241,2.4916837,649.76,1299.52,"2011_nk_172","Nush",2011,0.709171119999999,2.42685462333334,-0.00673002999999994,734.386101982274,850.6125533505,1272.272,0.708522611711712
1241,620.524,0.7092683,2.4640995,650.284,1300.568,"2011_nk_172","Nush",2011,0.709177506666666,2.42136263,-0.00549199333333306,734.386101982274,850.6125533505,1272.272,0.708522611711712
1242,621.048,0.7098804,2.4506765,650.808,1301.616,"2011_nk_172","Nush",2011,0.709178509999999,2.41517931,-0.00618331999999988,734.386101982274,850.6125533505,1272.272,0.708522611711712
1243,621.524,0.7096616,2.4469065,651.332,1302.664,"2011_nk_172","Nush",2011,0.709193388333333,2.40903058833334,-0.00614872166666691,734.386101982274,850.6125533505,1272.272,0.708522611711712
1244,622.048,0.7090221,2.4371888,651.856,1303.712,"2011_nk_172","Nush",2011,0.709188886666666,2.40340247833334,-0.00562811000000041,734.386101982274,850.6125533505,1272.272,0.708522611711712
1245,622.524,0.7090706,2.4625676,652.38,1304.76,"2011_nk_172","Nush",2011,0.709196918333333,2.39627339666667,-0.00712908166666626,734.386101982274,850.6125533505,1272.272,0.708522611711712
1246,623.048,0.7094387,2.4365956,652.904,1305.808,"2011_nk_172","Nush",2011,0.709206673333333,2.38829516166667,-0.00797823500000039,734.386101982274,850.6125533505,1272.272,0.708522611711712
1247,623.524,0.7090875,2.3705067,653.428,1306.856,"2011_nk_172","Nush",2011,0.709202368333333,2.38079461166667,-0.00750054999999961,734.386101982274,850.6125533505,1272.272,0.708522611711712
1248,624.048,0.7095878,2.4020304,653.952,1307.904,"2011_nk_172","Nush",2011,0.709209073333333,2.37230397,-0.00849064166666658,734.386101982274,850.6125533505,1272.272,0.708522611711712
1249,624.524,0.7091329,2.3893806,654.476,1308.952,"2011_nk_172","Nush",2011,0.709222254999999,2.36429762,-0.00800635000000005,734.386101982274,850.6125533505,1272.272,0.708522611711712
1250,625.048,0.7093042,2.3973953,655,1310,"2011_nk_172","Nush",2011,0.709227771666666,2.35593864166667,-0.00835897833333332,734.386101982274,850.6125533505,1272.272,0.708522611711712
1251,625.524,0.7090967,2.3795589,655.524,1311.048,"2011_nk_172","Nush",2011,0.709226474999999,2.34694009833334,-0.0089985433333335,734.386101982274,850.6125533505,1272.272,0.708522611711712
1252,626.048,0.7094256,2.3435511,656.048,1312.096,"2011_nk_172","Nush",2011,0.709219841666666,2.33742283833334,-0.00951725999999953,734.386101982274,850.6125533505,1272.272,0.708522611711712
1253,626.524,0.7094535,2.3368511,656.572,1313.144,"2011_nk_172","Nush",2011,0.709209259999999,2.328686915,-0.00873592333333351,734.386101982274,850.6125533505,1272.272,0.708522611711712
1254,627.048,0.7085384,2.3571276,657.096,1314.192,"2011_nk_172","Nush",2011,0.709205686666666,2.31938830833334,-0.00929860666666693,734.386101982274,850.6125533505,1272.272,0.708522611711712
1255,627.524,0.7095466,2.3433538,657.62,1315.24,"2011_nk_172","Nush",2011,0.709213491666666,2.30971097166667,-0.00967733666666692,734.386101982274,850.6125533505,1272.272,0.708522611711712
1256,628.048,0.709162,2.3627522,658.144,1316.288,"2011_nk_172","Nush",2011,0.709230484999999,2.29927216333334,-0.0104388083333333,734.386101982274,850.6125533505,1272.272,0.708522611711712
1257,628.524,0.7086957,2.3495302,658.668,1317.336,"2011_nk_172","Nush",2011,0.709247195,2.28895226166667,-0.0103199016666662,734.386101982274,850.6125533505,1272.272,0.708522611711712
1258,629.048,0.7092295,2.2977218,659.192,1318.384,"2011_nk_172","Nush",2011,0.709248216666666,2.27888909833334,-0.0100631633333332,734.386101982274,850.6125533505,1272.272,0.708522611711712
1259,629.524,0.7083759,2.2910842,659.716,1319.432,"2011_nk_172","Nush",2011,0.70924078,2.26884870833334,-0.0100403899999999,734.386101982274,850.6125533505,1272.272,0.708522611711712
1260,630.048,0.7089279,2.2561,660.24,1320.48,"2011_nk_172","Nush",2011,0.709237215,2.25851669,-0.0103320183333335,734.386101982274,850.6125533505,1272.272,0.708522611711712
1261,630.524,0.7085082,2.2840038,660.764,1321.528,"2011_nk_172","Nush",2011,0.709246284999999,2.24807089166667,-0.010445798333333,734.386101982274,850.6125533505,1272.272,0.708522611711712
1262,631.048,0.7087976,2.2655819,661.288,1322.576,"2011_nk_172","Nush",2011,0.709261585,2.2382812,-0.00978969166666666,734.386101982274,850.6125533505,1272.272,0.708522611711712
1263,631.524,0.7086466,2.2363304,661.812,1323.624,"2011_nk_172","Nush",2011,0.709280298333333,2.22759223166667,-0.0106889683333335,734.386101982274,850.6125533505,1272.272,0.708522611711712
1264,632.048,0.7097213,2.2413889,662.336,1324.672,"2011_nk_172","Nush",2011,0.709272188333333,2.21746743833334,-0.0101247933333335,734.386101982274,850.6125533505,1272.272,0.708522611711712
1265,632.524,0.7096155,2.2243261,662.86,1325.72,"2011_nk_172","Nush",2011,0.709264944999999,2.207079595,-0.0103878433333335,734.386101982274,850.6125533505,1272.272,0.708522611711712
1266,633.048,0.7090172,2.1454538,663.384,1326.768,"2011_nk_172","Nush",2011,0.709251228333333,2.19691909833334,-0.0101604966666664,734.386101982274,850.6125533505,1272.272,0.708522611711712
1267,633.524,0.7093671,2.2105854,663.908,1327.816,"2011_nk_172","Nush",2011,0.709259141666666,2.18610869166667,-0.0108104066666668,734.386101982274,850.6125533505,1272.272,0.708522611711712
1268,634.048,0.7089147,2.1568838,664.432,1328.864,"2011_nk_172","Nush",2011,0.709261808333333,2.17555860166667,-0.0105500899999997,734.386101982274,850.6125533505,1272.272,0.708522611711712
1269,634.524,0.7089454,2.174127,664.956,1329.912,"2011_nk_172","Nush",2011,0.709269986666666,2.16487738666667,-0.0106812150000004,734.386101982274,850.6125533505,1272.272,0.708522611711712
1270,635.048,0.7099108,2.1416023,665.48,1330.96,"2011_nk_172","Nush",2011,0.709277701666666,2.154222075,-0.0106553116666666,734.386101982274,850.6125533505,1272.272,0.708522611711712
1271,635.524,0.7094914,2.1452454,666.004,1332.008,"2011_nk_172","Nush",2011,0.709270173333333,2.14398574166667,-0.0102363333333333,734.386101982274,850.6125533505,1272.272,0.708522611711712
1272,636.048,0.709028,2.1114825,666.528,1333.056,"2011_nk_172","Nush",2011,0.709261291666666,2.13462159,-0.00936415166666649,734.386101982274,850.6125533505,1272.272,0.708522611711712
1273,636.524,0.7097475,2.1129996,667.052,1334.104,"2011_nk_172","Nush",2011,0.709254626666666,2.12527093333334,-0.00935065666666635,734.386101982274,850.6125533505,1272.272,0.708522611711712
1274,637.048,0.709033,2.1234144,667.576,1335.152,"2011_nk_172","Nush",2011,0.709261905,2.11605516666667,-0.00921576666666679,734.386101982274,850.6125533505,1272.272,0.708522611711712
1275,637.524,0.7095826,2.0863505,668.1,1336.2,"2011_nk_172","Nush",2011,0.70926164,2.10614636833334,-0.00990879833333347,734.386101982274,850.6125533505,1272.272,0.708522611711712
1276,638.048,0.7099461,2.080533,668.624,1337.248,"2011_nk_172","Nush",2011,0.709258226666666,2.09681637,-0.00932999833333348,734.386101982274,850.6125533505,1272.272,0.708522611711712
1277,638.524,0.7091163,2.0805252,669.148,1338.296,"2011_nk_172","Nush",2011,0.709260981666666,2.08824301,-0.00857335999999975,734.386101982274,850.6125533505,1272.272,0.708522611711712
1278,639.048,0.7089225,2.0154865,669.672,1339.344,"2011_nk_172","Nush",2011,0.70924919,2.07905336333334,-0.009189646666667,734.386101982274,850.6125533505,1272.272,0.708522611711712
1279,639.524,0.7097181,2.0291226,670.196,1340.392,"2011_nk_172","Nush",2011,0.70925589,2.07017900666667,-0.00887435666666647,734.386101982274,850.6125533505,1272.272,0.708522611711712
1280,640.048,0.7090806,2.0551142,670.72,1341.44,"2011_nk_172","Nush",2011,0.709258213333333,2.06079416333334,-0.00938484333333323,734.386101982274,850.6125533505,1272.272,0.708522611711712
1281,640.524,0.7092798,2.0383849,671.244,1342.488,"2011_nk_172","Nush",2011,0.709272211666666,2.05173730833334,-0.00905685500000031,734.386101982274,850.6125533505,1272.272,0.708522611711712
1282,641.048,0.7091207,2.0111423,671.768,1343.536,"2011_nk_172","Nush",2011,0.709265886666666,2.04320708333334,-0.00853022499999989,734.386101982274,850.6125533505,1272.272,0.708522611711712
1283,641.524,0.7088917,1.998705,672.292,1344.584,"2011_nk_172","Nush",2011,0.709256003333333,2.03541180833334,-0.00779527499999988,734.386101982274,850.6125533505,1272.272,0.708522611711712
1284,642.048,0.7091535,1.9788014,672.816,1345.632,"2011_nk_172","Nush",2011,0.70927258,2.02727099833334,-0.00814081,734.386101982274,850.6125533505,1272.272,0.708522611711712
1285,642.524,0.7092925,1.9692562,673.34,1346.68,"2011_nk_172","Nush",2011,0.709262339999999,2.01849177166667,-0.00877922666666686,734.386101982274,850.6125533505,1272.272,0.708522611711712
1286,643.048,0.7095431,1.9894577,673.864,1347.728,"2011_nk_172","Nush",2011,0.709254018333333,2.00924284333334,-0.00924892833333324,734.386101982274,850.6125533505,1272.272,0.708522611711712
1287,643.524,0.7099926,1.954351,674.388,1348.776,"2011_nk_172","Nush",2011,0.70926937,2.000331055,-0.00891178833333317,734.386101982274,850.6125533505,1272.272,0.708522611711712
1288,644.048,0.7093833,1.9605965,674.912,1349.824,"2011_nk_172","Nush",2011,0.709266586666666,1.99218038833334,-0.00815066666666664,734.386101982274,850.6125533505,1272.272,0.708522611711712
1289,644.524,0.7096598,1.9625742,675.436,1350.872,"2011_nk_172","Nush",2011,0.709281246666666,1.98438302833334,-0.00779736000000009,734.386101982274,850.6125533505,1272.272,0.708522611711712
1290,645.048,0.7087391,1.9306534,675.96,1351.92,"2011_nk_172","Nush",2011,0.709280236666666,1.97749756,-0.00688546833333326,734.386101982274,850.6125533505,1272.272,0.708522611711712
1291,645.524,0.7098536,1.9354979,676.484,1352.968,"2011_nk_172","Nush",2011,0.70929118,1.97040654666667,-0.00709101333333328,734.386101982274,850.6125533505,1272.272,0.708522611711712
1292,646.048,0.7101096,1.9250556,677.008,1354.016,"2011_nk_172","Nush",2011,0.709300046666666,1.96257992166667,-0.00782662500000009,734.386101982274,850.6125533505,1272.272,0.708522611711712
1293,646.524,0.7098991,1.8982405,677.532,1355.064,"2011_nk_172","Nush",2011,0.709303198333333,1.95559804666667,-0.00698187500000014,734.386101982274,850.6125533505,1272.272,0.708522611711712
1294,647.048,0.7087789,1.9047404,678.056,1356.112,"2011_nk_172","Nush",2011,0.709281041666666,1.94882449666667,-0.00677354999999991,734.386101982274,850.6125533505,1272.272,0.708522611711712
1295,647.524,0.7091984,1.9016684,678.58,1357.16,"2011_nk_172","Nush",2011,0.709290263333333,1.94225984333334,-0.00656465333333345,734.386101982274,850.6125533505,1272.272,0.708522611711712
1296,648.048,0.7090193,1.8803535,679.104,1358.208,"2011_nk_172","Nush",2011,0.70930282,1.93687864333334,-0.00538119999999997,734.386101982274,850.6125533505,1272.272,0.708522611711712
1297,648.524,0.7096024,1.8819984,679.628,1359.256,"2011_nk_172","Nush",2011,0.709309598333333,1.9301808,-0.00669784333333334,734.386101982274,850.6125533505,1272.272,0.708522611711712
1298,649.048,0.7092532,1.8982118,680.152,1360.304,"2011_nk_172","Nush",2011,0.709308153333333,1.92451993,-0.00566087000000004,734.386101982274,850.6125533505,1272.272,0.708522611711712
1299,649.524,0.7094881,1.8857347,680.676,1361.352,"2011_nk_172","Nush",2011,0.709306191666666,1.9185424,-0.00597753000000001,734.386101982274,850.6125533505,1272.272,0.708522611711712
1300,650.048,0.709387,1.852365,681.2,1362.4,"2011_nk_172","Nush",2011,0.709285856666666,1.913469405,-0.00507299499999991,734.386101982274,850.6125533505,1272.272,0.708522611711712
1301,650.524,0.7088166,1.8499195,681.724,1363.448,"2011_nk_172","Nush",2011,0.70928517,1.908457155,-0.00501225000000005,734.386101982274,850.6125533505,1272.272,0.708522611711712
1302,651.048,0.7093475,1.8888274,682.248,1364.496,"2011_nk_172","Nush",2011,0.709292188333333,1.90356978833334,-0.00488736666666689,734.386101982274,850.6125533505,1272.272,0.708522611711712
1303,651.524,0.7092617,1.8858671,682.772,1365.544,"2011_nk_172","Nush",2011,0.709273803333333,1.89882484833334,-0.00474493999999992,734.386101982274,850.6125533505,1272.272,0.708522611711712
1304,652.048,0.7094588,1.8842428,683.296,1366.592,"2011_nk_172","Nush",2011,0.709285016666666,1.893504865,-0.00531998333333328,734.386101982274,850.6125533505,1272.272,0.708522611711712
1305,652.524,0.7090547,1.8680397,683.82,1367.64,"2011_nk_172","Nush",2011,0.709271969999999,1.88900405333334,-0.00450081166666672,734.386101982274,850.6125533505,1272.272,0.708522611711712
1306,653.048,0.7092339,1.8767957,684.344,1368.688,"2011_nk_172","Nush",2011,0.709255541666666,1.88462091,-0.00438314333333345,734.386101982274,850.6125533505,1272.272,0.708522611711712
1307,653.524,0.7092528,1.8561051,684.868,1369.736,"2011_nk_172","Nush",2011,0.709259223333333,1.88014683833334,-0.00447407166666669,734.386101982274,850.6125533505,1272.272,0.708522611711712
1308,654.048,0.7088803,1.8506516,685.392,1370.784,"2011_nk_172","Nush",2011,0.709266008333333,1.876304165,-0.00384267333333321,734.386101982274,850.6125533505,1272.272,0.708522611711712
1309,654.524,0.7095349,1.8569192,685.916,1371.832,"2011_nk_172","Nush",2011,0.709257028333333,1.87273244333334,-0.00357172166666664,734.386101982274,850.6125533505,1272.272,0.708522611711712
1310,655.048,0.7094436,1.8343047,686.44,1372.88,"2011_nk_172","Nush",2011,0.709268863333333,1.86862307166667,-0.00410937166666669,734.386101982274,850.6125533505,1272.272,0.708522611711712
1311,655.524,0.7099366,1.8361476,686.964,1373.928,"2011_nk_172","Nush",2011,0.709271753333333,1.86478920166667,-0.0038338699999998,734.386101982274,850.6125533505,1272.272,0.708522611711712
1312,656.048,0.7090461,1.8317376,687.488,1374.976,"2011_nk_172","Nush",2011,0.709278599999999,1.86146178166667,-0.00332742000000019,734.386101982274,850.6125533505,1272.272,0.708522611711712
1313,656.524,0.7088605,1.8691346,688.012,1376.024,"2011_nk_172","Nush",2011,0.709285414999999,1.85844564333334,-0.00301613833333336,734.386101982274,850.6125533505,1272.272,0.708522611711712
1314,657.048,0.709533,1.868679,688.536,1377.072,"2011_nk_172","Nush",2011,0.709301476666666,1.85533836333334,-0.00310728000000005,734.386101982274,850.6125533505,1272.272,0.708522611711712
1315,657.524,0.7089322,1.8166002,689.06,1378.12,"2011_nk_172","Nush",2011,0.709311813333333,1.85247828333334,-0.00286007999999982,734.386101982274,850.6125533505,1272.272,0.708522611711712
1316,658.048,0.7086627,1.8078165,689.584,1379.168,"2011_nk_172","Nush",2011,0.709313658333333,1.84925629166667,-0.0032219916666667,734.386101982274,850.6125533505,1272.272,0.708522611711712
1317,658.524,0.7096168,1.8148229,690.108,1380.216,"2011_nk_172","Nush",2011,0.709310348333333,1.84638700666667,-0.00286928500000005,734.386101982274,850.6125533505,1272.272,0.708522611711712
1318,659.048,0.7090625,1.8086818,690.632,1381.264,"2011_nk_172","Nush",2011,0.709300494999999,1.843535465,-0.00285154166666679,734.386101982274,850.6125533505,1272.272,0.708522611711712
1319,659.524,0.7092555,1.8232426,691.156,1382.312,"2011_nk_172","Nush",2011,0.709302746666666,1.84086506833334,-0.00267039666666657,734.386101982274,850.6125533505,1272.272,0.708522611711712
1320,660.048,0.7088673,1.8429719,691.68,1383.36,"2011_nk_172","Nush",2011,0.709312548333333,1.83865219333334,-0.00221287500000011,734.386101982274,850.6125533505,1272.272,0.708522611711712
1321,660.524,0.7091648,1.858543,692.204,1384.408,"2011_nk_172","Nush",2011,0.709303483333333,1.83620048166667,-0.00245171166666669,734.386101982274,850.6125533505,1272.272,0.708522611711712
1322,661.048,0.7093296,1.7959844,692.728,1385.456,"2011_nk_172","Nush",2011,0.709287488333333,1.83365200666667,-0.00254847499999999,734.386101982274,850.6125533505,1272.272,0.708522611711712
1323,661.524,0.7088357,1.8174179,693.252,1386.504,"2011_nk_172","Nush",2011,0.709274214999999,1.832025505,-0.00162650166666656,734.386101982274,850.6125533505,1272.272,0.708522611711712
1324,662.048,0.7083919,1.8349759,693.776,1387.552,"2011_nk_172","Nush",2011,0.709291288333333,1.83034798666667,-0.00167751833333329,734.386101982274,850.6125533505,1272.272,0.708522611711712
1325,662.524,0.7101688,1.8304469,694.3,1388.6,"2011_nk_172","Nush",2011,0.709300708333333,1.82796170833334,-0.00238627833333327,734.386101982274,850.6125533505,1272.272,0.708522611711712
1326,663.048,0.7097706,1.8225818,694.824,1389.648,"2011_nk_172","Nush",2011,0.709313383333333,1.82615289333334,-0.00180881499999996,734.386101982274,850.6125533505,1272.272,0.708522611711712
1327,663.524,0.7097738,1.8087148,695.348,1390.696,"2011_nk_172","Nush",2011,0.709299571666666,1.82419173,-0.0019611633333334,734.386101982274,850.6125533505,1272.272,0.708522611711712
1328,664.048,0.708828,1.8172316,695.872,1391.744,"2011_nk_172","Nush",2011,0.709303169999999,1.82196421666667,-0.00222751333333338,734.386101982274,850.6125533505,1272.272,0.708522611711712
1329,664.524,0.7088277,1.8154752,696.396,1392.792,"2011_nk_172","Nush",2011,0.709311576666666,1.81989568833334,-0.00206852833333326,734.386101982274,850.6125533505,1272.272,0.708522611711712
1330,665.048,0.7086907,1.8372226,696.92,1393.84,"2011_nk_172","Nush",2011,0.709318313333333,1.81835462666667,-0.00154106166666668,734.386101982274,850.6125533505,1272.272,0.708522611711712
1331,665.524,0.7094502,1.8445104,697.444,1394.888,"2011_nk_172","Nush",2011,0.709324429999999,1.81626392333334,-0.00209070333333305,734.386101982274,850.6125533505,1272.272,0.708522611711712
1332,666.048,0.7094491,1.8182405,697.968,1395.936,"2011_nk_172","Nush",2011,0.709333998333333,1.813893185,-0.00237073833333334,734.386101982274,850.6125533505,1272.272,0.708522611711712
1333,666.524,0.7086444,1.8283032,698.492,1396.984,"2011_nk_172","Nush",2011,0.709339709999999,1.81164349333334,-0.00224969166666678,734.386101982274,850.6125533505,1272.272,0.708522611711712
1334,667.048,0.7097058,1.8042154,699.016,1398.032,"2011_nk_172","Nush",2011,0.709337166666666,1.80962999166667,-0.00201350166666647,734.386101982274,850.6125533505,1272.272,0.708522611711712
1335,667.524,0.7087998,1.8163018,699.54,1399.08,"2011_nk_172","Nush",2011,0.709357708333332,1.80758579166667,-0.00204420000000005,734.386101982274,850.6125533505,1272.272,0.708522611711712
1336,668.048,0.7089604,1.8175444,700.064,1400.128,"2011_nk_172","Nush",2011,0.709354276666666,1.80506262166667,-0.00252316999999991,734.386101982274,850.6125533505,1272.272,0.708522611711712
1337,668.524,0.7093372,1.8120809,700.588,1401.176,"2011_nk_172","Nush",2011,0.709350111666666,1.802571075,-0.00249154666666684,734.386101982274,850.6125533505,1272.272,0.708522611711712
1338,669.048,0.7093296,1.7849261,701.112,1402.224,"2011_nk_172","Nush",2011,0.709362029999999,1.80068362,-0.00188745499999987,734.386101982274,850.6125533505,1272.272,0.708522611711712
1339,669.524,0.7091793,1.8148193,701.636,1403.272,"2011_nk_172","Nush",2011,0.709359913333332,1.79864750833334,-0.00203611166666673,734.386101982274,850.6125533505,1272.272,0.708522611711712
1340,670.048,0.7097907,1.8085519,702.16,1404.32,"2011_nk_172","Nush",2011,0.709345508333332,1.79695357166667,-0.00169393666666662,734.386101982274,850.6125533505,1272.272,0.708522611711712
1341,670.524,0.7094532,1.8083527,702.684,1405.368,"2011_nk_172","Nush",2011,0.709341014999999,1.795047815,-0.0019057566666667,734.386101982274,850.6125533505,1272.272,0.708522611711712
1342,671.048,0.7095315,1.8114971,703.208,1406.416,"2011_nk_172","Nush",2011,0.709333311666666,1.79255393333334,-0.00249388166666664,734.386101982274,850.6125533505,1272.272,0.708522611711712
1343,671.524,0.7093006,1.8177367,703.732,1407.464,"2011_nk_172","Nush",2011,0.709345358333332,1.78954417666667,-0.0030097566666667,734.386101982274,850.6125533505,1272.272,0.708522611711712
1344,672.048,0.7101172,1.7923646,704.256,1408.512,"2011_nk_172","Nush",2011,0.709342963333332,1.78643571333334,-0.00310846333333337,734.386101982274,850.6125533505,1272.272,0.708522611711712
1345,672.524,0.7099127,1.7976514,704.78,1409.56,"2011_nk_172","Nush",2011,0.709339656666666,1.784452385,-0.00198332833333348,734.386101982274,850.6125533505,1272.272,0.708522611711712
1346,673.048,0.7096538,1.7961382,705.304,1410.608,"2011_nk_172","Nush",2011,0.709343121666666,1.782179715,-0.00227266999999998,734.386101982274,850.6125533505,1272.272,0.708522611711712
1347,673.524,0.709794,1.7821939,705.828,1411.656,"2011_nk_172","Nush",2011,0.709335074999999,1.779965515,-0.00221419999999983,734.386101982274,850.6125533505,1272.272,0.708522611711712
1348,674.048,0.7087921,1.789504,706.352,1412.704,"2011_nk_172","Nush",2011,0.709332426666666,1.77685555166667,-0.00310996333333335,734.386101982274,850.6125533505,1272.272,0.708522611711712
1349,674.524,0.7097949,1.8023504,706.876,1413.752,"2011_nk_172","Nush",2011,0.709332914999999,1.77425374833334,-0.00260180333333349,734.386101982274,850.6125533505,1272.272,0.708522611711712
1350,675.048,0.7093272,1.7978809,707.4,1414.8,"2011_nk_172","Nush",2011,0.709361973333332,1.77075057333334,-0.00350317499999986,734.386101982274,850.6125533505,1272.272,0.708522611711712
1351,675.524,0.7093097,1.7883952,707.924,1415.848,"2011_nk_172","Nush",2011,0.709356791666666,1.76744021666667,-0.00331035666666657,734.386101982274,850.6125533505,1272.272,0.708522611711712
1352,676.048,0.7091499,1.7721471,708.448,1416.896,"2011_nk_172","Nush",2011,0.709369571666666,1.76493229333334,-0.00250792333333338,734.386101982274,850.6125533505,1272.272,0.708522611711712
1353,676.524,0.7091027,1.8006504,708.972,1417.944,"2011_nk_172","Nush",2011,0.709378654999999,1.762194815,-0.00273747833333338,734.386101982274,850.6125533505,1272.272,0.708522611711712
1354,677.048,0.7098033,1.8040893,709.496,1418.992,"2011_nk_172","Nush",2011,0.709387096666666,1.75872048166667,-0.00347433333333336,734.386101982274,850.6125533505,1272.272,0.708522611711712
1355,677.524,0.7097636,1.7584917,710.02,1420.04,"2011_nk_172","Nush",2011,0.709374944999999,1.75546547666667,-0.00325500499999998,734.386101982274,850.6125533505,1272.272,0.708522611711712
1356,678.048,0.7097798,1.7718246,710.544,1421.088,"2011_nk_172","Nush",2011,0.709368903333332,1.75192890333334,-0.00353657333333346,734.386101982274,850.6125533505,1272.272,0.708522611711712
1357,678.524,0.7087737,1.7643286,711.068,1422.136,"2011_nk_172","Nush",2011,0.709365141666666,1.74883827666667,-0.0030906266666666,734.386101982274,850.6125533505,1272.272,0.708522611711712
1358,679.048,0.7094691,1.764561,711.592,1423.184,"2011_nk_172","Nush",2011,0.709380649999999,1.74573862333334,-0.0030996533333334,734.386101982274,850.6125533505,1272.272,0.708522611711712
1359,679.524,0.7099925,1.761623,712.116,1424.232,"2011_nk_172","Nush",2011,0.709389883333332,1.74267721166667,-0.00306141166666674,734.386101982274,850.6125533505,1272.272,0.708522611711712
1360,680.048,0.7097912,1.7599013,712.64,1425.28,"2011_nk_172","Nush",2011,0.709410708333332,1.739581525,-0.00309568666666671,734.386101982274,850.6125533505,1272.272,0.708522611711712
1361,680.524,0.7091836,1.7244773,713.164,1426.328,"2011_nk_172","Nush",2011,0.709395068333332,1.73576123666667,-0.00382028833333337,734.386101982274,850.6125533505,1272.272,0.708522611711712
1362,681.048,0.7099216,1.7465831,713.688,1427.376,"2011_nk_172","Nush",2011,0.709387599999999,1.73248413166667,-0.003277105,734.386101982274,850.6125533505,1272.272,0.708522611711712
1363,681.524,0.7096044,1.7508856,714.212,1428.424,"2011_nk_172","Nush",2011,0.709396539999999,1.7291447,-0.00333943166666661,734.386101982274,850.6125533505,1272.272,0.708522611711712
1364,682.048,0.7093062,1.7634327,714.736,1429.472,"2011_nk_172","Nush",2011,0.709371488333332,1.72630678166667,-0.00283791833333336,734.386101982274,850.6125533505,1272.272,0.708522611711712
1365,682.524,0.7102872,1.7453877,715.26,1430.52,"2011_nk_172","Nush",2011,0.709386034999999,1.72319586833334,-0.00311091333333313,734.386101982274,850.6125533505,1272.272,0.708522611711712
1366,683.048,0.709028,1.7254055,715.784,1431.568,"2011_nk_172","Nush",2011,0.709383699999999,1.71960594166667,-0.00358992666666658,734.386101982274,850.6125533505,1272.272,0.708522611711712
1367,683.524,0.7090029,1.7066123,716.308,1432.616,"2011_nk_172","Nush",2011,0.709374658333332,1.71614915166667,-0.00345678999999999,734.386101982274,850.6125533505,1272.272,0.708522611711712
1368,684.048,0.7095954,1.7374043,716.832,1433.664,"2011_nk_172","Nush",2011,0.709364526666666,1.71370823,-0.00244092166666676,734.386101982274,850.6125533505,1272.272,0.708522611711712
1369,684.524,0.7094079,1.7347525,717.356,1434.712,"2011_nk_172","Nush",2011,0.709374973333332,1.71051857666667,-0.00318965333333332,734.386101982274,850.6125533505,1272.272,0.708522611711712
1370,685.048,0.7085793,1.7326685,717.88,1435.76,"2011_nk_172","Nush",2011,0.709384806666666,1.70802609,-0.00249248666666646,734.386101982274,850.6125533505,1272.272,0.708522611711712
1371,685.524,0.709667,1.7218022,718.404,1436.808,"2011_nk_172","Nush",2011,0.709381488333332,1.70485360333334,-0.0031724866666667,734.386101982274,850.6125533505,1272.272,0.708522611711712
1372,686.048,0.7085839,1.6821047,718.928,1437.856,"2011_nk_172","Nush",2011,0.709373324999999,1.70191822666667,-0.00293537666666666,734.386101982274,850.6125533505,1272.272,0.708522611711712
1373,686.524,0.7095833,1.6885492,719.452,1438.904,"2011_nk_172","Nush",2011,0.709376668333332,1.69875253333334,-0.00316569333333327,734.386101982274,850.6125533505,1272.272,0.708522611711712
1374,687.048,0.7093893,1.6821712,719.976,1439.952,"2011_nk_172","Nush",2011,0.709345941666666,1.69685002666667,-0.00190250666666669,734.386101982274,850.6125533505,1272.272,0.708522611711712
1375,687.524,0.7087338,1.6976005,720.5,1441,"2011_nk_172","Nush",2011,0.709342733333332,1.6950997,-0.00175032666666675,734.386101982274,850.6125533505,1272.272,0.708522611711712
1376,688.048,0.7088706,1.6714563,721.024,1442.048,"2011_nk_172","Nush",2011,0.709336426666666,1.69283630166667,-0.00226339833333333,734.386101982274,850.6125533505,1272.272,0.708522611711712
1377,688.524,0.709134,1.6819709,721.548,1443.096,"2011_nk_172","Nush",2011,0.709322611666666,1.69046221833334,-0.00237408333333322,734.386101982274,850.6125533505,1272.272,0.708522611711712
1378,689.048,0.7089036,1.622084,722.072,1444.144,"2011_nk_172","Nush",2011,0.709315314999999,1.68810805166667,-0.00235416666666666,734.386101982274,850.6125533505,1272.272,0.708522611711712
1379,689.524,0.7092848,1.6671344,722.596,1445.192,"2011_nk_172","Nush",2011,0.709309258333332,1.685309105,-0.00279894666666691,734.386101982274,850.6125533505,1272.272,0.708522611711712
1380,690.048,0.7106108,1.6327814,723.12,1446.24,"2011_nk_172","Nush",2011,0.709307344999999,1.68221659166667,-0.00309251333333327,734.386101982274,850.6125533505,1272.272,0.708522611711712
1381,690.524,0.7088539,1.6599216,723.644,1447.288,"2011_nk_172","Nush",2011,0.709313464999999,1.67975528,-0.00246131166666674,734.386101982274,850.6125533505,1272.272,0.708522611711712
1382,691.048,0.7100964,1.645509,724.168,1448.336,"2011_nk_172","Nush",2011,0.709311953333332,1.67797847,-0.00177680999999996,734.386101982274,850.6125533505,1272.272,0.708522611711712
1383,691.524,0.7093807,1.6531692,724.692,1449.384,"2011_nk_172","Nush",2011,0.709302311666666,1.67585620833334,-0.00212226166666674,734.386101982274,850.6125533505,1272.272,0.708522611711712
1384,692.048,0.7088984,1.6265159,725.216,1450.432,"2011_nk_172","Nush",2011,0.709297018333332,1.67280490666667,-0.00305130166666667,734.386101982274,850.6125533505,1272.272,0.708522611711712
1385,692.524,0.7094397,1.6351466,725.74,1451.48,"2011_nk_172","Nush",2011,0.709301753333332,1.670845635,-0.00195927166666676,734.386101982274,850.6125533505,1272.272,0.708522611711712
1386,693.048,0.7094081,1.6103874,726.264,1452.528,"2011_nk_172","Nush",2011,0.709297653333332,1.66872614833334,-0.0021194866666665,734.386101982274,850.6125533505,1272.272,0.708522611711712
1387,693.524,0.7095481,1.6232772,726.788,1453.576,"2011_nk_172","Nush",2011,0.709311326666666,1.66713080166667,-0.00159534666666672,734.386101982274,850.6125533505,1272.272,0.708522611711712
1388,694.048,0.7097585,1.6312524,727.312,1454.624,"2011_nk_172","Nush",2011,0.709308368333332,1.66521449166667,-0.00191630999999992,734.386101982274,850.6125533505,1272.272,0.708522611711712
1389,694.524,0.7093817,1.6317905,727.836,1455.672,"2011_nk_172","Nush",2011,0.709296939999999,1.66306746166667,-0.00214702999999994,734.386101982274,850.6125533505,1272.272,0.708522611711712
1390,695.048,0.7099402,1.6514814,728.36,1456.72,"2011_nk_172","Nush",2011,0.709297321666666,1.66063515333334,-0.0024323083333333,734.386101982274,850.6125533505,1272.272,0.708522611711712
1391,695.524,0.7085118,1.6152931,728.884,1457.768,"2011_nk_172","Nush",2011,0.709298659999999,1.659385705,-0.00124944833333362,734.386101982274,850.6125533505,1272.272,0.708522611711712
1392,696.048,0.709001,1.6216142,729.408,1458.816,"2011_nk_172","Nush",2011,0.709289349999999,1.65746456,-0.00192114499999985,734.386101982274,850.6125533505,1272.272,0.708522611711712
1393,696.524,0.7091808,1.6279373,729.932,1459.864,"2011_nk_172","Nush",2011,0.709290121666666,1.6558895,-0.00157505999999996,734.386101982274,850.6125533505,1272.272,0.708522611711712
1394,697.048,0.7082027,1.6339403,730.456,1460.912,"2011_nk_172","Nush",2011,0.709284471666666,1.65368998666667,-0.00219951333333346,734.386101982274,850.6125533505,1272.272,0.708522611711712
1395,697.524,0.7096726,1.629647,730.98,1461.96,"2011_nk_172","Nush",2011,0.709273331666666,1.651417175,-0.00227281166666682,734.386101982274,850.6125533505,1272.272,0.708522611711712
1396,698.048,0.7088203,1.6021488,731.504,1463.008,"2011_nk_172","Nush",2011,0.709283781666666,1.64973152,-0.00168565499999995,734.386101982274,850.6125533505,1272.272,0.708522611711712
1397,698.524,0.7087947,1.6046735,732.028,1464.056,"2011_nk_172","Nush",2011,0.709287359999999,1.648470505,-0.00126101500000009,734.386101982274,850.6125533505,1272.272,0.708522611711712
1398,699.048,0.7087217,1.6384708,732.552,1465.104,"2011_nk_172","Nush",2011,0.709259228333332,1.646661855,-0.00180865000000008,734.386101982274,850.6125533505,1272.272,0.708522611711712
1399,699.524,0.7098061,1.6234401,733.076,1466.152,"2011_nk_172","Nush",2011,0.709269349999999,1.64500975666667,-0.00165209833333324,734.386101982274,850.6125533505,1272.272,0.708522611711712
1400,700.048,0.7103807,1.6590027,733.6,1467.2,"2011_nk_172","Nush",2011,0.709274614999999,1.6431811,-0.00182865666666676,734.386101982274,850.6125533505,1272.272,0.708522611711712
1401,700.524,0.7092541,1.6180035,734.124,1468.248,"2011_nk_172","Nush",2011,0.709276034999999,1.64119240333334,-0.00198869666666668,734.386101982274,850.6125533505,1272.272,0.708522611711712
1402,701.048,0.7090417,1.6353745,734.648,1469.296,"2011_nk_172","Nush",2011,0.709295224999999,1.63994028833334,-0.001252115,734.386101982274,850.6125533505,1272.272,0.708522611711712
1403,701.524,0.7095012,1.6277951,735.172,1470.344,"2011_nk_172","Nush",2011,0.709279308333332,1.638655495,-0.00128479333333331,734.386101982274,850.6125533505,1272.272,0.708522611711712
1404,702.048,0.7082736,1.6782142,735.696,1471.392,"2011_nk_172","Nush",2011,0.709270099999999,1.63760174,-0.00105375499999982,734.386101982274,850.6125533505,1272.272,0.708522611711712
1405,702.524,0.7097202,1.6926318,736.22,1472.44,"2011_nk_172","Nush",2011,0.709277978333333,1.63586104,-0.00174070000000026,734.386101982274,850.6125533505,1272.272,0.708522611711712
1406,703.048,0.7092754,1.6603343,736.744,1473.488,"2011_nk_172","Nush",2011,0.709283814999999,1.63465938166667,-0.00120165833333319,734.386101982274,850.6125533505,1272.272,0.708522611711712
1407,703.524,0.7089651,1.6397489,737.268,1474.536,"2011_nk_172","Nush",2011,0.709278719999999,1.632965045,-0.00169433666666663,734.386101982274,850.6125533505,1272.272,0.708522611711712
1408,704.048,0.7083543,1.648254,737.792,1475.584,"2011_nk_172","Nush",2011,0.709293971666666,1.633261195,0.000296150000000051,734.386101982274,850.6125533505,1272.272,0.708522611711712
1409,704.524,0.7094315,1.6344136,738.316,1476.632,"2011_nk_172","Nush",2011,0.709292198333333,1.63292463666667,-0.000336558333333459,734.386101982274,850.6125533505,1272.272,0.708522611711712
1410,705.048,0.7092124,1.6123301,738.84,1477.68,"2011_nk_172","Nush",2011,0.709273279999999,1.632909545,-1.50916666665779e-05,734.386101982274,850.6125533505,1272.272,0.708522611711712
1411,705.524,0.7096769,1.6407165,739.364,1478.728,"2011_nk_172","Nush",2011,0.709281233333332,1.63116002166667,-0.00174952333333334,734.386101982274,850.6125533505,1272.272,0.708522611711712
1412,706.048,0.7090592,1.6655385,739.888,1479.776,"2011_nk_172","Nush",2011,0.709266751666666,1.62998645666667,-0.00117356499999999,734.386101982274,850.6125533505,1272.272,0.708522611711712
1413,706.524,0.7085242,1.6733147,740.412,1480.824,"2011_nk_172","Nush",2011,0.709274928333332,1.62955147833334,-0.000434978333333502,734.386101982274,850.6125533505,1272.272,0.708522611711712
1414,707.048,0.7094857,1.6210112,740.936,1481.872,"2011_nk_172","Nush",2011,0.709274328333332,1.63120296666667,0.0016514883333334,734.386101982274,850.6125533505,1272.272,0.708522611711712
1415,707.524,0.7100477,1.6409354,741.46,1482.92,"2011_nk_172","Nush",2011,0.709282244999999,1.633054145,0.00185117833333326,734.386101982274,850.6125533505,1272.272,0.708522611711712
1416,708.048,0.7095338,1.6446554,741.984,1483.968,"2011_nk_172","Nush",2011,0.709282886666666,1.63593834833334,0.00288420333333339,734.386101982274,850.6125533505,1272.272,0.708522611711712
1417,708.524,0.7095941,1.6686078,742.508,1485.016,"2011_nk_172","Nush",2011,0.709274866666666,1.64026145166667,0.0043231033333333,734.386101982274,850.6125533505,1272.272,0.708522611711712
1418,709.048,0.7092916,1.6495824,743.032,1486.064,"2011_nk_172","Nush",2011,0.709255273333332,1.64539099666667,0.00512954499999996,734.386101982274,850.6125533505,1272.272,0.708522611711712
1419,709.524,0.7093068,1.6328012,743.556,1487.112,"2011_nk_172","Nush",2011,0.709254924999999,1.64972212833334,0.00433113166666677,734.386101982274,850.6125533505,1272.272,0.708522611711712
1420,710.048,0.7098141,1.6139628,744.08,1488.16,"2011_nk_172","Nush",2011,NA,NA,NA,734.386101982274,850.6125533505,1272.272,0.708522611711712
1421,710.524,0.7092639,1.6495104,744.604,1489.208,"2011_nk_172","Nush",2011,NA,NA,NA,734.386101982274,850.6125533505,1272.272,0.708522611711712
1422,711.048,0.709363,1.6313144,745.128,1490.256,"2011_nk_172","Nush",2011,NA,NA,NA,734.386101982274,850.6125533505,1272.272,0.708522611711712
1423,711.524,0.7096507,1.656382,745.652,1491.304,"2011_nk_172","Nush",2011,NA,NA,NA,734.386101982274,850.6125533505,1272.272,0.708522611711712
1424,712.048,0.7089672,1.6314619,746.176,1492.352,"2011_nk_172","Nush",2011,NA,NA,NA,734.386101982274,850.6125533505,1272.272,0.708522611711712
1425,712.524,0.7096188,1.609019,746.7,1493.4,"2011_nk_172","Nush",2011,NA,NA,NA,734.386101982274,850.6125533505,1272.272,0.708522611711712
1426,713.048,0.709655,1.6242662,747.224,1494.448,"2011_nk_172","Nush",2011,NA,NA,NA,734.386101982274,850.6125533505,1272.272,0.708522611711712
1427,713.524,0.7092176,1.6309514,747.748,1495.496,"2011_nk_172","Nush",2011,NA,NA,NA,734.386101982274,850.6125533505,1272.272,0.708522611711712
1428,714.048,0.7079075,1.6288853,748.272,1496.544,"2011_nk_172","Nush",2011,NA,NA,NA,734.386101982274,850.6125533505,1272.272,0.708522611711712
1429,714.524,0.7100152,1.6356266,748.796,1497.592,"2011_nk_172","Nush",2011,NA,NA,NA,734.386101982274,850.6125533505,1272.272,0.708522611711712
1430,715.048,0.7088952,1.6229491,749.32,1498.64,"2011_nk_172","Nush",2011,NA,NA,NA,734.386101982274,850.6125533505,1272.272,0.708522611711712
1431,715.524,0.7097522,1.6024804,749.844,1499.688,"2011_nk_172","Nush",2011,NA,NA,NA,734.386101982274,850.6125533505,1272.272,0.708522611711712
1432,716.048,0.7097353,1.6069778,750.368,1500.736,"2011_nk_172","Nush",2011,NA,NA,NA,734.386101982274,850.6125533505,1272.272,0.708522611711712
1433,716.524,0.7086283,1.6114616,750.892,1501.784,"2011_nk_172","Nush",2011,NA,NA,NA,734.386101982274,850.6125533505,1272.272,0.708522611711712
1434,717.048,0.7088368,1.6189459,751.416,1502.832,"2011_nk_172","Nush",2011,NA,NA,NA,734.386101982274,850.6125533505,1272.272,0.708522611711712
1435,717.524,0.7092065,1.5931585,751.94,1503.88,"2011_nk_172","Nush",2011,NA,NA,NA,734.386101982274,850.6125533505,1272.272,0.708522611711712
1436,718.048,0.7092208,1.5993568,752.464,1504.928,"2011_nk_172","Nush",2011,NA,NA,NA,734.386101982274,850.6125533505,1272.272,0.708522611711712
1437,718.524,0.7088283,1.5803107,752.988,1505.976,"2011_nk_172","Nush",2011,NA,NA,NA,734.386101982274,850.6125533505,1272.272,0.708522611711712
1438,719.048,0.7098187,1.639853,753.512,1507.024,"2011_nk_172","Nush",2011,NA,NA,NA,734.386101982274,850.6125533505,1272.272,0.708522611711712
1439,719.524,0.7091784,1.6469409,754.036,1508.072,"2011_nk_172","Nush",2011,NA,NA,NA,734.386101982274,850.6125533505,1272.272,0.708522611711712
1440,720.048,0.7094757,1.6318759,754.56,1509.12,"2011_nk_172","Nush",2011,NA,NA,NA,734.386101982274,850.6125533505,1272.272,0.708522611711712
1441,720.524,0.7093311,1.5549502,755.084,1510.168,"2011_nk_172","Nush",2011,NA,NA,NA,734.386101982274,850.6125533505,1272.272,0.708522611711712
1442,721.048,0.7092275,1.5750951,755.608,1511.216,"2011_nk_172","Nush",2011,NA,NA,NA,734.386101982274,850.6125533505,1272.272,0.708522611711712
1443,721.524,0.7098713,1.6270705,756.132,1512.264,"2011_nk_172","Nush",2011,NA,NA,NA,734.386101982274,850.6125533505,1272.272,0.708522611711712
1444,722.048,0.7088624,1.7256052,756.656,1513.312,"2011_nk_172","Nush",2011,NA,NA,NA,734.386101982274,850.6125533505,1272.272,0.708522611711712
1445,722.524,0.7099147,1.7462173,757.18,1514.36,"2011_nk_172","Nush",2011,NA,NA,NA,734.386101982274,850.6125533505,1272.272,0.708522611711712
1446,723.048,0.7094466,1.7834396,757.704,1515.408,"2011_nk_172","Nush",2011,NA,NA,NA,734.386101982274,850.6125533505,1272.272,0.708522611711712
1447,723.524,0.7090669,1.8826634,758.228,1516.456,"2011_nk_172","Nush",2011,NA,NA,NA,734.386101982274,850.6125533505,1272.272,0.708522611711712
1448,724.048,0.7085829,1.9390251,758.752,1517.504,"2011_nk_172","Nush",2011,NA,NA,NA,734.386101982274,850.6125533505,1272.272,0.708522611711712
1449,724.524,0.7093608,1.8916584,759.276,1518.552,"2011_nk_172","Nush",2011,NA,NA,NA,734.386101982274,850.6125533505,1272.272,0.708522611711712
