"Cycle","Time","Iso","Sr88","Microns","Fish_id","Watershed","Year","Iso_MA","Sr88_MA","Sr88_MA_Gradient","natal_microns_start","natal_microns_end","marine_start","natal_origin_iso"
367,192.308,0.717785007339111,0.462105160559235,384.616,"2017_yk_094","Yukon",2016,NA,NA,NA,881.9154533,1013.123309,1619.16,0.722310649
368,192.832,0.718001930251716,0.669467725971164,385.664,"2017_yk_094","Yukon",2016,NA,NA,NA,881.9154533,1013.123309,1619.16,0.722310649
369,193.356,0.717783081235732,0.677473118685798,386.712,"2017_yk_094","Yukon",2016,NA,NA,NA,881.9154533,1013.123309,1619.16,0.722310649
370,193.88,0.717823106720418,0.648006928837557,387.76,"2017_yk_094","Yukon",2016,NA,NA,NA,881.9154533,1013.123309,1619.16,0.722310649
371,194.404,0.71725199766837,0.62902112624818,388.808,"2017_yk_094","Yukon",2016,NA,NA,NA,881.9154533,1013.123309,1619.16,0.722310649
372,194.928,0.718170181775933,0.621071007650661,389.856,"2017_yk_094","Yukon",2016,NA,NA,NA,881.9154533,1013.123309,1619.16,0.722310649
373,195.452,0.716619435714297,0.615542018511415,390.904,"2017_yk_094","Yukon",2016,NA,NA,NA,881.9154533,1013.123309,1619.16,0.722310649
374,195.976,0.714369471743329,0.593733277538373,391.952,"2017_yk_094","Yukon",2016,NA,NA,NA,881.9154533,1013.123309,1619.16,0.722310649
375,196.5,0.717687733455578,0.584947229941628,393,"2017_yk_094","Yukon",2016,NA,NA,NA,881.9154533,1013.123309,1619.16,0.722310649
376,197.024,0.71637295934957,0.582319820539285,394.048,"2017_yk_094","Yukon",2016,NA,NA,NA,881.9154533,1013.123309,1619.16,0.722310649
377,197.548,0.716030078875639,0.580521263508391,395.096,"2017_yk_094","Yukon",2016,NA,NA,NA,881.9154533,1013.123309,1619.16,0.722310649
378,198.072,0.715909220326232,0.587036383896336,396.144,"2017_yk_094","Yukon",2016,NA,NA,NA,881.9154533,1013.123309,1619.16,0.722310649
379,198.596,0.716244708717418,0.584948763882842,397.192,"2017_yk_094","Yukon",2016,NA,NA,NA,881.9154533,1013.123309,1619.16,0.722310649
380,199.12,0.715734303226556,0.569185364462806,398.24,"2017_yk_094","Yukon",2016,NA,NA,NA,881.9154533,1013.123309,1619.16,0.722310649
381,199.644,0.715156182484074,0.563364213745875,399.288,"2017_yk_094","Yukon",2016,NA,NA,NA,881.9154533,1013.123309,1619.16,0.722310649
382,200.168,0.714803927128069,0.568615434069844,400.336,"2017_yk_094","Yukon",2016,NA,NA,NA,881.9154533,1013.123309,1619.16,0.722310649
383,200.692,0.715865751666093,0.566212893009232,401.384,"2017_yk_094","Yukon",2016,NA,NA,NA,881.9154533,1013.123309,1619.16,0.722310649
384,201.216,0.715742586147204,0.553807785552651,402.432,"2017_yk_094","Yukon",2016,NA,NA,NA,881.9154533,1013.123309,1619.16,0.722310649
385,201.74,0.715532404317464,0.550749699222793,403.48,"2017_yk_094","Yukon",2016,NA,NA,NA,881.9154533,1013.123309,1619.16,0.722310649
386,202.264,0.713679723769939,0.54513829808176,404.528,"2017_yk_094","Yukon",2016,NA,NA,NA,881.9154533,1013.123309,1619.16,0.722310649
387,202.788,0.716683723878464,0.543551706802363,405.576,"2017_yk_094","Yukon",2016,NA,NA,NA,881.9154533,1013.123309,1619.16,0.722310649
388,203.312,0.71390255484753,0.547940287433234,406.624,"2017_yk_094","Yukon",2016,NA,NA,NA,881.9154533,1013.123309,1619.16,0.722310649
389,203.836,0.715415060938601,0.542015337651622,407.672,"2017_yk_094","Yukon",2016,NA,NA,NA,881.9154533,1013.123309,1619.16,0.722310649
390,204.36,0.714287369822022,0.530750880330579,408.72,"2017_yk_094","Yukon",2016,NA,NA,NA,881.9154533,1013.123309,1619.16,0.722310649
391,204.884,0.717364832224489,0.542561241153926,409.768,"2017_yk_094","Yukon",2016,NA,NA,NA,881.9154533,1013.123309,1619.16,0.722310649
392,205.408,0.714002339459024,0.535524867122858,410.816,"2017_yk_094","Yukon",2016,NA,NA,NA,881.9154533,1013.123309,1619.16,0.722310649
393,205.932,0.715329638107115,0.530775798292706,411.864,"2017_yk_094","Yukon",2016,NA,NA,NA,881.9154533,1013.123309,1619.16,0.722310649
394,206.456,0.715133477795673,0.525281365980212,412.912,"2017_yk_094","Yukon",2016,NA,NA,NA,881.9154533,1013.123309,1619.16,0.722310649
395,206.98,0.713540344258818,0.516281049898152,413.96,"2017_yk_094","Yukon",2016,NA,NA,NA,881.9154533,1013.123309,1619.16,0.722310649
396,207.504,0.715803439279515,0.51793015530284,415.008,"2017_yk_094","Yukon",2016,0.715361526240029,0.534392859424368,NA,881.9154533,1013.123309,1619.16,0.722310649
397,208.028,0.716141277082709,0.529565894963542,416.056,"2017_yk_094","Yukon",2016,0.715349953022979,0.534349079305028,-4.37801193406973e-05,881.9154533,1013.123309,1619.16,0.722310649
398,208.552,0.712627100602406,0.531412724547975,417.104,"2017_yk_094","Yukon",2016,0.7152990195621,0.531226056311608,-0.0031230229934196,881.9154533,1013.123309,1619.16,0.722310649
399,209.076,0.714223966774184,0.532764739657651,418.152,"2017_yk_094","Yukon",2016,0.715259452797567,0.527737087360102,-0.00348896895150641,881.9154533,1013.123309,1619.16,0.722310649
400,209.6,0.715440816803378,0.536166453288784,419.2,"2017_yk_094","Yukon",2016,0.715178623558266,0.524936762414401,-0.00280032494570082,881.9154533,1013.123309,1619.16,0.722310649
401,210.124,0.714415200145249,0.528264462004023,420.248,"2017_yk_094","Yukon",2016,0.715125451008277,0.522771928571634,-0.00216483384276722,881.9154533,1013.123309,1619.16,0.722310649
402,210.648,0.715743195611818,0.526687062482243,421.296,"2017_yk_094","Yukon",2016,0.71504400540524,0.520582859668965,-0.0021890689026689,881.9154533,1013.123309,1619.16,0.722310649
403,211.172,0.716492461884532,0.523044815877858,422.344,"2017_yk_094","Yukon",2016,0.71499866764049,0.518260522317169,-0.00232233735179566,881.9154533,1013.123309,1619.16,0.722310649
404,211.696,0.715987817268912,0.528530658388568,423.392,"2017_yk_094","Yukon",2016,0.714978484799293,0.516138517294113,-0.00212200502305648,881.9154533,1013.123309,1619.16,0.722310649
405,212.22,0.713672190782472,0.516579065024703,424.44,"2017_yk_094","Yukon",2016,0.714910449870579,0.514354768935476,-0.00178374835863704,881.9154533,1013.123309,1619.16,0.722310649
406,212.744,0.714579593736975,0.509487317632906,425.488,"2017_yk_094","Yukon",2016,0.714862170554092,0.512695859532251,-0.00165890940322411,881.9154533,1013.123309,1619.16,0.722310649
407,213.268,0.715808828475446,0.501216731753316,426.536,"2017_yk_094","Yukon",2016,0.714796161951641,0.510837391860656,-0.00185846767159537,881.9154533,1013.123309,1619.16,0.722310649
408,213.792,0.716279843444011,0.49185374468637,427.584,"2017_yk_094","Yukon",2016,0.71478064110789,0.508993191830346,-0.00184420003030994,881.9154533,1013.123309,1619.16,0.722310649
409,214.316,0.715229004532761,0.507093423746552,428.632,"2017_yk_094","Yukon",2016,0.714730285511524,0.50749508265549,-0.00149810917485615,881.9154533,1013.123309,1619.16,0.722310649
410,214.84,0.716030297941676,0.511985388841954,429.68,"2017_yk_094","Yukon",2016,0.71470675367738,0.506246459732047,-0.00124862292344274,881.9154533,1013.123309,1619.16,0.722310649
411,215.364,0.714872016344198,0.510132568795207,430.728,"2017_yk_094","Yukon",2016,0.714689111983745,0.505180293492167,-0.00106616623988043,881.9154533,1013.123309,1619.16,0.722310649
412,215.888,0.714850166658033,0.501848104954319,431.776,"2017_yk_094","Yukon",2016,0.71468575007144,0.504017095801091,-0.00116319769107565,881.9154533,1013.123309,1619.16,0.722310649
413,216.412,0.714624983758852,0.499086947523044,432.824,"2017_yk_094","Yukon",2016,0.714675564880788,0.502854873178402,-0.00116222262268895,881.9154533,1013.123309,1619.16,0.722310649
414,216.936,0.711971898988409,0.491757128723589,433.872,"2017_yk_094","Yukon",2016,0.714651425907975,0.502031939807304,-0.000822933371098622,881.9154533,1013.123309,1619.16,0.722310649
415,217.46,0.71431726040389,0.497892843384365,434.92,"2017_yk_094","Yukon",2016,0.714626696015919,0.501052527182089,-0.000979412625214393,881.9154533,1013.123309,1619.16,0.722310649
416,217.984,0.715345992838846,0.49685981517782,435.968,"2017_yk_094","Yukon",2016,0.714626762530189,0.500537761738039,-0.000514765444050158,881.9154533,1013.123309,1619.16,0.722310649
417,218.508,0.713624594790593,0.490162988911539,437.016,"2017_yk_094","Yukon",2016,0.714551109610049,0.500226172328414,-0.000311589409624724,881.9154533,1013.123309,1619.16,0.722310649
418,219.032,0.714820678685896,0.476138958255273,438.064,"2017_yk_094","Yukon",2016,0.71455160476178,0.49970629276699,-0.000519879561424519,881.9154533,1013.123309,1619.16,0.722310649
419,219.556,0.714357329067219,0.473077800346518,439.112,"2017_yk_094","Yukon",2016,0.714512247638042,0.499111347486985,-0.000594945280004533,881.9154533,1013.123309,1619.16,0.722310649
420,220.08,0.716085198965626,0.472571731987637,440.16,"2017_yk_094","Yukon",2016,0.714465679267663,0.498590663261466,-0.000520684225519652,881.9154533,1013.123309,1619.16,0.722310649
421,220.604,0.713121184985321,0.479490371179527,441.208,"2017_yk_094","Yukon",2016,0.714363519754351,0.4979462905528,-0.000644372708665741,881.9154533,1013.123309,1619.16,0.722310649
422,221.128,0.715354941097489,0.468573867626438,442.256,"2017_yk_094","Yukon",2016,0.714361066797422,0.497468182304308,-0.000478108248491649,881.9154533,1013.123309,1619.16,0.722310649
423,221.652,0.715138001519867,0.472401720949832,443.304,"2017_yk_094","Yukon",2016,0.714327024834629,0.497277574839123,-0.000190607465185566,881.9154533,1013.123309,1619.16,0.722310649
424,222.176,0.713514665477507,0.462504983506213,444.352,"2017_yk_094","Yukon",2016,0.714309382445463,0.497542447412749,0.000264872573626729,881.9154533,1013.123309,1619.16,0.722310649
425,222.7,0.713159766903845,0.456702077330822,445.4,"2017_yk_094","Yukon",2016,0.714338310023566,0.498230393943502,0.000687946530752215,881.9154533,1013.123309,1619.16,0.722310649
426,223.224,0.715834726305627,0.453836970029196,446.448,"2017_yk_094","Yukon",2016,0.714279443072245,0.499013674026085,0.000783280082582882,881.9154533,1013.123309,1619.16,0.722310649
427,223.748,0.717090614316116,0.459478353398792,447.496,"2017_yk_094","Yukon",2016,0.714238481066444,0.499606727529523,0.000593053503437968,881.9154533,1013.123309,1619.16,0.722310649
428,224.272,0.714945922598948,0.482086346365982,448.544,"2017_yk_094","Yukon",2016,0.714267624819028,0.500285399221918,0.000678671692395105,881.9154533,1013.123309,1619.16,0.722310649
429,224.796,0.715409075363767,0.468134981595414,449.592,"2017_yk_094","Yukon",2016,0.714243693131491,0.501296785685859,0.0010113864639415,881.9154533,1013.123309,1619.16,0.722310649
430,225.32,0.712973352362343,0.479987432095508,450.64,"2017_yk_094","Yukon",2016,0.714192886317884,0.502178698245598,0.000881912559738462,881.9154533,1013.123309,1619.16,0.722310649
431,225.844,0.714061644669077,0.499131095682144,451.688,"2017_yk_094","Yukon",2016,0.714166097278222,0.503330090503833,0.00115139225823524,881.9154533,1013.123309,1619.16,0.722310649
432,226.368,0.71328344559366,0.489726873490527,452.736,"2017_yk_094","Yukon",2016,0.71410178641041,0.504592258691434,0.00126216818760072,881.9154533,1013.123309,1619.16,0.722310649
433,226.892,0.713899169829334,0.476201777403678,453.784,"2017_yk_094","Yukon",2016,0.714032886035583,0.505709946211929,0.0011176875204959,881.9154533,1013.123309,1619.16,0.722310649
434,227.416,0.713158501271484,0.466412976154981,454.832,"2017_yk_094","Yukon",2016,0.713967552829662,0.506980464882064,0.00127051867013472,881.9154533,1013.123309,1619.16,0.722310649
435,227.94,0.713605637732727,0.477922328423404,455.88,"2017_yk_094","Yukon",2016,0.71392585091536,0.508313989768507,0.00133352488644289,881.9154533,1013.123309,1619.16,0.722310649
436,228.464,0.713476200360388,0.482785256345839,456.928,"2017_yk_094","Yukon",2016,0.713887475739002,0.509563357961595,0.00124936819308807,881.9154533,1013.123309,1619.16,0.722310649
437,228.988,0.712069562728576,0.46901320321267,457.976,"2017_yk_094","Yukon",2016,0.713846665950809,0.51102680808658,0.0014634501249845,881.9154533,1013.123309,1619.16,0.722310649
438,229.512,0.714977969701187,0.476384382077734,459.024,"2017_yk_094","Yukon",2016,0.713787491576523,0.513069582415637,0.00204277432905786,881.9154533,1013.123309,1619.16,0.722310649
439,230.036,0.713223372935406,0.495062213391473,460.072,"2017_yk_094","Yukon",2016,0.713709785018293,0.51491256123111,0.00184297881547235,881.9154533,1013.123309,1619.16,0.722310649
440,230.56,0.714322393177945,0.494267989056242,461.12,"2017_yk_094","Yukon",2016,0.713668716779523,0.516419201683779,0.00150664045266891,881.9154533,1013.123309,1619.16,0.722310649
441,231.084,0.714097680865932,0.499394239353049,462.168,"2017_yk_094","Yukon",2016,0.713628072761698,0.518077480733628,0.0016582790498495,881.9154533,1013.123309,1619.16,0.722310649
442,231.608,0.714602212389823,0.498823572605306,463.216,"2017_yk_094","Yukon",2016,0.713613295742627,0.519725004406123,0.00164752367249443,881.9154533,1013.123309,1619.16,0.722310649
443,232.132,0.715254640226939,0.496479535647896,464.264,"2017_yk_094","Yukon",2016,0.713617069882756,0.521631633654439,0.00190662924831619,881.9154533,1013.123309,1619.16,0.722310649
444,232.656,0.71429424777844,0.50443178328673,465.312,"2017_yk_094","Yukon",2016,0.713634699479303,0.523457793407643,0.0018261597532041,881.9154533,1013.123309,1619.16,0.722310649
445,233.18,0.714048610794104,0.491984941709932,466.36,"2017_yk_094","Yukon",2016,0.71362791234289,0.52510631537202,0.00164852196437659,881.9154533,1013.123309,1619.16,0.722310649
446,233.704,0.713683714626106,0.514252371438748,467.408,"2017_yk_094","Yukon",2016,0.713592227402684,0.526864889235648,0.0017585738636281,881.9154533,1013.123309,1619.16,0.722310649
447,234.228,0.712144548670064,0.524856342224878,468.456,"2017_yk_094","Yukon",2016,0.713592827457014,0.529030395832239,0.00216550659659098,881.9154533,1013.123309,1619.16,0.722310649
448,234.752,0.713932263951446,0.516747513747767,469.504,"2017_yk_094","Yukon",2016,0.713543633035841,0.531336928967719,0.00230653313548002,881.9154533,1013.123309,1619.16,0.722310649
449,235.276,0.713053633514322,0.506318620851352,470.552,"2017_yk_094","Yukon",2016,0.713518329481491,0.533656590763311,0.0023196617955924,881.9154533,1013.123309,1619.16,0.722310649
450,235.8,0.711493267599227,0.4995098267994,471.6,"2017_yk_094","Yukon",2016,0.713453656139063,0.536310355885248,0.00265376512193694,881.9154533,1013.123309,1619.16,0.722310649
451,236.324,0.711235261425791,0.503898878633979,472.648,"2017_yk_094","Yukon",2016,0.713432326693167,0.53889083911532,0.00258048323007221,881.9154533,1013.123309,1619.16,0.722310649
452,236.848,0.713855162043286,0.50683837221336,473.696,"2017_yk_094","Yukon",2016,0.713384881633426,0.541718181290354,0.00282734217503344,881.9154533,1013.123309,1619.16,0.722310649
453,237.372,0.713287120339553,0.519339350381571,474.744,"2017_yk_094","Yukon",2016,0.713382477270967,0.544673018965282,0.0029548376749281,881.9154533,1013.123309,1619.16,0.722310649
454,237.896,0.714074934445732,0.541173720397814,475.792,"2017_yk_094","Yukon",2016,0.713372511417706,0.547444041981711,0.0027710230164294,881.9154533,1013.123309,1619.16,0.722310649
455,238.42,0.715275998944996,0.557557841743287,476.84,"2017_yk_094","Yukon",2016,0.713356481636936,0.549897345954387,0.0024533039726754,881.9154533,1013.123309,1619.16,0.722310649
456,238.944,0.712271422200228,0.564926960257814,477.888,"2017_yk_094","Yukon",2016,0.713298176373211,0.552994894345585,0.00309754839119802,881.9154533,1013.123309,1619.16,0.722310649
457,239.468,0.713683556734647,0.565149105169817,478.936,"2017_yk_094","Yukon",2016,0.713242909167788,0.556244385840418,0.00324949149483333,881.9154533,1013.123309,1619.16,0.722310649
458,239.992,0.71437572575742,0.572133026091681,479.984,"2017_yk_094","Yukon",2016,0.713176347385337,0.559079477727604,0.002835091887186,881.9154533,1013.123309,1619.16,0.722310649
459,240.516,0.712788065521987,0.593447927494143,481.032,"2017_yk_094","Yukon",2016,0.713113867686587,0.56222103316076,0.00314155543315586,881.9154533,1013.123309,1619.16,0.722310649
460,241.04,0.712392407986933,0.58908120687309,482.08,"2017_yk_094","Yukon",2016,0.71311370457932,0.565369006857347,0.0031479736965877,881.9154533,1013.123309,1619.16,0.722310649
461,241.564,0.712807857765555,0.597347997498134,483.128,"2017_yk_094","Yukon",2016,0.713115388501093,0.567937469183411,0.00256846232606367,881.9154533,1013.123309,1619.16,0.722310649
462,242.088,0.711884543543121,0.602417153738286,484.176,"2017_yk_094","Yukon",2016,0.713075904512207,0.570400949347211,0.0024634801637996,881.9154533,1013.123309,1619.16,0.722310649
463,242.612,0.71235843939489,0.59010606710761,485.224,"2017_yk_094","Yukon",2016,0.713039581650936,0.573472870969051,0.00307192162184,881.9154533,1013.123309,1619.16,0.722310649
464,243.136,0.712067824913631,0.604761778596649,486.272,"2017_yk_094","Yukon",2016,0.71302419381921,0.576662524931938,0.00318965396288773,881.9154533,1013.123309,1619.16,0.722310649
465,243.66,0.71117007592438,0.596590558211279,487.32,"2017_yk_094","Yukon",2016,0.71300137786218,0.579541031021554,0.00287850608961515,881.9154533,1013.123309,1619.16,0.722310649
466,244.184,0.712277083155479,0.58444940921819,488.368,"2017_yk_094","Yukon",2016,0.712992412492209,0.582226439531323,0.00268540850976906,881.9154533,1013.123309,1619.16,0.722310649
467,244.708,0.713360241183844,0.589023739252385,489.416,"2017_yk_094","Yukon",2016,0.71302370846821,0.585589172015448,0.00336273248412544,881.9154533,1013.123309,1619.16,0.722310649
468,245.232,0.712729380986888,0.614420204429844,490.464,"2017_yk_094","Yukon",2016,0.712949818537762,0.588678610254133,0.00308943823868468,881.9154533,1013.123309,1619.16,0.722310649
469,245.756,0.710566611038924,0.617672152674892,491.512,"2017_yk_094","Yukon",2016,0.712936941563983,0.591048380024209,0.00236976977007619,881.9154533,1013.123309,1619.16,0.722310649
470,246.28,0.713566203615494,0.602383816002089,492.56,"2017_yk_094","Yukon",2016,0.712883941847641,0.59401891177626,0.00297053175205098,881.9154533,1013.123309,1619.16,0.722310649
471,246.804,0.712433375274724,0.609629311786176,493.608,"2017_yk_094","Yukon",2016,0.712866863591171,0.597276234820658,0.00325732304439807,881.9154533,1013.123309,1619.16,0.722310649
472,247.328,0.713963545513753,0.600699525303991,494.656,"2017_yk_094","Yukon",2016,0.712825741367276,0.600240290494725,0.00296405567406721,881.9154533,1013.123309,1619.16,0.722310649
473,247.852,0.71485143216659,0.613484702422014,495.704,"2017_yk_094","Yukon",2016,0.712776800093751,0.603421492520053,0.00318120202532746,881.9154533,1013.123309,1619.16,0.722310649
474,248.376,0.713029674781229,0.601326713915838,496.752,"2017_yk_094","Yukon",2016,0.712725377235918,0.606124227143926,0.00270273462387349,881.9154533,1013.123309,1619.16,0.722310649
475,248.9,0.713910032219091,0.59680416124696,497.8,"2017_yk_094","Yukon",2016,0.712679953532666,0.608838285199212,0.00271405805528546,881.9154533,1013.123309,1619.16,0.722310649
476,249.424,0.713204896426526,0.602374246995503,498.848,"2017_yk_094","Yukon",2016,0.712636314978837,0.611595636389051,0.00275735118983911,881.9154533,1013.123309,1619.16,0.722310649
477,249.948,0.713660598050388,0.620093384707002,499.896,"2017_yk_094","Yukon",2016,0.712622536192574,0.614466165987365,0.00287052959831424,881.9154533,1013.123309,1619.16,0.722310649
478,250.472,0.71186901341549,0.614530946384071,500.944,"2017_yk_094","Yukon",2016,0.712577337766064,0.617266226232606,0.00280006024524115,881.9154533,1013.123309,1619.16,0.722310649
479,250.996,0.712839115806246,0.612257508082068,501.992,"2017_yk_094","Yukon",2016,0.712517043594031,0.620317290250708,0.00305106401810196,881.9154533,1013.123309,1619.16,0.722310649
480,251.52,0.712204798419942,0.631797639303853,503.04,"2017_yk_094","Yukon",2016,0.712515001978758,0.623444633247039,0.00312734299633066,881.9154533,1013.123309,1619.16,0.722310649
481,252.044,0.711841418231547,0.634319364983866,504.088,"2017_yk_094","Yukon",2016,0.712540253484429,0.626442188128422,0.00299755488138365,881.9154533,1013.123309,1619.16,0.722310649
482,252.568,0.712508237513057,0.638214398128444,505.136,"2017_yk_094","Yukon",2016,0.712475220125486,0.629569947044743,0.003127758916321,881.9154533,1013.123309,1619.16,0.722310649
483,253.092,0.714993739772305,0.649691981445514,506.184,"2017_yk_094","Yukon",2016,0.712444355002083,0.632317780885066,0.00274783384032218,881.9154533,1013.123309,1619.16,0.722310649
484,253.616,0.712916714281873,0.628766364491981,507.232,"2017_yk_094","Yukon",2016,0.712388664650591,0.634521209745686,0.00220342886061997,881.9154533,1013.123309,1619.16,0.722310649
485,254.14,0.712197980057653,0.603900315691347,508.28,"2017_yk_094","Yukon",2016,0.712298820465753,0.636586784387292,0.00206557464160673,881.9154533,1013.123309,1619.16,0.722310649
486,254.664,0.712336410482098,0.63968987350108,509.328,"2017_yk_094","Yukon",2016,0.712280585446841,0.638290387390376,0.00170360300308403,881.9154533,1013.123309,1619.16,0.722310649
487,255.188,0.713774581990706,0.65444784308879,510.376,"2017_yk_094","Yukon",2016,0.71225294514582,0.639645122377186,0.00135473498680971,881.9154533,1013.123309,1619.16,0.722310649
488,255.712,0.710952215651924,0.652191859597146,511.424,"2017_yk_094","Yukon",2016,0.712208671245218,0.6415228919291,0.00187776955191432,881.9154533,1013.123309,1619.16,0.722310649
489,256.236,0.711660293438728,0.656628307584763,512.472,"2017_yk_094","Yukon",2016,0.712188774336847,0.643323485574015,0.00180059364491469,881.9154533,1013.123309,1619.16,0.722310649
490,256.76,0.712963565926379,0.668865853890775,513.52,"2017_yk_094","Yukon",2016,0.712177867341589,0.645152780904098,0.00182929533008325,881.9154533,1013.123309,1619.16,0.722310649
491,257.284,0.71416267997542,0.653238835245964,514.568,"2017_yk_094","Yukon",2016,0.712154895090753,0.646747555078175,0.00159477417407672,881.9154533,1013.123309,1619.16,0.722310649
492,257.808,0.710914406260545,0.637535683318504,515.616,"2017_yk_094","Yukon",2016,0.71213610911852,0.648561801991228,0.00181424691305254,881.9154533,1013.123309,1619.16,0.722310649
493,258.332,0.711719798153034,0.660517074714079,516.664,"2017_yk_094","Yukon",2016,0.712103400624164,0.650727534356272,0.00216573236504469,881.9154533,1013.123309,1619.16,0.722310649
494,258.856,0.712235231367968,0.65779221392824,517.712,"2017_yk_094","Yukon",2016,0.71208432554699,0.65302762801975,0.00230009366347805,881.9154533,1013.123309,1619.16,0.722310649
495,259.38,0.712236680310907,0.650632693800314,518.76,"2017_yk_094","Yukon",2016,0.712078506620554,0.655255849170363,0.00222822115061283,881.9154533,1013.123309,1619.16,0.722310649
496,259.904,0.712938278162085,0.643909766931986,519.808,"2017_yk_094","Yukon",2016,0.712073394123763,0.657130676374905,0.00187482720454213,881.9154533,1013.123309,1619.16,0.722310649
497,260.428,0.713947321288676,0.670777152260197,520.856,"2017_yk_094","Yukon",2016,0.712055054747495,0.659587136264693,0.00245645988978727,881.9154533,1013.123309,1619.16,0.722310649
498,260.952,0.710544573874291,0.661750676398814,521.904,"2017_yk_094","Yukon",2016,0.712015514431317,0.661536096814861,0.0019489605501688,881.9154533,1013.123309,1619.16,0.722310649
499,261.476,0.712450754508644,0.637248399596049,522.952,"2017_yk_094","Yukon",2016,0.712049684089659,0.663155320980868,0.00161922416600646,881.9154533,1013.123309,1619.16,0.722310649
500,262,0.711142410197424,0.672499894179297,524,"2017_yk_094","Yukon",2016,0.712006759431947,0.664355282795765,0.00119996181489757,881.9154533,1013.123309,1619.16,0.722310649
501,262.524,0.713072985477736,0.694833622016937,525.048,"2017_yk_094","Yukon",2016,0.711987413390369,0.665639260515136,0.00128397771937017,881.9154533,1013.123309,1619.16,0.722310649
502,263.048,0.712134878956121,0.676666913049342,526.096,"2017_yk_094","Yukon",2016,0.711911951120934,0.668040026516924,0.00240076600178807,881.9154533,1013.123309,1619.16,0.722310649
503,263.572,0.712318163815486,0.687351657167542,527.144,"2017_yk_094","Yukon",2016,0.711842445104484,0.670517896200515,0.00247786968359143,881.9154533,1013.123309,1619.16,0.722310649
504,264.096,0.711208876308421,0.666595860719134,528.192,"2017_yk_094","Yukon",2016,0.711793476920741,0.672828335644439,0.00231043944392428,881.9154533,1013.123309,1619.16,0.722310649
505,264.62,0.711323188598995,0.654828425027056,529.24,"2017_yk_094","Yukon",2016,0.7117648993416,0.674731980193574,0.00190364454913505,881.9154533,1013.123309,1619.16,0.722310649
506,265.144,0.711065401396388,0.679693442829093,530.288,"2017_yk_094","Yukon",2016,0.71173362279584,0.676372682588567,0.00164070239499248,881.9154533,1013.123309,1619.16,0.722310649
507,265.668,0.711317821494266,0.697088118123736,531.336,"2017_yk_094","Yukon",2016,0.711682664594243,0.678052156015624,0.00167947342705665,881.9154533,1013.123309,1619.16,0.722310649
508,266.192,0.71122035836082,0.684751128462228,532.384,"2017_yk_094","Yukon",2016,0.71167799742529,0.680420302717136,0.00236814670151242,881.9154533,1013.123309,1619.16,0.722310649
509,266.716,0.709435983192381,0.68938246193747,533.432,"2017_yk_094","Yukon",2016,0.711634013290548,0.682947757616668,0.00252745489953177,881.9154533,1013.123309,1619.16,0.722310649
510,267.24,0.711370770682829,0.687150406579248,534.48,"2017_yk_094","Yukon",2016,0.711614651195027,0.684895969493297,0.00194821187662886,881.9154533,1013.123309,1619.16,0.722310649
511,267.764,0.712750351766042,0.683752171516994,535.528,"2017_yk_094","Yukon",2016,0.711614423488173,0.686624828986678,0.00172885949338153,881.9154533,1013.123309,1619.16,0.722310649
512,268.288,0.709953160506696,0.694503907192622,536.576,"2017_yk_094","Yukon",2016,0.711563387522476,0.688550478035168,0.0019256490484898,881.9154533,1013.123309,1619.16,0.722310649
513,268.812,0.711435212935403,0.684209380800902,537.624,"2017_yk_094","Yukon",2016,0.711537075830198,0.690493385877407,0.00194290784223883,881.9154533,1013.123309,1619.16,0.722310649
514,269.336,0.71073351335622,0.673379452035014,538.672,"2017_yk_094","Yukon",2016,0.711498588829182,0.692660957464273,0.00216757158686642,881.9154533,1013.123309,1619.16,0.722310649
515,269.86,0.709885347854686,0.681492320239692,539.72,"2017_yk_094","Yukon",2016,0.711471430013065,0.69478537369958,0.00212441623530679,881.9154533,1013.123309,1619.16,0.722310649
516,270.384,0.711177321065532,0.667143140442852,540.768,"2017_yk_094","Yukon",2016,0.71145720267543,0.696049114056921,0.00126374035734078,881.9154533,1013.123309,1619.16,0.722310649
517,270.908,0.712025138673402,0.646433204378407,541.816,"2017_yk_094","Yukon",2016,0.71140598440514,0.697319134620547,0.00127002056362613,881.9154533,1013.123309,1619.16,0.722310649
518,271.432,0.711719291721304,0.684799199206539,542.864,"2017_yk_094","Yukon",2016,0.711390021774588,0.698493556253321,0.00117442163277415,881.9154533,1013.123309,1619.16,0.722310649
519,271.956,0.71159425101973,0.701483546189018,543.912,"2017_yk_094","Yukon",2016,0.711343813895873,0.699301972044587,0.000808415791266004,881.9154533,1013.123309,1619.16,0.722310649
520,272.48,0.711737988271434,0.698838926678086,544.96,"2017_yk_094","Yukon",2016,0.711293658730448,0.699748370858045,0.000446398813458315,881.9154533,1013.123309,1619.16,0.722310649
521,273.004,0.711429522715401,0.693034447942738,546.008,"2017_yk_094","Yukon",2016,0.71124359212878,0.70039016858974,0.000641797731694149,881.9154533,1013.123309,1619.16,0.722310649
522,273.528,0.710757385209154,0.711271968521438,547.056,"2017_yk_094","Yukon",2016,0.711238841397464,0.70158584460733,0.0011956760175903,881.9154533,1013.123309,1619.16,0.722310649
523,274.052,0.710395929733517,0.72005000901029,548.104,"2017_yk_094","Yukon",2016,0.711227233720484,0.70276676699879,0.00118092239145995,881.9154533,1013.123309,1619.16,0.722310649
524,274.576,0.710923320283209,0.742767398405338,549.152,"2017_yk_094","Yukon",2016,0.711221356957469,0.704289558798401,0.0015227917996109,881.9154533,1013.123309,1619.16,0.722310649
525,275.1,0.71082094033822,0.730283827248048,550.2,"2017_yk_094","Yukon",2016,0.711170463778216,0.706013610025943,0.00172405122754204,881.9154533,1013.123309,1619.16,0.722310649
526,275.624,0.711970333347981,0.69693904149072,551.248,"2017_yk_094","Yukon",2016,0.711152715683502,0.707392135582617,0.00137852555667473,881.9154533,1013.123309,1619.16,0.722310649
527,276.148,0.71225987860776,0.736411332639621,552.296,"2017_yk_094","Yukon",2016,0.711123717421269,0.708391766024882,0.000999630442264476,881.9154533,1013.123309,1619.16,0.722310649
528,276.672,0.71035696201625,0.731357837439968,553.344,"2017_yk_094","Yukon",2016,0.711117944514048,0.709696244990193,0.00130447896531116,881.9154533,1013.123309,1619.16,0.722310649
529,277.196,0.71261679053943,0.714825602635279,554.392,"2017_yk_094","Yukon",2016,0.711112127713494,0.710863193984869,0.00116694899467629,881.9154533,1013.123309,1619.16,0.722310649
530,277.72,0.710990724152739,0.674381524895944,555.44,"2017_yk_094","Yukon",2016,0.711117798390559,0.711023050512484,0.00015985652761441,881.9154533,1013.123309,1619.16,0.722310649
531,278.244,0.711272612780072,0.686667974948386,556.488,"2017_yk_094","Yukon",2016,0.711079375911516,0.711581284549862,0.000558234037378647,881.9154533,1013.123309,1619.16,0.722310649
532,278.768,0.709435809347668,0.744745485411277,557.536,"2017_yk_094","Yukon",2016,0.711069130070727,0.712876643766771,0.0012953592169086,881.9154533,1013.123309,1619.16,0.722310649
533,279.292,0.71068107117954,0.762156883437496,558.584,"2017_yk_094","Yukon",2016,0.711036543199267,0.71360103108668,0.000724387319909314,881.9154533,1013.123309,1619.16,0.722310649
534,279.816,0.710091583756644,0.739953080551295,559.632,"2017_yk_094","Yukon",2016,0.711013012575633,0.714405353684551,0.000804322597871221,881.9154533,1013.123309,1619.16,0.722310649
535,280.34,0.71219537747066,0.711022834195063,560.68,"2017_yk_094","Yukon",2016,0.710994720940722,0.715412775667797,0.00100742198324522,881.9154533,1013.123309,1619.16,0.722310649
536,280.864,0.711328303680939,0.700816390695046,561.728,"2017_yk_094","Yukon",2016,0.710960675360699,0.716013332712336,0.000600557044539096,881.9154533,1013.123309,1619.16,0.722310649
537,281.388,0.710603105954539,0.72086179033041,562.776,"2017_yk_094","Yukon",2016,0.710952841886563,0.716690976083708,0.000677643371372327,881.9154533,1013.123309,1619.16,0.722310649
538,281.912,0.711588983278292,0.756619748474813,563.824,"2017_yk_094","Yukon",2016,0.71093638979302,0.717305211391711,0.000614235308002864,881.9154533,1013.123309,1619.16,0.722310649
539,282.436,0.710200067721751,0.763904802053973,564.872,"2017_yk_094","Yukon",2016,0.71096408315912,0.717866500500735,0.000561289109024421,881.9154533,1013.123309,1619.16,0.722310649
540,282.96,0.711043072688665,0.748690351901585,565.92,"2017_yk_094","Yukon",2016,0.710994157427214,0.718243763604556,0.000377263103820136,881.9154533,1013.123309,1619.16,0.722310649
541,283.484,0.711827755820318,0.738050934586756,566.968,"2017_yk_094","Yukon",2016,0.710950342503811,0.717892704014011,-0.000351059590544156,881.9154533,1013.123309,1619.16,0.722310649
542,284.008,0.709446079571231,0.753753341037835,568.016,"2017_yk_094","Yukon",2016,0.710973752841471,0.717504588527904,-0.00038811548610751,881.9154533,1013.123309,1619.16,0.722310649
543,284.532,0.713415038235618,0.766266451979848,569.064,"2017_yk_094","Yukon",2016,0.710963256555735,0.717898850259301,0.000394261731397449,881.9154533,1013.123309,1619.16,0.722310649
544,285.056,0.710607494220922,0.758820659703965,570.112,"2017_yk_094","Yukon",2016,0.710963363890318,0.71810255961184,0.000203709352538439,881.9154533,1013.123309,1619.16,0.722310649
545,285.58,0.710568451090626,0.731365289809756,571.16,"2017_yk_094","Yukon",2016,0.71096795418796,0.718144492889418,4.19332775786208e-05,881.9154533,1013.123309,1619.16,0.722310649
546,286.104,0.711482770224039,0.715514294941523,572.208,"2017_yk_094","Yukon",2016,0.710975167068852,0.718050361852466,-9.41310369528825e-05,881.9154533,1013.123309,1619.16,0.722310649
547,286.628,0.710701485773269,0.730649076906359,573.256,"2017_yk_094","Yukon",2016,0.710975599332114,0.71828859273842,0.000238230885954094,881.9154533,1013.123309,1619.16,0.722310649
548,287.152,0.709994457818806,0.722657157563587,574.304,"2017_yk_094","Yukon",2016,0.710954134622955,0.717864975501097,-0.000423617237322316,881.9154533,1013.123309,1619.16,0.722310649
549,287.676,0.708887820715833,0.705133255060726,575.352,"2017_yk_094","Yukon",2016,0.71093529725572,0.717221166978915,-0.000643808522182487,881.9154533,1013.123309,1619.16,0.722310649
550,288.2,0.709954256000893,0.69564978269827,576.4,"2017_yk_094","Yukon",2016,0.71091143130415,0.716406271408941,-0.000814895569974161,881.9154533,1013.123309,1619.16,0.722310649
551,288.724,0.711158683875368,0.691746699147612,577.448,"2017_yk_094","Yukon",2016,0.710916597439954,0.715861115935583,-0.000545155473357206,881.9154533,1013.123309,1619.16,0.722310649
552,289.248,0.710629362381586,0.709276244373925,578.496,"2017_yk_094","Yukon",2016,0.710897089047462,0.714772406202776,-0.00108870973280761,881.9154533,1013.123309,1619.16,0.722310649
553,289.772,0.71102333753419,0.731372418201674,579.544,"2017_yk_094","Yukon",2016,0.710897730974842,0.713530204570236,-0.00124220163253941,881.9154533,1013.123309,1619.16,0.722310649
554,290.296,0.71188262558709,0.749159721904898,580.592,"2017_yk_094","Yukon",2016,0.710892503007033,0.711720303898882,-0.00180990067135434,881.9154533,1013.123309,1619.16,0.722310649
555,290.82,0.709183089555708,0.754075767452836,581.64,"2017_yk_094","Yukon",2016,0.710874958132845,0.710251717916147,-0.00146858598273469,881.9154533,1013.123309,1619.16,0.722310649
556,291.344,0.71187339247924,0.726621300332471,582.688,"2017_yk_094","Yukon",2016,0.710898454085498,0.709318742070056,-0.000932975846090978,881.9154533,1013.123309,1619.16,0.722310649
557,291.868,0.712207425554737,0.730754978796068,583.736,"2017_yk_094","Yukon",2016,0.710866376973424,0.707411553024042,-0.00190718904601472,881.9154533,1013.123309,1619.16,0.722310649
558,292.392,0.710198199441027,0.740019414317482,584.784,"2017_yk_094","Yukon",2016,0.710892940916828,0.705279433395839,-0.00213211962820248,881.9154533,1013.123309,1619.16,0.722310649
559,292.916,0.712101746475407,0.707265339276629,585.832,"2017_yk_094","Yukon",2016,0.710871255431987,0.703335139548178,-0.00194429384766148,881.9154533,1013.123309,1619.16,0.722310649
560,293.44,0.711482650821331,0.682091285836163,586.88,"2017_yk_094","Yukon",2016,0.710863953070903,0.702123471692079,-0.0012116678560985,881.9154533,1013.123309,1619.16,0.722310649
561,293.964,0.710767636735144,0.728327664259657,587.928,"2017_yk_094","Yukon",2016,0.710832970391244,0.7009782150056,-0.00114525668647891,881.9154533,1013.123309,1619.16,0.722310649
562,294.488,0.711520128508778,0.754388466063858,588.976,"2017_yk_094","Yukon",2016,0.710881195366151,0.698701266703954,-0.00227694830164593,881.9154533,1013.123309,1619.16,0.722310649
563,295.012,0.710362951527882,0.7308148963621,590.024,"2017_yk_094","Yukon",2016,0.710902141836655,0.696140459950679,-0.00256080675327519,881.9154533,1013.123309,1619.16,0.722310649
564,295.536,0.709797038890385,0.714855216591413,591.072,"2017_yk_094","Yukon",2016,0.710916409085699,0.693670447188147,-0.00247001276253234,881.9154533,1013.123309,1619.16,0.722310649
565,296.06,0.710225690504318,0.715273744021764,592.12,"2017_yk_094","Yukon",2016,0.710832145147387,0.691679827592248,-0.00199061959589886,881.9154533,1013.123309,1619.16,0.722310649
566,296.584,0.709022666595043,0.71572686550144,593.168,"2017_yk_094","Yukon",2016,0.710852884192111,0.68968005845639,-0.00199976913585753,881.9154533,1013.123309,1619.16,0.722310649
567,297.108,0.71084781304609,0.737746720406075,594.216,"2017_yk_094","Yukon",2016,0.710872093625902,0.687260964148235,-0.00241909430815535,881.9154533,1013.123309,1619.16,0.722310649
568,297.632,0.71023323274823,0.721605246942401,595.264,"2017_yk_094","Yukon",2016,0.710849275440877,0.683768462888892,-0.00349250125934331,881.9154533,1013.123309,1619.16,0.722310649
569,298.156,0.711097585158411,0.723059808478936,596.312,"2017_yk_094","Yukon",2016,0.710864276711222,0.680312730411219,-0.00345573247767283,881.9154533,1013.123309,1619.16,0.722310649
570,298.68,0.713175226768428,0.709786192808455,597.36,"2017_yk_094","Yukon",2016,0.710839143237969,0.677393577784114,-0.00291915262710507,881.9154533,1013.123309,1619.16,0.722310649
571,299.204,0.710121456361867,0.662688596084347,598.408,"2017_yk_094","Yukon",2016,0.710843489911661,0.674557021306337,-0.00283655647777681,881.9154533,1013.123309,1619.16,0.722310649
572,299.728,0.711357780766297,0.671216978026171,599.456,"2017_yk_094","Yukon",2016,0.710887817027174,0.671263017537498,-0.00329400376883948,881.9154533,1013.123309,1619.16,0.722310649
573,300.252,0.710805435791264,0.707865084684749,600.504,"2017_yk_094","Yukon",2016,0.71084002618705,0.667409532635725,-0.00385348490177284,881.9154533,1013.123309,1619.16,0.722310649
574,300.776,0.710739953431213,0.685602013187321,601.552,"2017_yk_094","Yukon",2016,0.710879477306152,0.663769652072981,-0.00363988056274356,881.9154533,1013.123309,1619.16,0.722310649
575,301.3,0.710160765713214,0.684008316894406,602.6,"2017_yk_094","Yukon",2016,0.710924721497923,0.660851065870788,-0.00291858620219276,881.9154533,1013.123309,1619.16,0.722310649
576,301.824,0.711610093919006,0.66149527822568,603.648,"2017_yk_094","Yukon",2016,0.710897448270552,0.657947669880521,-0.00290339599026745,881.9154533,1013.123309,1619.16,0.722310649
577,302.348,0.712051074469167,0.660727057535657,604.696,"2017_yk_094","Yukon",2016,0.710923881361942,0.654670670033845,-0.00327699984667551,881.9154533,1013.123309,1619.16,0.722310649
578,302.872,0.710431409171722,0.659382164967201,605.744,"2017_yk_094","Yukon",2016,0.710960337191916,0.651673370651049,-0.00299729938279669,881.9154533,1013.123309,1619.16,0.722310649
579,303.396,0.710464008985638,0.662855034858073,606.792,"2017_yk_094","Yukon",2016,0.711033264017998,0.648734844496908,-0.00293852615414103,881.9154533,1013.123309,1619.16,0.722310649
580,303.92,0.710306031177238,0.649945192479637,607.84,"2017_yk_094","Yukon",2016,0.711049601713566,0.646356242373718,-0.0023786021231893,881.9154533,1013.123309,1619.16,0.722310649
581,304.444,0.711739490863681,0.660325119541308,608.888,"2017_yk_094","Yukon",2016,0.711054155233326,0.644095308832179,-0.00226093354153978,881.9154533,1013.123309,1619.16,0.722310649
582,304.968,0.709586881659623,0.645949384552975,609.936,"2017_yk_094","Yukon",2016,0.711074636035368,0.641522415738656,-0.00257289309352282,881.9154533,1013.123309,1619.16,0.722310649
583,305.492,0.710434445376325,0.645517911057929,610.984,"2017_yk_094","Yukon",2016,0.711027080012635,0.63848048243378,-0.00304193330487568,881.9154533,1013.123309,1619.16,0.722310649
584,306.016,0.710609642214646,0.634173358124078,612.032,"2017_yk_094","Yukon",2016,0.711008254306101,0.635218593221309,-0.00326188921247117,881.9154533,1013.123309,1619.16,0.722310649
585,306.54,0.709768247886931,0.64216866828397,613.08,"2017_yk_094","Yukon",2016,0.711035001408419,0.631994577910175,-0.00322401531113392,881.9154533,1013.123309,1619.16,0.722310649
586,307.064,0.713380090507205,0.640960490725261,614.128,"2017_yk_094","Yukon",2016,0.711036122108416,0.629195229262903,-0.00279934864727216,881.9154533,1013.123309,1619.16,0.722310649
587,307.588,0.710335251883272,0.62197998987874,615.176,"2017_yk_094","Yukon",2016,0.711050286973362,0.626584249684915,-0.00261097957798839,881.9154533,1013.123309,1619.16,0.722310649
588,308.112,0.711950798620493,0.60343065974782,616.224,"2017_yk_094","Yukon",2016,0.711103862039272,0.623838851704547,-0.00274539798036733,881.9154533,1013.123309,1619.16,0.722310649
589,308.636,0.711315661449011,0.598167971775588,617.272,"2017_yk_094","Yukon",2016,0.711089530465176,0.621546081532555,-0.0022927701719927,881.9154533,1013.123309,1619.16,0.722310649
590,309.16,0.710552582487665,0.601681453530038,618.32,"2017_yk_094","Yukon",2016,0.711120569294539,0.619641074372143,-0.00190500716041164,881.9154533,1013.123309,1619.16,0.722310649
591,309.684,0.70941365200052,0.617952573759652,619.368,"2017_yk_094","Yukon",2016,0.711139215945793,0.617189941477878,-0.0024511328942648,881.9154533,1013.123309,1619.16,0.722310649
592,310.208,0.712329307842106,0.60812858731252,620.416,"2017_yk_094","Yukon",2016,0.711115525606148,0.614132711856568,-0.00305722962131005,881.9154533,1013.123309,1619.16,0.722310649
593,310.732,0.711937859409813,0.608508478240983,621.464,"2017_yk_094","Yukon",2016,0.711157331419285,0.61135940487939,-0.00277330697717859,881.9154533,1013.123309,1619.16,0.722310649
594,311.256,0.710947618699243,0.591752314799356,622.512,"2017_yk_094","Yukon",2016,0.711191847498689,0.608594103383901,-0.00276530149548837,881.9154533,1013.123309,1619.16,0.722310649
595,311.78,0.707139541171937,0.591585658441136,623.56,"2017_yk_094","Yukon",2016,0.711195243602968,0.60624138847351,-0.00235271491039124,881.9154533,1013.123309,1619.16,0.722310649
596,312.304,0.712572646364419,0.580830242543594,624.608,"2017_yk_094","Yukon",2016,0.711231775957621,0.603940252570761,-0.00230113590274905,881.9154533,1013.123309,1619.16,0.722310649
597,312.828,0.711755671981949,0.57571613184109,625.656,"2017_yk_094","Yukon",2016,0.71124272988851,0.60120715926036,-0.00273309331040028,881.9154533,1013.123309,1619.16,0.722310649
598,313.352,0.710219892176791,0.547069672914213,626.704,"2017_yk_094","Yukon",2016,0.711274102144705,0.598682446674134,-0.002524712586227,881.9154533,1013.123309,1619.16,0.722310649
599,313.876,0.711100143942502,0.55656085339361,627.752,"2017_yk_094","Yukon",2016,0.711298528903554,0.596452246287052,-0.00223020038708155,881.9154533,1013.123309,1619.16,0.722310649
600,314.4,0.709535064293451,0.57354119427528,628.8,"2017_yk_094","Yukon",2016,0.711277611778974,0.594514827903757,-0.00193741838329498,881.9154533,1013.123309,1619.16,0.722310649
601,314.924,0.712088556241858,0.567857545920153,629.848,"2017_yk_094","Yukon",2016,0.71132045497441,0.593372959545373,-0.00114186835838415,881.9154533,1013.123309,1619.16,0.722310649
602,315.448,0.712105706502013,0.55611311490746,630.896,"2017_yk_094","Yukon",2016,0.711312559596546,0.592094904928339,-0.00127805461703423,881.9154533,1013.123309,1619.16,0.722310649
603,315.972,0.71054758782819,0.535057357873476,631.944,"2017_yk_094","Yukon",2016,0.71132710882695,0.59010720526887,-0.00198769965946843,881.9154533,1013.123309,1619.16,0.722310649
604,316.496,0.712974561366991,0.540427825939352,632.992,"2017_yk_094","Yukon",2016,0.711342875676006,0.588487484957086,-0.00161972031178381,881.9154533,1013.123309,1619.16,0.722310649
605,317.02,0.713283102596895,0.556250117678189,634.04,"2017_yk_094","Yukon",2016,0.711344556734174,0.5868276638306,-0.00165982112648588,881.9154533,1013.123309,1619.16,0.722310649
606,317.544,0.709846376581816,0.541310535525477,635.088,"2017_yk_094","Yukon",2016,0.711338467304046,0.585077296416837,-0.00175036741376311,881.9154533,1013.123309,1619.16,0.722310649
607,318.068,0.712287471256678,0.534029086105832,636.136,"2017_yk_094","Yukon",2016,0.711337341457545,0.58360457883097,-0.00147271758586742,881.9154533,1013.123309,1619.16,0.722310649
608,318.592,0.712181807617214,0.542819194595784,637.184,"2017_yk_094","Yukon",2016,0.711333120749167,0.582386239343722,-0.00121833948724825,881.9154533,1013.123309,1619.16,0.722310649
609,319.116,0.713263430280779,0.528821685812266,638.232,"2017_yk_094","Yukon",2016,0.711380175885399,0.58131113634617,-0.00107510299755209,881.9154533,1013.123309,1619.16,0.722310649
610,319.64,0.710934517734971,0.552933655306908,639.28,"2017_yk_094","Yukon",2016,0.711422519089177,0.579903138937084,-0.00140799740908559,881.9154533,1013.123309,1619.16,0.722310649
611,320.164,0.711431895060958,0.556090686655223,640.328,"2017_yk_094","Yukon",2016,0.711443936447294,0.578124820347995,-0.00177831858908883,881.9154533,1013.123309,1619.16,0.722310649
612,320.688,0.711858210504122,0.554902658762558,641.376,"2017_yk_094","Yukon",2016,0.711488946772962,0.57651529109557,-0.00160952925242508,881.9154533,1013.123309,1619.16,0.722310649
613,321.212,0.708169976170201,0.548856419909138,642.424,"2017_yk_094","Yukon",2016,0.711502400106741,0.574626841199908,-0.00188844989566228,881.9154533,1013.123309,1619.16,0.722310649
614,321.736,0.710753083195067,0.553446369156624,643.472,"2017_yk_094","Yukon",2016,0.711520816315876,0.572835867476147,-0.00179097372376114,881.9154533,1013.123309,1619.16,0.722310649
615,322.26,0.710787915694757,0.5606348487848,644.52,"2017_yk_094","Yukon",2016,0.711579770991821,0.570999253659583,-0.00183661381656319,881.9154533,1013.123309,1619.16,0.722310649
616,322.784,0.711940634479046,0.558660381496142,645.568,"2017_yk_094","Yukon",2016,0.711595370976475,0.569309772192998,-0.00168948146658499,881.9154533,1013.123309,1619.16,0.722310649
617,323.308,0.713057317451494,0.574096204116767,646.616,"2017_yk_094","Yukon",2016,0.711628324932016,0.56818395886143,-0.00112581333156836,881.9154533,1013.123309,1619.16,0.722310649
618,323.832,0.713412703395631,0.575295535495439,647.664,"2017_yk_094","Yukon",2016,0.711594806272004,0.567213672133924,-0.000970286727505987,881.9154533,1013.123309,1619.16,0.722310649
619,324.356,0.711241852029641,0.569699128957066,648.712,"2017_yk_094","Yukon",2016,0.711583035689469,0.566007883180527,-0.00120578895339685,881.9154533,1013.123309,1619.16,0.722310649
620,324.88,0.713344980583111,0.567790856211465,649.76,"2017_yk_094","Yukon",2016,0.71163924089838,0.564810381655175,-0.00119750152535258,881.9154533,1013.123309,1619.16,0.722310649
621,325.404,0.711886435810376,0.581259690603768,650.808,"2017_yk_094","Yukon",2016,0.711718953740032,0.563286532760906,-0.00152384889426882,881.9154533,1013.123309,1619.16,0.722310649
622,325.928,0.710098708130095,0.570954688785255,651.856,"2017_yk_094","Yukon",2016,0.711713477617708,0.561717622156658,-0.00156891060424746,881.9154533,1013.123309,1619.16,0.722310649
623,326.452,0.712871300316088,0.564416477731386,652.904,"2017_yk_094","Yukon",2016,0.711704877467534,0.56006680354109,-0.00165081861556837,881.9154533,1013.123309,1619.16,0.722310649
624,326.976,0.711868003654674,0.548937126862111,653.952,"2017_yk_094","Yukon",2016,0.711743809062254,0.558578438873974,-0.00148836466711566,881.9154533,1013.123309,1619.16,0.722310649
625,327.5,0.710429456761032,0.574110849398286,655,"2017_yk_094","Yukon",2016,0.71184624113438,0.557052241149219,-0.00152619772475526,881.9154533,1013.123309,1619.16,0.722310649
626,328.024,0.711214607874248,0.577658711336502,656.048,"2017_yk_094","Yukon",2016,0.711834630367816,0.555958877304419,-0.00109336384479986,881.9154533,1013.123309,1619.16,0.722310649
627,328.548,0.711505048899408,0.573761121782057,657.096,"2017_yk_094","Yukon",2016,0.711842735153522,0.555103140744535,-0.000855736559884579,881.9154533,1013.123309,1619.16,0.722310649
628,329.072,0.712115568119946,0.570122491768774,658.144,"2017_yk_094","Yukon",2016,0.711880662098301,0.554599225090756,-0.00050391565377883,881.9154533,1013.123309,1619.16,0.722310649
629,329.596,0.712563190689305,0.589247785254043,659.192,"2017_yk_094","Yukon",2016,0.711917869472545,0.553804846006217,-0.000794379084538499,881.9154533,1013.123309,1619.16,0.722310649
630,330.12,0.711920199293671,0.593541089810763,660.24,"2017_yk_094","Yukon",2016,0.711965619599604,0.552468405594279,-0.0013364404119387,881.9154533,1013.123309,1619.16,0.722310649
631,330.644,0.712692048087997,0.59417649458129,661.288,"2017_yk_094","Yukon",2016,0.711947572345464,0.550906728085063,-0.00156167750921554,881.9154533,1013.123309,1619.16,0.722310649
632,331.168,0.710884058094468,0.594533701004124,662.336,"2017_yk_094","Yukon",2016,0.711968666972073,0.549519556098614,-0.00138717198644922,881.9154533,1013.123309,1619.16,0.722310649
633,331.692,0.711678389615506,0.588603105116643,663.384,"2017_yk_094","Yukon",2016,0.711980724861777,0.548811515280413,-0.000708040818201194,881.9154533,1013.123309,1619.16,0.722310649
634,332.216,0.71168596437458,0.588418794480293,664.432,"2017_yk_094","Yukon",2016,0.711966578334593,0.547999874126758,-0.000811641153655063,881.9154533,1013.123309,1619.16,0.722310649
635,332.74,0.710261629203294,0.584419049305256,665.48,"2017_yk_094","Yukon",2016,0.711964529894921,0.546503139469246,-0.00149673465751132,881.9154533,1013.123309,1619.16,0.722310649
636,333.264,0.711244728111322,0.556473233399889,666.528,"2017_yk_094","Yukon",2016,0.712037294878976,0.545299564770008,-0.0012035746992386,881.9154533,1013.123309,1619.16,0.722310649
637,333.788,0.711983523679117,0.572364002383616,667.576,"2017_yk_094","Yukon",2016,0.712095124500819,0.544143976763197,-0.00115558800681048,881.9154533,1013.123309,1619.16,0.722310649
638,334.312,0.710178166669041,0.586281795732308,668.624,"2017_yk_094","Yukon",2016,0.712069625885295,0.542931102583571,-0.0012128741796259,881.9154533,1013.123309,1619.16,0.722310649
639,334.836,0.713287317159527,0.59834885500495,669.672,"2017_yk_094","Yukon",2016,0.712043965080994,0.541818800357087,-0.00111230222648462,881.9154533,1013.123309,1619.16,0.722310649
640,335.36,0.712846623403942,0.565465347934498,670.72,"2017_yk_094","Yukon",2016,0.712075168451355,0.540349611714854,-0.00146918864223322,881.9154533,1013.123309,1619.16,0.722310649
641,335.884,0.713024532350655,0.55362600419598,671.768,"2017_yk_094","Yukon",2016,0.712101287549337,0.53873368701481,-0.00161592470004357,881.9154533,1013.123309,1619.16,0.722310649
642,336.408,0.712287501199728,0.549377629407472,672.816,"2017_yk_094","Yukon",2016,0.71211039886079,0.53719684175691,-0.00153684525790032,881.9154533,1013.123309,1619.16,0.722310649
643,336.932,0.711241645403056,0.532210917318189,673.864,"2017_yk_094","Yukon",2016,0.712144970904739,0.535768456926966,-0.00142838482994379,881.9154533,1013.123309,1619.16,0.722310649
644,337.456,0.711714614762758,0.526714934698405,674.912,"2017_yk_094","Yukon",2016,0.71217879472498,0.53425133591458,-0.00151712101238555,881.9154533,1013.123309,1619.16,0.722310649
645,337.98,0.713305528443652,0.531971839290181,675.96,"2017_yk_094","Yukon",2016,0.712200518960067,0.532298651016875,-0.00195268489770484,881.9154533,1013.123309,1619.16,0.722310649
646,338.504,0.714316089586407,0.539591602730159,677.008,"2017_yk_094","Yukon",2016,0.712250153412138,0.530441229977584,-0.00185742103929165,881.9154533,1013.123309,1619.16,0.722310649
647,339.028,0.712312489215768,0.554431189984633,678.056,"2017_yk_094","Yukon",2016,0.712241047418386,0.528132428254579,-0.00230880172300485,881.9154533,1013.123309,1619.16,0.722310649
648,339.552,0.709939679019768,0.545213456097459,679.104,"2017_yk_094","Yukon",2016,0.71225480147104,0.526028580517337,-0.0021038477372417,881.9154533,1013.123309,1619.16,0.722310649
649,340.076,0.710609426496901,0.525820634571782,680.152,"2017_yk_094","Yukon",2016,0.712313208679719,0.524348881463987,-0.00167969905335008,881.9154533,1013.123309,1619.16,0.722310649
650,340.6,0.713924895022351,0.529831362008879,681.2,"2017_yk_094","Yukon",2016,0.712302487666689,0.522320663871524,-0.00202821759246286,881.9154533,1013.123309,1619.16,0.722310649
651,341.124,0.714196422499589,0.526521640103522,682.248,"2017_yk_094","Yukon",2016,0.712329102068098,0.519894463894735,-0.00242619997678883,881.9154533,1013.123309,1619.16,0.722310649
652,341.648,0.712000740502688,0.51399395105767,683.296,"2017_yk_094","Yukon",2016,0.712393842544185,0.517845644634643,-0.00204881926009215,881.9154533,1013.123309,1619.16,0.722310649
653,342.172,0.711421850399373,0.509459361306881,684.344,"2017_yk_094","Yukon",2016,0.712384804029658,0.516225413554624,-0.00162023108001952,881.9154533,1013.123309,1619.16,0.722310649
654,342.696,0.71328351438246,0.502450434772417,685.392,"2017_yk_094","Yukon",2016,0.712445042315983,0.51468835684512,-0.00153705670950421,881.9154533,1013.123309,1619.16,0.722310649
655,343.22,0.71328546549949,0.500013794955825,686.44,"2017_yk_094","Yukon",2016,0.712539252269635,0.51233130063867,-0.00235705620644988,881.9154533,1013.123309,1619.16,0.722310649
656,343.744,0.711876000370585,0.515228411855601,687.488,"2017_yk_094","Yukon",2016,0.712571179316088,0.510029762068033,-0.00230153857063709,881.9154533,1013.123309,1619.16,0.722310649
657,344.268,0.712241959124316,0.524371938248017,688.536,"2017_yk_094","Yukon",2016,0.712610626724321,0.507903983170356,-0.00212577889767651,881.9154533,1013.123309,1619.16,0.722310649
658,344.792,0.712495508863484,0.516834733687481,689.584,"2017_yk_094","Yukon",2016,0.712572248610971,0.50582002892927,-0.00208395424108665,881.9154533,1013.123309,1619.16,0.722310649
659,345.316,0.713332586397171,0.508898108321297,690.632,"2017_yk_094","Yukon",2016,0.712551006831362,0.503321857539841,-0.00249817138942854,881.9154533,1013.123309,1619.16,0.722310649
660,345.84,0.712400071916986,0.493354769558958,691.68,"2017_yk_094","Yukon",2016,0.712539078331734,0.500821426068954,-0.00250043147088719,881.9154533,1013.123309,1619.16,0.722310649
661,346.364,0.711005720993449,0.474156895367223,692.728,"2017_yk_094","Yukon",2016,0.712530396767609,0.498385218477108,-0.00243620759184543,881.9154533,1013.123309,1619.16,0.722310649
662,346.888,0.713371384098544,0.472882795720504,693.776,"2017_yk_094","Yukon",2016,0.712550165810385,0.49595576216226,-0.00242945631484814,881.9154533,1013.123309,1619.16,0.722310649
663,347.412,0.711271061210427,0.492574908781409,694.824,"2017_yk_094","Yukon",2016,0.712591937523906,0.493764658333042,-0.00219110382921839,881.9154533,1013.123309,1619.16,0.722310649
664,347.936,0.712125769735999,0.491729356720049,695.872,"2017_yk_094","Yukon",2016,0.712621507168572,0.49149302115756,-0.0022716371754814,881.9154533,1013.123309,1619.16,0.722310649
665,348.46,0.713160196216565,0.46644603822751,696.92,"2017_yk_094","Yukon",2016,0.712687875772335,0.489091762997117,-0.00240125816044373,881.9154533,1013.123309,1619.16,0.722310649
666,348.984,0.714212275625127,0.46909605357116,697.968,"2017_yk_094","Yukon",2016,0.712722271677427,0.486910068658957,-0.00218169433816001,881.9154533,1013.123309,1619.16,0.722310649
667,349.508,0.715757248567213,0.464693805697209,699.016,"2017_yk_094","Yukon",2016,0.712722679025234,0.484271650438956,-0.00263841822000016,881.9154533,1013.123309,1619.16,0.722310649
668,350.032,0.710651890685813,0.47004674381823,700.064,"2017_yk_094","Yukon",2016,0.712798338953334,0.4816964492568,-0.00257520118215604,881.9154533,1013.123309,1619.16,0.722310649
669,350.556,0.711723782022687,0.462083552223186,701.112,"2017_yk_094","Yukon",2016,0.712780963818732,0.478919592078259,-0.00277685717854143,881.9154533,1013.123309,1619.16,0.722310649
670,351.08,0.712806719956652,0.464782336772915,702.16,"2017_yk_094","Yukon",2016,0.712811764322036,0.476724552207387,-0.00219503987087244,881.9154533,1013.123309,1619.16,0.722310649
671,351.604,0.712999040939865,0.459135204652609,703.208,"2017_yk_094","Yukon",2016,0.712809624754965,0.474735883646067,-0.00198866856132007,881.9154533,1013.123309,1619.16,0.722310649
672,352.128,0.712404889191285,0.462691943288542,704.256,"2017_yk_094","Yukon",2016,0.712837342515618,0.472924223536894,-0.00181166010917211,881.9154533,1013.123309,1619.16,0.722310649
673,352.652,0.710244298807181,0.463153330112504,705.304,"2017_yk_094","Yukon",2016,0.712882229460804,0.471213082150441,-0.00171114138645295,881.9154533,1013.123309,1619.16,0.722310649
674,353.176,0.712782512409518,0.462419108413494,706.352,"2017_yk_094","Yukon",2016,0.712934089522447,0.469805045730259,-0.00140803642018239,881.9154533,1013.123309,1619.16,0.722310649
675,353.7,0.712091369799969,0.443473754922509,707.4,"2017_yk_094","Yukon",2016,0.712942325317924,0.468576111262829,-0.00122893446743039,881.9154533,1013.123309,1619.16,0.722310649
676,354.224,0.714918701603314,0.447215119138641,708.448,"2017_yk_094","Yukon",2016,0.71290539409248,0.467314749028302,-0.00126136223452655,881.9154533,1013.123309,1619.16,0.722310649
677,354.748,0.712510957826359,0.435568100736479,709.496,"2017_yk_094","Yukon",2016,0.712920654731528,0.465627329427467,-0.00168741960083535,881.9154533,1013.123309,1619.16,0.722310649
678,355.272,0.714237946554861,0.449064671260935,710.544,"2017_yk_094","Yukon",2016,0.71299512261768,0.464200064842456,-0.0014272645850108,881.9154533,1013.123309,1619.16,0.722310649
679,355.796,0.714746284550381,0.468917185756063,711.592,"2017_yk_094","Yukon",2016,0.713060087592931,0.463209508088208,-0.000990556754247862,881.9154533,1013.123309,1619.16,0.722310649
680,356.32,0.712701719801337,0.446097800663696,712.64,"2017_yk_094","Yukon",2016,0.713087386072097,0.46230661283372,-0.000902895254488167,881.9154533,1013.123309,1619.16,0.722310649
681,356.844,0.713483299894881,0.435687691996437,713.688,"2017_yk_094","Yukon",2016,0.713120073622608,0.461170998101912,-0.00113561473180762,881.9154533,1013.123309,1619.16,0.722310649
682,357.368,0.71398313669532,0.448025533179726,714.736,"2017_yk_094","Yukon",2016,0.713161930123408,0.460017603821979,-0.00115339427993355,881.9154533,1013.123309,1619.16,0.722310649
683,357.892,0.712328989444461,0.467202612930214,715.784,"2017_yk_094","Yukon",2016,0.713219413523566,0.458967122481683,-0.00105048134029584,881.9154533,1013.123309,1619.16,0.722310649
684,358.416,0.715482300834176,0.456713724291858,716.832,"2017_yk_094","Yukon",2016,0.71325629632517,0.458200011034893,-0.000767111446790314,881.9154533,1013.123309,1619.16,0.722310649
685,358.94,0.716082053980191,0.432687477011295,717.88,"2017_yk_094","Yukon",2016,0.713284425059014,0.457672403301055,-0.00052760773383792,881.9154533,1013.123309,1619.16,0.722310649
686,359.464,0.713130230661405,0.439566397098279,718.928,"2017_yk_094","Yukon",2016,0.713276670547121,0.45678461172901,-0.00088779157204516,881.9154533,1013.123309,1619.16,0.722310649
687,359.988,0.713871893393376,0.446214387921466,719.976,"2017_yk_094","Yukon",2016,0.71328946523543,0.455734712535268,-0.00104989919374121,881.9154533,1013.123309,1619.16,0.722310649
688,360.512,0.709812881318934,0.445085237303572,721.024,"2017_yk_094","Yukon",2016,0.713359535529936,0.454997841085873,-0.00073687144939516,881.9154533,1013.123309,1619.16,0.722310649
689,361.036,0.71128868391279,0.439357501888333,722.072,"2017_yk_094","Yukon",2016,0.713390194701148,0.454151156064831,-0.000846685021042293,881.9154533,1013.123309,1619.16,0.722310649
690,361.56,0.71120448931598,0.443515201557532,723.12,"2017_yk_094","Yukon",2016,0.71338968819986,0.453443148629114,-0.000708007435716806,881.9154533,1013.123309,1619.16,0.722310649
691,362.084,0.712171154240493,0.448004039070563,724.168,"2017_yk_094","Yukon",2016,0.71345741185021,0.453342944296356,-0.000100204332757814,881.9154533,1013.123309,1619.16,0.722310649
692,362.608,0.712070200661058,0.448766322113236,725.216,"2017_yk_094","Yukon",2016,0.713465586568596,0.453318904835701,-2.40394606557115e-05,881.9154533,1013.123309,1619.16,0.722310649
693,363.132,0.714184692426765,0.457136875363537,726.264,"2017_yk_094","Yukon",2016,0.713510867533609,0.452794647174014,-0.000524257661686067,881.9154533,1013.123309,1619.16,0.722310649
694,363.656,0.71346014305453,0.45212056395141,727.312,"2017_yk_094","Yukon",2016,0.713552121877582,0.452257208274555,-0.00053743889945923,881.9154533,1013.123309,1619.16,0.722310649
695,364.18,0.714243745429089,0.440343559678632,728.36,"2017_yk_094","Yukon",2016,0.713562454909096,0.45221282686912,-4.43814054356118e-05,881.9154533,1013.123309,1619.16,0.722310649
696,364.704,0.713308482416816,0.425571573110287,729.408,"2017_yk_094","Yukon",2016,0.713577752047378,0.452228657056885,1.58301877656863e-05,881.9154533,1013.123309,1619.16,0.722310649
697,365.228,0.712007964547542,0.414058909183605,730.456,"2017_yk_094","Yukon",2016,0.713541613012148,0.451960045872201,-0.000268611184684131,881.9154533,1013.123309,1619.16,0.722310649
698,365.752,0.714717762355049,0.431769724802947,731.504,"2017_yk_094","Yukon",2016,0.713585978674337,0.451456708867379,-0.000503337004822246,881.9154533,1013.123309,1619.16,0.722310649
699,366.276,0.712244809083413,0.431737424292463,732.552,"2017_yk_094","Yukon",2016,0.713597035596505,0.450927761742189,-0.000528947125189916,881.9154533,1013.123309,1619.16,0.722310649
700,366.8,0.714694653602166,0.433762955682152,733.6,"2017_yk_094","Yukon",2016,0.71361084574763,0.450613462637967,-0.000314299104221927,881.9154533,1013.123309,1619.16,0.722310649
701,367.324,0.712896158326411,0.434305890516774,734.648,"2017_yk_094","Yukon",2016,0.71364384845853,0.450560947006234,-5.2515631733252e-05,881.9154533,1013.123309,1619.16,0.722310649
702,367.848,0.713950566838889,0.440678022857143,735.696,"2017_yk_094","Yukon",2016,0.713691281546571,0.450700645000341,0.000139697994107346,881.9154533,1013.123309,1619.16,0.722310649
703,368.372,0.713934862114242,0.429542434131013,736.744,"2017_yk_094","Yukon",2016,0.713806510448442,0.450861478440606,0.000160833440265296,881.9154533,1013.123309,1619.16,0.722310649
704,368.896,0.7148262184613,0.442232749487464,737.792,"2017_yk_094","Yukon",2016,0.713864627893794,0.451012326777795,0.000150848337188758,881.9154533,1013.123309,1619.16,0.722310649
705,369.42,0.713799676172302,0.458235771244354,738.84,"2017_yk_094","Yukon",2016,0.713933540368557,0.451250490377864,0.000238163600069174,881.9154533,1013.123309,1619.16,0.722310649
706,369.944,0.71210021605977,0.463909868658565,739.888,"2017_yk_094","Yukon",2016,0.713897781189724,0.451603182427362,0.000352692049497616,881.9154533,1013.123309,1619.16,0.722310649
707,370.468,0.713228127558642,0.453186013934511,740.936,"2017_yk_094","Yukon",2016,0.713969030817178,0.452262542622295,0.000659360194933178,881.9154533,1013.123309,1619.16,0.722310649
708,370.992,0.714407752188854,0.459577580996814,741.984,"2017_yk_094","Yukon",2016,0.713999344506231,0.452701783351806,0.000439240729511015,881.9154533,1013.123309,1619.16,0.722310649
709,371.516,0.714507325011975,0.466387229316908,743.032,"2017_yk_094","Yukon",2016,0.713980061149114,0.452683418233958,-1.83651178478073e-05,881.9154533,1013.123309,1619.16,0.722310649
710,372.04,0.715562803772331,0.47565764673959,744.08,"2017_yk_094","Yukon",2016,0.714008114049774,0.452975515917236,0.000292097683278036,881.9154533,1013.123309,1619.16,0.722310649
711,372.564,0.716157675530251,0.458384756195064,745.128,"2017_yk_094","Yukon",2016,0.714032853091474,0.453308512666388,0.000332996749151104,881.9154533,1013.123309,1619.16,0.722310649
712,373.088,0.714512130550651,0.444790294261656,746.176,"2017_yk_094","Yukon",2016,0.714038855755495,0.453286812119811,-2.17005465765752e-05,881.9154533,1013.123309,1619.16,0.722310649
713,373.612,0.714870854408854,0.446430480889131,747.224,"2017_yk_094","Yukon",2016,0.714090744979974,0.453055867864067,-0.000230944255744381,881.9154533,1013.123309,1619.16,0.722310649
714,374.136,0.715496482478729,0.456423747964996,748.272,"2017_yk_094","Yukon",2016,0.71408629661384,0.453057236434452,1.36857038496307e-06,881.9154533,1013.123309,1619.16,0.722310649
715,374.66,0.7149731895301,0.468357330925553,749.32,"2017_yk_094","Yukon",2016,0.714053734068423,0.453673577837083,0.00061634140263167,881.9154533,1013.123309,1619.16,0.722310649
716,375.184,0.711410729657006,0.461960917532889,750.368,"2017_yk_094","Yukon",2016,0.714069858177537,0.454373292676005,0.000699714838921339,881.9154533,1013.123309,1619.16,0.722310649
717,375.708,0.713009640422845,0.461377986623544,751.416,"2017_yk_094","Yukon",2016,0.714061943824262,0.454890634793631,0.000517342117626607,881.9154533,1013.123309,1619.16,0.722310649
718,376.232,0.716699726533864,0.472622446723773,752.464,"2017_yk_094","Yukon",2016,0.714142982535563,0.455449931615744,0.000559296822112976,881.9154533,1013.123309,1619.16,0.722310649
719,376.756,0.715172136669907,0.458097007058761,753.512,"2017_yk_094","Yukon",2016,0.714196630943981,0.455988454759319,0.000538523143574943,881.9154533,1013.123309,1619.16,0.722310649
720,377.28,0.712369681839729,0.450874323415949,754.56,"2017_yk_094","Yukon",2016,0.714295854255548,0.456389008429571,0.000400553670251769,881.9154533,1013.123309,1619.16,0.722310649
721,377.804,0.715069140014431,0.468144635401756,755.608,"2017_yk_094","Yukon",2016,0.714377500174912,0.456423193527617,3.41850980460912e-05,881.9154533,1013.123309,1619.16,0.722310649
722,378.328,0.713861867201726,0.471440428081158,756.656,"2017_yk_094","Yukon",2016,0.714416204300536,0.456501677856936,7.84843293186732e-05,881.9154533,1013.123309,1619.16,0.722310649
723,378.852,0.713987919111167,0.461119449080244,757.704,"2017_yk_094","Yukon",2016,0.71446106843977,0.456451800669004,-4.98771879320348e-05,881.9154533,1013.123309,1619.16,0.722310649
724,379.376,0.714601030374391,0.459483022752497,758.752,"2017_yk_094","Yukon",2016,0.714472809607136,0.456502531091491,5.07304224875438e-05,881.9154533,1013.123309,1619.16,0.722310649
725,379.9,0.713780178107423,0.463783153901377,759.8,"2017_yk_094","Yukon",2016,0.714510827084279,0.456689185123065,0.00018665403157353,881.9154533,1013.123309,1619.16,0.722310649
726,380.424,0.715130103922002,0.4700458648371,760.848,"2017_yk_094","Yukon",2016,0.714534943733785,0.457207066013013,0.000517880889948308,881.9154533,1013.123309,1619.16,0.722310649
727,380.948,0.71358890645343,0.448577134616161,761.896,"2017_yk_094","Yukon",2016,0.714623803556923,0.457838449382078,0.000631383369064875,881.9154533,1013.123309,1619.16,0.722310649
728,381.472,0.713313830417192,0.439846523528893,762.944,"2017_yk_094","Yukon",2016,0.71461484431444,0.458223967775766,0.000385518393687778,881.9154533,1013.123309,1619.16,0.722310649
729,381.996,0.71238719735272,0.430346724711792,763.992,"2017_yk_094","Yukon",2016,0.714642196636261,0.458560791660619,0.000336823884853676,881.9154533,1013.123309,1619.16,0.722310649
730,382.52,0.713635329024184,0.445924390519602,765.04,"2017_yk_094","Yukon",2016,0.714667853132484,0.459108635763906,0.000547844103286621,881.9154533,1013.123309,1619.16,0.722310649
731,383.044,0.714979203593869,0.455984266748614,766.088,"2017_yk_094","Yukon",2016,0.71472803529579,0.459669855396994,0.000561219633088361,881.9154533,1013.123309,1619.16,0.722310649
732,383.568,0.715250874473751,0.471073822934982,767.136,"2017_yk_094","Yukon",2016,0.714733253765952,0.460054475595674,0.000384620198679408,881.9154533,1013.123309,1619.16,0.722310649
733,384.092,0.717158032919412,0.472803336528422,768.184,"2017_yk_094","Yukon",2016,0.714751084407539,0.460781927338848,0.000727451743174345,881.9154533,1013.123309,1619.16,0.722310649
734,384.616,0.716269559130628,0.471470008644819,769.232,"2017_yk_094","Yukon",2016,0.71478946403844,0.461343978229721,0.000562050890873189,881.9154533,1013.123309,1619.16,0.722310649
735,385.14,0.716226118285767,0.457763570926659,770.28,"2017_yk_094","Yukon",2016,0.714833473632405,0.46141362262751,6.96443977886152e-05,881.9154533,1013.123309,1619.16,0.722310649
736,385.664,0.7127731508733,0.4683766421085,771.328,"2017_yk_094","Yukon",2016,0.714892283482499,0.461386488776495,-2.71338510150487e-05,881.9154533,1013.123309,1619.16,0.722310649
737,386.188,0.716785935473604,0.47512971243247,772.376,"2017_yk_094","Yukon",2016,0.714950591459892,0.461585332716183,0.000198843939688387,881.9154533,1013.123309,1619.16,0.722310649
738,386.712,0.716056767898082,0.475419115031597,773.424,"2017_yk_094","Yukon",2016,0.714968235567149,0.461482150930568,-0.000103181785614748,881.9154533,1013.123309,1619.16,0.722310649
739,387.236,0.713589283123327,0.467815278685195,774.472,"2017_yk_094","Yukon",2016,0.715001390288476,0.461117792424446,-0.000364358506122597,881.9154533,1013.123309,1619.16,0.722310649
740,387.76,0.714384893840976,0.463623661660377,775.52,"2017_yk_094","Yukon",2016,0.715012482832951,0.460773869365871,-0.000343923058574447,881.9154533,1013.123309,1619.16,0.722310649
741,388.284,0.714967642396868,0.455667496945503,776.568,"2017_yk_094","Yukon",2016,0.71506888158231,0.460679238262477,-9.46311033941938e-05,881.9154533,1013.123309,1619.16,0.722310649
742,388.808,0.714343296536564,0.44672350038513,777.616,"2017_yk_094","Yukon",2016,0.715113199953157,0.460773450300039,9.42120375617139e-05,881.9154533,1013.123309,1619.16,0.722310649
743,389.332,0.715442342913207,0.453345957585549,778.664,"2017_yk_094","Yukon",2016,0.715128431533368,0.461039206969412,0.000265756669372619,881.9154533,1013.123309,1619.16,0.722310649
744,389.856,0.71521539886614,0.456795838514957,779.712,"2017_yk_094","Yukon",2016,0.715167442430395,0.461336075418001,0.000296868448589893,881.9154533,1013.123309,1619.16,0.722310649
745,390.38,0.714128301255174,0.469667961169197,780.76,"2017_yk_094","Yukon",2016,0.715145315813701,0.461177827347279,-0.000158248070722011,881.9154533,1013.123309,1619.16,0.722310649
746,390.904,0.714097677208208,0.481549287433559,781.808,"2017_yk_094","Yukon",2016,0.715236352787721,0.460867341149979,-0.000310486197300841,881.9154533,1013.123309,1619.16,0.722310649
747,391.428,0.713397032196925,0.477254914979065,782.856,"2017_yk_094","Yukon",2016,0.71531556229523,0.460608215475831,-0.000259125674147154,881.9154533,1013.123309,1619.16,0.722310649
748,391.952,0.71467520399697,0.47864304663035,783.904,"2017_yk_094","Yukon",2016,0.715330378559018,0.460192264891531,-0.000415950584300606,881.9154533,1013.123309,1619.16,0.722310649
749,392.476,0.71450758841789,0.471668890502832,784.952,"2017_yk_094","Yukon",2016,0.715363103191292,0.459948944960369,-0.000243319931162,881.9154533,1013.123309,1619.16,0.722310649
750,393,0.717157888009954,0.467548421772638,786,"2017_yk_094","Yukon",2016,0.715423797780592,0.459856246782395,-9.26981779742486e-05,881.9154533,1013.123309,1619.16,0.722310649
751,393.524,0.717069909402368,0.450055144953327,787.048,"2017_yk_094","Yukon",2016,0.715415521919463,0.459429715007328,-0.000426531775066685,881.9154533,1013.123309,1619.16,0.722310649
752,394.048,0.714392448198474,0.453475381872358,788.096,"2017_yk_094","Yukon",2016,0.715506005663416,0.458714624374733,-0.000715090632595283,881.9154533,1013.123309,1619.16,0.722310649
753,394.572,0.716876540780818,0.454144244087613,789.144,"2017_yk_094","Yukon",2016,0.715528698810828,0.458150938644193,-0.000563685730539665,881.9154533,1013.123309,1619.16,0.722310649
754,395.096,0.714164613096499,0.455164389300661,790.192,"2017_yk_094","Yukon",2016,0.71554440357242,0.457609625282276,-0.000541313361916818,881.9154533,1013.123309,1619.16,0.722310649
755,395.62,0.71652479405765,0.451542801573044,791.24,"2017_yk_094","Yukon",2016,0.715549219194757,0.456989700655876,-0.000619924626400536,881.9154533,1013.123309,1619.16,0.722310649
756,396.144,0.71475548138719,0.456644426507184,792.288,"2017_yk_094","Yukon",2016,0.715605035912137,0.456199662553763,-0.000790038102112256,881.9154533,1013.123309,1619.16,0.722310649
757,396.668,0.717339553935846,0.451941911327498,793.336,"2017_yk_094","Yukon",2016,0.715670469910991,0.455603239827581,-0.0005964227261821,881.9154533,1013.123309,1619.16,0.722310649
758,397.192,0.714180207806011,0.454900828424213,794.384,"2017_yk_094","Yukon",2016,0.715780573952627,0.455245862596644,-0.000357377230937594,881.9154533,1013.123309,1619.16,0.722310649
759,397.716,0.713885948392706,0.451946857383685,795.432,"2017_yk_094","Yukon",2016,0.715853693110192,0.455249742209017,3.87961237330314e-06,881.9154533,1013.123309,1619.16,0.722310649
760,398.24,0.716234043375536,0.466633601879349,796.48,"2017_yk_094","Yukon",2016,0.715951921484999,0.454735801466713,-0.000513940742303542,881.9154533,1013.123309,1619.16,0.722310649
761,398.764,0.716507088124754,0.467979068502077,797.528,"2017_yk_094","Yukon",2016,0.715980301442459,0.454161935415714,-0.000573866050999794,881.9154533,1013.123309,1619.16,0.722310649
762,399.288,0.714263675048638,0.463755234777906,798.576,"2017_yk_094","Yukon",2016,0.716015325092261,0.453362877807396,-0.000799057608317111,881.9154533,1013.123309,1619.16,0.722310649
763,399.812,0.715004700609483,0.47318953872147,799.624,"2017_yk_094","Yukon",2016,0.716096548636954,0.452722119384365,-0.000640758423031462,881.9154533,1013.123309,1619.16,0.722310649
764,400.336,0.717128996315349,0.475955802939855,800.672,"2017_yk_094","Yukon",2016,0.716146984955531,0.452200358381554,-0.000521761002810817,881.9154533,1013.123309,1619.16,0.722310649
765,400.86,0.716440251810183,0.462414435111673,801.72,"2017_yk_094","Yukon",2016,0.716200246019734,0.451827617752724,-0.000372740628830415,881.9154533,1013.123309,1619.16,0.722310649
766,401.384,0.715628807065413,0.46228183759766,802.768,"2017_yk_094","Yukon",2016,0.71631703643957,0.451130109173112,-0.000697508579611317,881.9154533,1013.123309,1619.16,0.722310649
767,401.908,0.716726606202255,0.465116650315814,803.816,"2017_yk_094","Yukon",2016,0.716377038841086,0.450389272006619,-0.00074083716649348,881.9154533,1013.123309,1619.16,0.722310649
768,402.432,0.715466398624265,0.453386673859929,804.864,"2017_yk_094","Yukon",2016,0.716430049317894,0.449797582139124,-0.000591689867494527,881.9154533,1013.123309,1619.16,0.722310649
769,402.956,0.716496608291564,0.444525718949553,805.912,"2017_yk_094","Yukon",2016,0.716517914220198,0.44927086293227,-0.000526719206854931,881.9154533,1013.123309,1619.16,0.722310649
770,403.48,0.716228356440824,0.455022263225122,806.96,"2017_yk_094","Yukon",2016,0.716596233297683,0.448650035137912,-0.000620827794357903,881.9154533,1013.123309,1619.16,0.722310649
771,404.004,0.719541600491778,0.452706889991414,808.008,"2017_yk_094","Yukon",2016,0.716703214840949,0.448204026237107,-0.000446008900805095,881.9154533,1013.123309,1619.16,0.722310649
772,404.528,0.717171232801475,0.450443016515358,809.056,"2017_yk_094","Yukon",2016,0.716746858220967,0.447846822216945,-0.000357204020161761,881.9154533,1013.123309,1619.16,0.722310649
773,405.052,0.71578474922156,0.462375881051487,810.104,"2017_yk_094","Yukon",2016,0.716831952624138,0.447342970509252,-0.000503851707693237,881.9154533,1013.123309,1619.16,0.722310649
774,405.576,0.717837136300343,0.474235854880387,811.152,"2017_yk_094","Yukon",2016,0.71692163533328,0.446905474538292,-0.000437495970959823,881.9154533,1013.123309,1619.16,0.722310649
775,406.1,0.713645592528452,0.458862446682232,812.2,"2017_yk_094","Yukon",2016,0.717029305862162,0.446129216022933,-0.000776258515358563,881.9154533,1013.123309,1619.16,0.722310649
776,406.624,0.716872948098199,0.443331745694837,813.248,"2017_yk_094","Yukon",2016,0.717122509403455,0.445111818871916,-0.00101739715101745,881.9154533,1013.123309,1619.16,0.722310649
777,407.148,0.717762210873413,0.445830446174715,814.296,"2017_yk_094","Yukon",2016,0.717271467970419,0.444344318264802,-0.000767500607113503,881.9154533,1013.123309,1619.16,0.722310649
778,407.672,0.717588702361138,0.447665411665736,815.344,"2017_yk_094","Yukon",2016,0.717345338149046,0.443491239593244,-0.000853078671558427,881.9154533,1013.123309,1619.16,0.722310649
779,408.196,0.717135614606318,0.443497811189042,816.392,"2017_yk_094","Yukon",2016,0.717462996704625,0.442851206016207,-0.000640033577036736,881.9154533,1013.123309,1619.16,0.722310649
780,408.72,0.716011357197726,0.445312432737493,817.44,"2017_yk_094","Yukon",2016,0.717504969863076,0.44206008145834,-0.000791124557867062,881.9154533,1013.123309,1619.16,0.722310649
781,409.244,0.71457258834672,0.442552728897756,818.488,"2017_yk_094","Yukon",2016,0.717534858652385,0.441338403496033,-0.000721677962306877,881.9154533,1013.123309,1619.16,0.722310649
782,409.768,0.719290891838859,0.42853499012544,819.536,"2017_yk_094","Yukon",2016,0.717627613099833,0.440809216070944,-0.000529187425089062,881.9154533,1013.123309,1619.16,0.722310649
783,410.292,0.715349507955908,0.427298305247866,820.584,"2017_yk_094","Yukon",2016,0.717689683195813,0.440315378223277,-0.000493837847666989,881.9154533,1013.123309,1619.16,0.722310649
784,410.816,0.715543316069951,0.427004221037487,821.632,"2017_yk_094","Yukon",2016,0.717752281512242,0.439756254294563,-0.000559123928713989,881.9154533,1013.123309,1619.16,0.722310649
785,411.34,0.714069115447635,0.426587676317346,822.68,"2017_yk_094","Yukon",2016,0.717792189943577,0.439427707637808,-0.000328546656754913,881.9154533,1013.123309,1619.16,0.722310649
786,411.864,0.718479106964786,0.422643578710363,823.728,"2017_yk_094","Yukon",2016,0.71786896062218,0.439176494346579,-0.000251213291228736,881.9154533,1013.123309,1619.16,0.722310649
787,412.388,0.717514946384675,0.412791771045237,824.776,"2017_yk_094","Yukon",2016,0.717954162887653,0.438853595728423,-0.000322898618156375,881.9154533,1013.123309,1619.16,0.722310649
788,412.912,0.719920072915323,0.418403889672636,825.824,"2017_yk_094","Yukon",2016,0.718042346221726,0.438357148755261,-0.00049644697316209,881.9154533,1013.123309,1619.16,0.722310649
789,413.436,0.716774346806622,0.430579501454189,826.872,"2017_yk_094","Yukon",2016,0.718163144062801,0.437852948221889,-0.00050420053337219,881.9154533,1013.123309,1619.16,0.722310649
790,413.96,0.719529031512633,0.415087945981389,827.92,"2017_yk_094","Yukon",2016,0.718247101447823,0.437216468580789,-0.00063647964110003,881.9154533,1013.123309,1619.16,0.722310649
791,414.484,0.716682001041439,0.421552303688629,828.968,"2017_yk_094","Yukon",2016,0.718271802778265,0.436551890477286,-0.000664578103502234,881.9154533,1013.123309,1619.16,0.722310649
792,415.008,0.717352293461901,0.423130366435955,830.016,"2017_yk_094","Yukon",2016,0.71837950471612,0.436042913781237,-0.000508976696048991,881.9154533,1013.123309,1619.16,0.722310649
793,415.532,0.722031445600974,0.434357831146535,831.064,"2017_yk_094","Yukon",2016,0.718475995408401,0.435107708555693,-0.000935205225544467,881.9154533,1013.123309,1619.16,0.722310649
794,416.056,0.719295738245236,0.440164348476169,832.112,"2017_yk_094","Yukon",2016,0.718532127110502,0.433916103304942,-0.00119160525075068,881.9154533,1013.123309,1619.16,0.722310649
795,416.58,0.719421782137969,0.435399133196834,833.16,"2017_yk_094","Yukon",2016,0.718604943468371,0.433216419462102,-0.000699683842840082,881.9154533,1013.123309,1619.16,0.722310649
796,417.104,0.719780576063416,0.426526127331821,834.208,"2017_yk_094","Yukon",2016,0.718705675769127,0.43294497456073,-0.00027144490137182,881.9154533,1013.123309,1619.16,0.722310649
797,417.628,0.720386079564599,0.430679482442857,835.256,"2017_yk_094","Yukon",2016,0.718753907258308,0.432603736016515,-0.000341238544215805,881.9154533,1013.123309,1619.16,0.722310649
798,418.152,0.719237396506558,0.439917722981926,836.304,"2017_yk_094","Yukon",2016,0.718883650337377,0.432303163891341,-0.000300572125173981,881.9154533,1013.123309,1619.16,0.722310649
799,418.676,0.71886117726157,0.436212126273897,837.352,"2017_yk_094","Yukon",2016,0.718944899452732,0.431836492441707,-0.000466671449633471,881.9154533,1013.123309,1619.16,0.722310649
800,419.2,0.71908403849005,0.426373993998904,838.4,"2017_yk_094","Yukon",2016,0.719052595742702,0.431323065625019,-0.000513426816688423,881.9154533,1013.123309,1619.16,0.722310649
801,419.724,0.721386534992857,0.428906962897199,839.448,"2017_yk_094","Yukon",2016,0.719093161150715,0.430871405201253,-0.000451660423765821,881.9154533,1013.123309,1619.16,0.722310649
802,420.248,0.71696189933763,0.425291259175425,840.496,"2017_yk_094","Yukon",2016,0.719153364310391,0.430113162786724,-0.000758242414528709,881.9154533,1013.123309,1619.16,0.722310649
803,420.772,0.720548007103466,0.423114855123954,841.544,"2017_yk_094","Yukon",2016,0.719279336464223,0.42919723018687,-0.000915932599853841,881.9154533,1013.123309,1619.16,0.722310649
804,421.296,0.720596361414686,0.43054608025737,842.592,"2017_yk_094","Yukon",2016,0.719353599028499,0.428033174269716,-0.00116405591715391,881.9154533,1013.123309,1619.16,0.722310649
805,421.82,0.720588532988108,0.423092450247682,843.64,"2017_yk_094","Yukon",2016,0.719453489790182,0.427194648179817,-0.000838526089899372,881.9154533,1013.123309,1619.16,0.722310649
806,422.344,0.719689889685778,0.420505458372509,844.688,"2017_yk_094","Yukon",2016,0.719544518079348,0.42699502258347,-0.000199625596346953,881.9154533,1013.123309,1619.16,0.722310649
807,422.868,0.722334546214735,0.431204878552255,845.736,"2017_yk_094","Yukon",2016,0.719619722045565,0.426494444045308,-0.000500578538162211,881.9154533,1013.123309,1619.16,0.722310649
808,423.392,0.719107414714596,0.427458326336843,846.784,"2017_yk_094","Yukon",2016,0.719704707386362,0.425698481415712,-0.000795962629596192,881.9154533,1013.123309,1619.16,0.722310649
809,423.916,0.72156710175268,0.43326687588063,847.832,"2017_yk_094","Yukon",2016,0.719790344859606,0.425055697739498,-0.000642783676213787,881.9154533,1013.123309,1619.16,0.722310649
810,424.44,0.719676277517014,0.420080948300613,848.88,"2017_yk_094","Yukon",2016,0.719883782554774,0.424527621967517,-0.00052807577198094,881.9154533,1013.123309,1619.16,0.722310649
811,424.964,0.718863236760878,0.406754467214916,849.928,"2017_yk_094","Yukon",2016,0.720006639346829,0.423848928265531,-0.000678693701985977,881.9154533,1013.123309,1619.16,0.722310649
812,425.488,0.719957715045333,0.421724136367012,850.976,"2017_yk_094","Yukon",2016,0.720020350415192,0.423377452766378,-0.000471475499153551,881.9154533,1013.123309,1619.16,0.722310649
813,426.012,0.720600746539641,0.424513973227595,852.024,"2017_yk_094","Yukon",2016,0.720125578643712,0.422977203080189,-0.000400249686188237,881.9154533,1013.123309,1619.16,0.722310649
814,426.536,0.717920512082212,0.421616953577819,853.072,"2017_yk_094","Yukon",2016,0.720221785857597,0.422427368748697,-0.000549834331492027,881.9154533,1013.123309,1619.16,0.722310649
815,427.06,0.718919299937758,0.43183000216775,854.12,"2017_yk_094","Yukon",2016,0.720350955658739,0.421812745747087,-0.000614623001610581,881.9154533,1013.123309,1619.16,0.722310649
816,427.584,0.719361722103369,0.441571629033459,855.168,"2017_yk_094","Yukon",2016,0.720376776486101,0.421137205479035,-0.000675540268051722,881.9154533,1013.123309,1619.16,0.722310649
817,428.108,0.72245168986427,0.432567994238117,856.216,"2017_yk_094","Yukon",2016,0.720443497817232,0.420613028587502,-0.000524176891533112,881.9154533,1013.123309,1619.16,0.722310649
818,428.632,0.719471207850339,0.425114010034484,857.264,"2017_yk_094","Yukon",2016,0.720496082060308,0.420079302230678,-0.000533726356823472,881.9154533,1013.123309,1619.16,0.722310649
819,429.156,0.721133818857229,0.421694825381355,858.312,"2017_yk_094","Yukon",2016,0.720629370343371,0.419276039926192,-0.000803262304485908,881.9154533,1013.123309,1619.16,0.722310649
820,429.68,0.721271486476853,0.428444823413348,859.36,"2017_yk_094","Yukon",2016,0.72067559419562,0.418719630285353,-0.000556409640839861,881.9154533,1013.123309,1619.16,0.722310649
821,430.204,0.717989167951304,0.428104382291944,860.408,"2017_yk_094","Yukon",2016,0.720790656015526,0.417994954805176,-0.000724675480176518,881.9154533,1013.123309,1619.16,0.722310649
822,430.728,0.720725791319949,0.433216633014966,861.456,"2017_yk_094","Yukon",2016,0.720872401754464,0.417320770631907,-0.000674184173269532,881.9154533,1013.123309,1619.16,0.722310649
823,431.252,0.720794142146321,0.417077225188803,862.504,"2017_yk_094","Yukon",2016,0.720857266412064,0.416455652151787,-0.000865118480119331,881.9154533,1013.123309,1619.16,0.722310649
824,431.776,0.720496898441374,0.404459487894814,863.552,"2017_yk_094","Yukon",2016,0.720923783120529,0.415492374004662,-0.000963278147125046,881.9154533,1013.123309,1619.16,0.722310649
825,432.3,0.720809233282365,0.420433404541267,864.6,"2017_yk_094","Yukon",2016,0.720983044855747,0.414497419946422,-0.000994954058240516,881.9154533,1013.123309,1619.16,0.722310649
826,432.824,0.721672745110748,0.445995143515351,865.648,"2017_yk_094","Yukon",2016,0.721015368315062,0.413787595929209,-0.000709824017212757,881.9154533,1013.123309,1619.16,0.722310649
827,433.348,0.719620495553092,0.444642337662865,866.696,"2017_yk_094","Yukon",2016,0.721016340170897,0.41296340408835,-0.000824191840859356,881.9154533,1013.123309,1619.16,0.722310649
828,433.872,0.723250983368421,0.43535234634949,867.744,"2017_yk_094","Yukon",2016,0.721058914837179,0.411862566202311,-0.00110083788603821,881.9154533,1013.123309,1619.16,0.722310649
829,434.396,0.720171555212867,0.416525431971544,868.792,"2017_yk_094","Yukon",2016,0.72112133271578,0.410695884017516,-0.0011666821847956,881.9154533,1013.123309,1619.16,0.722310649
830,434.92,0.722690133839027,0.424216654223817,869.84,"2017_yk_094","Yukon",2016,0.721159115721803,0.409877412207977,-0.000818471809538424,881.9154533,1013.123309,1619.16,0.722310649
831,435.444,0.721975524972554,0.425607264565465,870.888,"2017_yk_094","Yukon",2016,0.72119685739795,0.409181601173123,-0.000695811034854776,881.9154533,1013.123309,1619.16,0.722310649
832,435.968,0.720783422382042,0.404948471643634,871.936,"2017_yk_094","Yukon",2016,0.721321705481482,0.408316805488253,-0.000864795684869912,881.9154533,1013.123309,1619.16,0.722310649
833,436.492,0.723343078451488,0.407419925060254,872.984,"2017_yk_094","Yukon",2016,0.721331991627225,0.407519136309033,-0.000797669179220084,881.9154533,1013.123309,1619.16,0.722310649
834,437.016,0.722292890156921,0.404392499851155,874.032,"2017_yk_094","Yukon",2016,0.721366652812366,0.406653490145658,-0.000865646163374201,881.9154533,1013.123309,1619.16,0.722310649
835,437.54,0.71963903822943,0.408550881288268,875.08,"2017_yk_094","Yukon",2016,0.721399905262424,0.40573504918625,-0.000918440959408073,881.9154533,1013.123309,1619.16,0.722310649
836,438.064,0.722334645448147,0.43135420991402,876.128,"2017_yk_094","Yukon",2016,0.721467922178654,0.404844744422539,-0.000890304763711103,881.9154533,1013.123309,1619.16,0.722310649
837,438.588,0.722274448846412,0.415795733884983,877.176,"2017_yk_094","Yukon",2016,0.721440184995958,0.403661091817607,-0.00118365260493258,881.9154533,1013.123309,1619.16,0.722310649
838,439.112,0.722687822808963,0.399907653889967,878.224,"2017_yk_094","Yukon",2016,0.721455717132656,0.402548141946589,-0.0011129498710174,881.9154533,1013.123309,1619.16,0.722310649
839,439.636,0.722273863000987,0.404930790616216,879.272,"2017_yk_094","Yukon",2016,0.721450637482859,0.401338835694704,-0.00120930625188476,881.9154533,1013.123309,1619.16,0.722310649
840,440.16,0.721617618907786,0.413627886418638,880.32,"2017_yk_094","Yukon",2016,0.721509899113444,0.400276796591849,-0.00106203910285552,881.9154533,1013.123309,1619.16,0.722310649
841,440.684,0.72194399587005,0.401831106778599,881.368,"2017_yk_094","Yukon",2016,0.721527007348165,0.399282333528015,-0.00099446306383344,881.9154533,1013.123309,1619.16,0.722310649
842,441.208,0.720113555940624,0.400246460176225,882.416,"2017_yk_094","Yukon",2016,0.721537538944123,0.398136933755775,-0.00114539977224032,881.9154533,1013.123309,1619.16,0.722310649
843,441.732,0.72166320166707,0.403283324076572,883.464,"2017_yk_094","Yukon",2016,0.721518090366977,0.396901669193388,-0.00123526456238676,881.9154533,1013.123309,1619.16,0.722310649
844,442.256,0.721315748903064,0.394014161147968,884.512,"2017_yk_094","Yukon",2016,0.721567737306353,0.395675876089728,-0.00122579310365994,881.9154533,1013.123309,1619.16,0.722310649
845,442.78,0.72181930351614,0.389710296220714,885.56,"2017_yk_094","Yukon",2016,0.721616262090933,0.394072964331158,-0.00160291175857075,881.9154533,1013.123309,1619.16,0.722310649
846,443.304,0.720028356606555,0.382111162627261,886.608,"2017_yk_094","Yukon",2016,0.721681065773459,0.392256209759883,-0.00181675457127495,881.9154533,1013.123309,1619.16,0.722310649
847,443.828,0.721518226252485,0.381341157553248,887.656,"2017_yk_094","Yukon",2016,0.721641720692057,0.390724693575557,-0.00153151618432623,881.9154533,1013.123309,1619.16,0.722310649
848,444.352,0.723075127499912,0.386380308263227,888.704,"2017_yk_094","Yukon",2016,0.72171437837315,0.389356081451012,-0.00136861212454492,881.9154533,1013.123309,1619.16,0.722310649
849,444.876,0.724771643790387,0.382383763185033,889.752,"2017_yk_094","Yukon",2016,0.721715774896167,0.387842480629289,-0.00151360082172242,881.9154533,1013.123309,1619.16,0.722310649
850,445.4,0.722302462647575,0.381703367531,890.8,"2017_yk_094","Yukon",2016,0.721767496821968,0.386022505123706,-0.00181997550558305,881.9154533,1013.123309,1619.16,0.722310649
851,445.924,0.723585710235812,0.378071774878036,891.848,"2017_yk_094","Yukon",2016,0.721846843528337,0.38417776682986,-0.00184473829384568,881.9154533,1013.123309,1619.16,0.722310649
852,446.448,0.722257037798176,0.382679316039784,892.896,"2017_yk_094","Yukon",2016,0.721886085855978,0.382148268791293,-0.00202949803856761,881.9154533,1013.123309,1619.16,0.722310649
853,446.972,0.721123325056998,0.38245072233938,893.944,"2017_yk_094","Yukon",2016,0.721950624812058,0.380378713736071,-0.00176955505522158,881.9154533,1013.123309,1619.16,0.722310649
854,447.496,0.723286740753098,0.382367659648665,894.992,"2017_yk_094","Yukon",2016,0.72193820314521,0.378874186940014,-0.00150452679605761,881.9154533,1013.123309,1619.16,0.722310649
855,448.02,0.722977486251096,0.375701889702404,896.04,"2017_yk_094","Yukon",2016,0.721972739955595,0.377135871477318,-0.00173831546269571,881.9154533,1013.123309,1619.16,0.722310649
856,448.544,0.721719983622282,0.383936686299056,897.088,"2017_yk_094","Yukon",2016,0.721982815074493,0.374796465512329,-0.00233940596498927,881.9154533,1013.123309,1619.16,0.722310649
857,449.068,0.720444390914689,0.381227971991295,898.136,"2017_yk_094","Yukon",2016,0.722057090528624,0.372463552849677,-0.00233291266265157,881.9154533,1013.123309,1619.16,0.722310649
858,449.592,0.721791876483517,0.373867449819635,899.184,"2017_yk_094","Yukon",2016,0.722044793600883,0.370355446109977,-0.0021081067396998,881.9154533,1013.123309,1619.16,0.722310649
859,450.116,0.722606249977643,0.36621119518616,900.232,"2017_yk_094","Yukon",2016,0.722016549506129,0.368700737111322,-0.00165470899865489,881.9154533,1013.123309,1619.16,0.722310649
860,450.64,0.721351018851402,0.3772656854266,901.28,"2017_yk_094","Yukon",2016,0.722024815856727,0.366872962420468,-0.00182777469085427,881.9154533,1013.123309,1619.16,0.722310649
861,451.164,0.723651035561672,0.387158300805913,902.328,"2017_yk_094","Yukon",2016,0.722014432028697,0.36490775126551,-0.00196521115495851,881.9154533,1013.123309,1619.16,0.722310649
862,451.688,0.724452784349542,0.373403518083231,903.376,"2017_yk_094","Yukon",2016,0.722020615294792,0.363198237782802,-0.00170951348270754,881.9154533,1013.123309,1619.16,0.722310649
863,452.212,0.721165175848063,0.375254704370749,904.424,"2017_yk_094","Yukon",2016,0.722068941045043,0.361478677805047,-0.00171955997775536,881.9154533,1013.123309,1619.16,0.722310649
864,452.736,0.722676032523167,0.378607310454915,905.472,"2017_yk_094","Yukon",2016,0.722040394352692,0.3597981806644,-0.00168049714064639,881.9154533,1013.123309,1619.16,0.722310649
865,453.26,0.722583679991572,0.367985992683198,906.52,"2017_yk_094","Yukon",2016,0.722126128730224,0.358200261249674,-0.00159791941472642,881.9154533,1013.123309,1619.16,0.722310649
866,453.784,0.723770904659586,0.367087172549842,907.568,"2017_yk_094","Yukon",2016,0.722147847738885,0.356386965681867,-0.00181329556780707,881.9154533,1013.123309,1619.16,0.722310649
867,454.308,0.720670315252937,0.360185722256301,908.616,"2017_yk_094","Yukon",2016,0.722101121278544,0.354758950656477,-0.0016280150253894,881.9154533,1013.123309,1619.16,0.722310649
868,454.832,0.720039342916479,0.3606813340758,909.664,"2017_yk_094","Yukon",2016,0.72210697835183,0.353446938154682,-0.00131201250179502,881.9154533,1013.123309,1619.16,0.722310649
869,455.356,0.721262322764855,0.360708500767543,910.712,"2017_yk_094","Yukon",2016,0.722119558528473,0.35205665151586,-0.00139028663882274,881.9154533,1013.123309,1619.16,0.722310649
870,455.88,0.723231975352153,0.356358602129281,911.76,"2017_yk_094","Yukon",2016,0.722103531102311,0.350462366604387,-0.00159428491147279,881.9154533,1013.123309,1619.16,0.722310649
871,456.404,0.719889730844118,0.34708668338491,912.808,"2017_yk_094","Yukon",2016,0.722067528909597,0.3487671757959,-0.0016951908084864,881.9154533,1013.123309,1619.16,0.722310649
872,456.928,0.72058961080284,0.353000150032593,913.856,"2017_yk_094","Yukon",2016,0.72204136690293,0.346940773731885,-0.00182640206401541,881.9154533,1013.123309,1619.16,0.722310649
873,457.452,0.719433831910864,0.35039809948439,914.904,"2017_yk_094","Yukon",2016,0.722032017563364,0.345267385478237,-0.00167338825364843,881.9154533,1013.123309,1619.16,0.722310649
874,457.976,0.720899328444774,0.348069367358222,915.952,"2017_yk_094","Yukon",2016,0.722066305698491,0.343871400406179,-0.00139598507205801,881.9154533,1013.123309,1619.16,0.722310649
875,458.5,0.72183078701255,0.335655296653505,917,"2017_yk_094","Yukon",2016,0.722072205017688,0.342612688897674,-0.00125871150850465,881.9154533,1013.123309,1619.16,0.722310649
876,459.024,0.723249943054919,0.33256635475696,918.048,"2017_yk_094","Yukon",2016,0.722160396085606,0.341325703749802,-0.0012869851478724,881.9154533,1013.123309,1619.16,0.722310649
877,459.548,0.720090984980183,0.340677023178544,919.096,"2017_yk_094","Yukon",2016,0.722175659133871,0.339926695120749,-0.00139900862905268,881.9154533,1013.123309,1619.16,0.722310649
878,460.072,0.723830668715873,0.342997282561789,920.144,"2017_yk_094","Yukon",2016,0.722123358609773,0.338479819231798,-0.00144687588895054,881.9154533,1013.123309,1619.16,0.722310649
879,460.596,0.721217610238255,0.330878776078009,921.192,"2017_yk_094","Yukon",2016,0.722126738695958,0.337269161152982,-0.00121065807881587,881.9154533,1013.123309,1619.16,0.722310649
880,461.12,0.724374802024918,0.319246293078366,922.24,"2017_yk_094","Yukon",2016,0.722135163324119,0.336297715587783,-0.00097144556519968,881.9154533,1013.123309,1619.16,0.722310649
881,461.644,0.722749970333479,0.317420084661204,923.288,"2017_yk_094","Yukon",2016,0.722077562503788,0.335482239993995,-0.000815475593787696,881.9154533,1013.123309,1619.16,0.722310649
882,462.168,0.723080330978387,0.311446750700907,924.336,"2017_yk_094","Yukon",2016,0.722056228209415,0.334556538008085,-0.000925701985909633,881.9154533,1013.123309,1619.16,0.722310649
883,462.692,0.724666479511129,0.310903921875507,925.384,"2017_yk_094","Yukon",2016,0.722104650043156,0.333586675404404,-0.000969862603681371,881.9154533,1013.123309,1619.16,0.722310649
884,463.216,0.719751598430479,0.314187880131358,926.432,"2017_yk_094","Yukon",2016,0.72208285850947,0.332608920921179,-0.000977754483225013,881.9154533,1013.123309,1619.16,0.722310649
885,463.74,0.722881441905452,0.316134476779525,927.48,"2017_yk_094","Yukon",2016,0.722019478231847,0.331797983919269,-0.000810937001910206,881.9154533,1013.123309,1619.16,0.722310649
886,464.264,0.722277252244657,0.305630785615993,928.528,"2017_yk_094","Yukon",2016,0.722038427274743,0.330886605648084,-0.000911378271184426,881.9154533,1013.123309,1619.16,0.722310649
887,464.788,0.724077022800961,0.304667577903773,929.576,"2017_yk_094","Yukon",2016,0.722083422882163,0.330035394508708,-0.000851211139376751,881.9154533,1013.123309,1619.16,0.722310649
888,465.312,0.722513167703949,0.3088659419675,930.624,"2017_yk_094","Yukon",2016,0.722041622386481,0.329215451272572,-0.000819943236135545,881.9154533,1013.123309,1619.16,0.722310649
889,465.836,0.718476909527606,0.31724289205225,931.672,"2017_yk_094","Yukon",2016,0.722044543283871,0.328436929492647,-0.000778521779925045,881.9154533,1013.123309,1619.16,0.722310649
890,466.36,0.723186114874953,0.314550172772562,932.72,"2017_yk_094","Yukon",2016,0.722090948082293,0.327400338184802,-0.00103659130784478,881.9154533,1013.123309,1619.16,0.722310649
891,466.884,0.721352495290717,0.307694595267956,933.768,"2017_yk_094","Yukon",2016,0.722065166077803,0.326262359728296,-0.00113797845650654,881.9154533,1013.123309,1619.16,0.722310649
892,467.408,0.721154418347739,0.302377662681182,934.816,"2017_yk_094","Yukon",2016,0.722066144229497,0.325358712831436,-0.000903646896860066,881.9154533,1013.123309,1619.16,0.722310649
893,467.932,0.72624262346654,0.304246326394933,935.864,"2017_yk_094","Yukon",2016,0.722055881661197,0.324372977782426,-0.000985735049009839,881.9154533,1013.123309,1619.16,0.722310649
894,468.456,0.720580088615875,0.303562671412371,936.912,"2017_yk_094","Yukon",2016,0.722052706948351,0.323433627505493,-0.000939350276932815,881.9154533,1013.123309,1619.16,0.722310649
895,468.98,0.724783100881369,0.312675716404685,937.96,"2017_yk_094","Yukon",2016,0.722046797687598,0.322607949529721,-0.000825677975772432,881.9154533,1013.123309,1619.16,0.722310649
896,469.504,0.723637785967777,0.322556475845595,939.008,"2017_yk_094","Yukon",2016,0.72203216515728,0.321675760643126,-0.000932188886594687,881.9154533,1013.123309,1619.16,0.722310649
897,470.028,0.719470861225981,0.318114832361619,940.056,"2017_yk_094","Yukon",2016,0.722051092261574,0.320789773506852,-0.000885987136274025,881.9154533,1013.123309,1619.16,0.722310649
898,470.552,0.723039247206079,0.321186903782264,941.104,"2017_yk_094","Yukon",2016,0.722114072562906,0.319844113414966,-0.000945660091886402,881.9154533,1013.123309,1619.16,0.722310649
899,471.076,0.723028673599618,0.321513592286851,942.152,"2017_yk_094","Yukon",2016,0.722139401060046,0.319008140476516,-0.000835972938449614,881.9154533,1013.123309,1619.16,0.722310649
900,471.6,0.720655973338065,0.31797079173027,943.2,"2017_yk_094","Yukon",2016,0.722108370347521,0.318344929855401,-0.000663210621114851,881.9154533,1013.123309,1619.16,0.722310649
901,472.124,0.7197838643072,0.300119658269418,944.248,"2017_yk_094","Yukon",2016,0.722147769180764,0.317722305444517,-0.000622624410884343,881.9154533,1013.123309,1619.16,0.722310649
902,472.648,0.718543835540619,0.290662336335299,945.296,"2017_yk_094","Yukon",2016,0.722168394468696,0.316894791024996,-0.000827514419520337,881.9154533,1013.123309,1619.16,0.722310649
903,473.172,0.721102241293072,0.302880028857667,946.344,"2017_yk_094","Yukon",2016,0.722279172960357,0.316108240134159,-0.000786550890837068,881.9154533,1013.123309,1619.16,0.722310649
904,473.696,0.723373037010677,0.310255056824486,947.392,"2017_yk_094","Yukon",2016,0.722302310271428,0.315494211832277,-0.000614028301882508,881.9154533,1013.123309,1619.16,0.722310649
905,474.22,0.72217326266798,0.314187605710434,948.44,"2017_yk_094","Yukon",2016,0.722346294441368,0.315148541067233,-0.000345670765043715,881.9154533,1013.123309,1619.16,0.722310649
906,474.744,0.725319820681661,0.304892053754915,949.488,"2017_yk_094","Yukon",2016,0.722326952753416,0.315100535934937,-4.80051322958586e-05,881.9154533,1013.123309,1619.16,0.722310649
907,475.268,0.722434009148381,0.297400639810091,950.536,"2017_yk_094","Yukon",2016,0.722344233189404,0.314792608860673,-0.000307927074264414,881.9154533,1013.123309,1619.16,0.722310649
908,475.792,0.71993709605399,0.299567754926193,951.584,"2017_yk_094","Yukon",2016,0.722327533052758,0.314531467836763,-0.000261141023910172,881.9154533,1013.123309,1619.16,0.722310649
909,476.316,0.72497444896149,0.30974427845608,952.632,"2017_yk_094","Yukon",2016,0.722284695220458,0.314716457112772,0.000184989276008962,881.9154533,1013.123309,1619.16,0.722310649
910,476.84,0.722807940337266,0.32341663361902,953.68,"2017_yk_094","Yukon",2016,0.72223949941601,0.314958623520616,0.00024216640784458,881.9154533,1013.123309,1619.16,0.722310649
911,477.364,0.720129661015952,0.329143239250776,954.728,"2017_yk_094","Yukon",2016,0.722272922719353,0.315021270834605,6.26473139888062e-05,881.9154533,1013.123309,1619.16,0.722310649
912,477.888,0.720976980135784,0.327137196885207,955.776,"2017_yk_094","Yukon",2016,0.722343144870437,0.315218195357434,0.000196924522829156,881.9154533,1013.123309,1619.16,0.722310649
913,478.412,0.724028635081457,0.324258966118499,956.824,"2017_yk_094","Yukon",2016,0.722352791477584,0.315521788136039,0.000303592778604422,881.9154533,1013.123309,1619.16,0.722310649
914,478.936,0.7219792487319,0.323702390655166,957.872,"2017_yk_094","Yukon",2016,0.722375115244931,0.315704483520326,0.000182695384287113,881.9154533,1013.123309,1619.16,0.722310649
915,479.46,0.719174669593753,0.327045669587793,958.92,"2017_yk_094","Yukon",2016,0.722405548080254,0.315986908840586,0.00028242532025996,881.9154533,1013.123309,1619.16,0.722310649
916,479.984,0.722856926196051,0.329253990027991,959.968,"2017_yk_094","Yukon",2016,0.722395972350283,0.316388571286917,0.000401662446331552,881.9154533,1013.123309,1619.16,0.722310649
917,480.508,0.723144127359897,0.330155303628687,961.016,"2017_yk_094","Yukon",2016,0.722348536983863,0.316684391671817,0.000295820384900225,881.9154533,1013.123309,1619.16,0.722310649
918,481.032,0.719283846742591,0.324670855651505,962.064,"2017_yk_094","Yukon",2016,0.722304405775111,0.317018600238964,0.000334208567146888,881.9154533,1013.123309,1619.16,0.722310649
919,481.556,0.722781503821006,0.319499888390656,963.112,"2017_yk_094","Yukon",2016,0.722399890250647,0.31711424645658,9.56462176151529e-05,881.9154533,1013.123309,1619.16,0.722310649
920,482.08,0.724135306756743,0.315070206955911,964.16,"2017_yk_094","Yukon",2016,0.722381344747711,0.317019874087654,-9.43723689253995e-05,881.9154533,1013.123309,1619.16,0.722310649
921,482.604,0.72210411529225,0.318879593415521,965.208,"2017_yk_094","Yukon",2016,0.722403504388569,0.316947698126235,-7.21759614195627e-05,881.9154533,1013.123309,1619.16,0.722310649
922,483.128,0.724511473451217,0.319184704271625,966.256,"2017_yk_094","Yukon",2016,0.722425822934088,0.316914952199493,-3.27459267416286e-05,881.9154533,1013.123309,1619.16,0.722310649
923,483.652,0.720549421750042,0.316110601430159,967.304,"2017_yk_094","Yukon",2016,0.722345732843569,0.316812358168228,-0.000102594031264835,881.9154533,1013.123309,1619.16,0.722310649
924,484.176,0.722485549752429,0.322246293838947,968.352,"2017_yk_094","Yukon",2016,0.722375334617004,0.316709952562077,-0.000102405606151545,881.9154533,1013.123309,1619.16,0.722310649
925,484.7,0.722229124346361,0.318445314136855,969.4,"2017_yk_094","Yukon",2016,0.722344175629971,0.316466201337353,-0.000243751224723032,881.9154533,1013.123309,1619.16,0.722310649
926,485.224,0.722892952840506,0.311155839354156,970.448,"2017_yk_094","Yukon",2016,0.722361930432795,0.315918030884651,-0.000548170452702113,881.9154533,1013.123309,1619.16,0.722310649
927,485.748,0.721805941510572,0.30702649407986,971.496,"2017_yk_094","Yukon",2016,0.722396372438094,0.315413095620944,-0.000504935263707429,881.9154533,1013.123309,1619.16,0.722310649
928,486.272,0.723818160996406,0.303941728562617,972.544,"2017_yk_094","Yukon",2016,0.722397188035139,0.314982276687316,-0.000430818933627619,881.9154533,1013.123309,1619.16,0.722310649
929,486.796,0.722782032593276,0.310550124460565,973.592,"2017_yk_094","Yukon",2016,0.722349393239556,0.314566932481086,-0.000415344206230794,881.9154533,1013.123309,1619.16,0.722310649
930,487.32,0.721370132600642,0.316565964862387,974.64,"2017_yk_094","Yukon",2016,0.722385055168397,0.314158923508203,-0.000408008972882845,881.9154533,1013.123309,1619.16,0.722310649
931,487.844,0.72225366083869,0.309729218731849,975.688,"2017_yk_094","Yukon",2016,0.722423945161695,0.314363870606027,0.000204947097823982,881.9154533,1013.123309,1619.16,0.722310649
932,488.368,0.721827128078727,0.303349284861374,976.736,"2017_yk_094","Yukon",2016,0.722540025024012,0.31473737541366,0.000373504807633596,881.9154533,1013.123309,1619.16,0.722310649
933,488.892,0.726080541410537,0.303205046034163,977.784,"2017_yk_094","Yukon",2016,0.722557618265675,0.314686235234325,-5.11401793352184e-05,881.9154533,1013.123309,1619.16,0.722310649
934,489.416,0.722287567109062,0.311227669245269,978.832,"2017_yk_094","Yukon",2016,0.722546244289724,0.314289822686193,-0.000396412548132441,881.9154533,1013.123309,1619.16,0.722310649
935,489.94,0.724469837208928,0.314915050750884,979.88,"2017_yk_094","Yukon",2016,0.722648625819744,0.313847072227641,-0.000442750458551133,881.9154533,1013.123309,1619.16,0.722310649
936,490.464,0.722089441777807,0.32968604681921,980.928,"2017_yk_094","Yukon",2016,0.722571119095067,0.313596890240697,-0.000250181986944709,881.9154533,1013.123309,1619.16,0.722310649
937,490.988,0.721127811139451,0.322201398722679,981.976,"2017_yk_094","Yukon",2016,0.722552223224896,0.313514862499575,-8.20277411213155e-05,881.9154533,1013.123309,1619.16,0.722310649
938,491.512,0.72282866051711,0.327328821127178,983.024,"2017_yk_094","Yukon",2016,0.722603895720406,0.313329362199651,-0.000185500299924701,881.9154533,1013.123309,1619.16,0.722310649
939,492.036,0.718647340300272,0.341978132638547,984.072,"2017_yk_094","Yukon",2016,0.72250203323578,0.313044118457918,-0.000285243741732388,881.9154533,1013.123309,1619.16,0.722310649
940,492.56,0.721663053758031,0.33377627754904,985.12,"2017_yk_094","Yukon",2016,0.722435607685414,0.312741466821479,-0.000302651636439,881.9154533,1013.123309,1619.16,0.722310649
941,493.084,0.72475536853407,0.321178923500532,986.168,"2017_yk_094","Yukon",2016,0.722495777516297,0.312465094345317,-0.000276372476162579,881.9154533,1013.123309,1619.16,0.722310649
942,493.608,0.7272936600434,0.32326222207066,987.216,"2017_yk_094","Yukon",2016,0.722482442715979,0.312212124342843,-0.000252970002473984,881.9154533,1013.123309,1619.16,0.722310649
943,494.132,0.725245275939973,0.329119488591773,988.264,"2017_yk_094","Yukon",2016,0.722475170340171,0.311758243400752,-0.000453880942091256,881.9154533,1013.123309,1619.16,0.722310649
944,494.656,0.721091024471311,0.325149603188588,989.312,"2017_yk_094","Yukon",2016,0.722466321872556,0.311043799549511,-0.00071444385124042,881.9154533,1013.123309,1619.16,0.722310649
945,495.18,0.72470741202483,0.333079995995123,990.36,"2017_yk_094","Yukon",2016,0.722443055660706,0.310080123416799,-0.000963676132711921,881.9154533,1013.123309,1619.16,0.722310649
946,495.704,0.721702708446357,0.329730532395885,991.408,"2017_yk_094","Yukon",2016,0.722392648170754,0.309287462987877,-0.000792660428921788,881.9154533,1013.123309,1619.16,0.722310649
947,496.228,0.721230900815788,0.322416800997787,992.456,"2017_yk_094","Yukon",2016,0.72235320791587,0.308332704693175,-0.000954758294702263,881.9154533,1013.123309,1619.16,0.722310649
948,496.752,0.719865295178831,0.328918455996311,993.504,"2017_yk_094","Yukon",2016,0.722410886714292,0.307599013207758,-0.000733691485417243,881.9154533,1013.123309,1619.16,0.722310649
949,497.276,0.724205978059736,0.32298166510916,994.552,"2017_yk_094","Yukon",2016,0.722481153790533,0.307268556653857,-0.000330456553900793,881.9154533,1013.123309,1619.16,0.722310649
950,497.8,0.722073384698796,0.308887830637039,995.6,"2017_yk_094","Yukon",2016,0.722433353903491,0.307160843431427,-0.00010771322242964,881.9154533,1013.123309,1619.16,0.722310649
951,498.324,0.722682073742191,0.30336403758278,996.648,"2017_yk_094","Yukon",2016,0.722404898618084,0.30701763533883,-0.000143208092597047,881.9154533,1013.123309,1619.16,0.722310649
952,498.848,0.722493531078886,0.300412907076683,997.696,"2017_yk_094","Yukon",2016,0.722352465395779,0.306779338011708,-0.000238297327121939,881.9154533,1013.123309,1619.16,0.722310649
953,499.372,0.721437218035424,0.298090684519042,998.744,"2017_yk_094","Yukon",2016,0.722325316956717,0.30642856542368,-0.000350772588028014,881.9154533,1013.123309,1619.16,0.722310649
954,499.896,0.722356195021958,0.297418335043277,999.792,"2017_yk_094","Yukon",2016,0.722337226539758,0.305931545985136,-0.000497019438544966,881.9154533,1013.123309,1619.16,0.722310649
955,500.42,0.722913561659421,0.298050642921306,1000.84,"2017_yk_094","Yukon",2016,0.722278608315508,0.305205200681892,-0.000726345303243392,881.9154533,1013.123309,1619.16,0.722310649
956,500.944,0.724703074137174,0.289666248683468,1001.888,"2017_yk_094","Yukon",2016,0.722221366401944,0.304724459342321,-0.000480741339571211,881.9154533,1013.123309,1619.16,0.722310649
957,501.468,0.721537381543948,0.287818716539174,1002.936,"2017_yk_094","Yukon",2016,0.722226351274171,0.30436236873914,-0.000362090603180987,881.9154533,1013.123309,1619.16,0.722310649
958,501.992,0.723088183028757,0.295337767764607,1003.984,"2017_yk_094","Yukon",2016,0.722193234044668,0.304255233626034,-0.00010713511310545,881.9154533,1013.123309,1619.16,0.722310649
959,502.516,0.720160985864672,0.296592939913005,1005.032,"2017_yk_094","Yukon",2016,0.722206456274624,0.304169232292886,-8.6001333148622e-05,881.9154533,1013.123309,1619.16,0.722310649
960,503.04,0.722795689068525,0.293490253357301,1006.08,"2017_yk_094","Yukon",2016,0.722212789393888,0.304084821577014,-8.4410715871619e-05,881.9154533,1013.123309,1619.16,0.722310649
961,503.564,0.722117263905062,0.312416484138857,1007.128,"2017_yk_094","Yukon",2016,0.722234184910435,0.304125696113761,4.08745367467267e-05,881.9154533,1013.123309,1619.16,0.722310649
962,504.088,0.725508627279642,0.313072624793315,1008.176,"2017_yk_094","Yukon",2016,0.722269941680115,0.304287198907466,0.000161502793705304,881.9154533,1013.123309,1619.16,0.722310649
963,504.612,0.72215783579282,0.29981161809755,1009.224,"2017_yk_094","Yukon",2016,0.722221748532508,0.304293751376182,6.55246871555937e-06,881.9154533,1013.123309,1619.16,0.722310649
964,505.136,0.722690598453666,0.286470303936543,1010.272,"2017_yk_094","Yukon",2016,0.722194186702155,0.303922054457716,-0.00037169691846628,881.9154533,1013.123309,1619.16,0.722310649
965,505.66,0.728316154469159,0.287622578197364,1011.32,"2017_yk_094","Yukon",2016,0.722171359135081,0.303663502542404,-0.0002585519153111,881.9154533,1013.123309,1619.16,0.722310649
966,506.184,0.720669417201048,0.289881134538232,1012.368,"2017_yk_094","Yukon",2016,0.722224539149679,0.303315584237505,-0.000347918304899608,881.9154533,1013.123309,1619.16,0.722310649
967,506.708,0.721300256938121,0.292478975342813,1013.416,"2017_yk_094","Yukon",2016,0.722201802418806,0.303036847729562,-0.000278736507942412,881.9154533,1013.123309,1619.16,0.722310649
968,507.232,0.723037445784598,0.28843773693071,1014.464,"2017_yk_094","Yukon",2016,0.72218089018745,0.302805505357441,-0.00023134237212169,881.9154533,1013.123309,1619.16,0.722310649
969,507.756,0.718862699883902,0.292629653952136,1015.512,"2017_yk_094","Yukon",2016,0.722203411662864,0.302401796296078,-0.000403709061362223,881.9154533,1013.123309,1619.16,0.722310649
970,508.28,0.71882240731532,0.305257535432682,1016.56,"2017_yk_094","Yukon",2016,0.722252252224092,0.302290722223172,-0.000111074072906558,881.9154533,1013.123309,1619.16,0.722310649
971,508.804,0.72373985086895,0.31256089068102,1017.608,"2017_yk_094","Yukon",2016,0.722227985329443,0.302473923088352,0.000183200865180366,881.9154533,1013.123309,1619.16,0.722310649
972,509.328,0.720176892116711,0.31195899673677,1018.656,"2017_yk_094","Yukon",2016,0.722091252078965,0.302555629691411,8.17066030583402e-05,881.9154533,1013.123309,1619.16,0.722310649
973,509.852,0.723592292532954,0.297026109593022,1019.704,"2017_yk_094","Yukon",2016,0.722034195907055,0.302449249432668,-0.000106380258742211,881.9154533,1013.123309,1619.16,0.722310649
974,510.376,0.721448340674999,0.280835759580743,1020.752,"2017_yk_094","Yukon",2016,0.722043938464283,0.302464803744188,1.55543115195611e-05,881.9154533,1013.123309,1619.16,0.722310649
975,510.9,0.717778696882782,0.269225101625076,1021.8,"2017_yk_094","Yukon",2016,0.722007185291504,0.302352305342325,-0.000112498401862726,881.9154533,1013.123309,1619.16,0.722310649
976,511.424,0.719832476798938,0.281694364292684,1022.848,"2017_yk_094","Yukon",2016,0.721981695209708,0.302041667102469,-0.000310638239856498,881.9154533,1013.123309,1619.16,0.722310649
977,511.948,0.720777712066852,0.272869805946552,1023.896,"2017_yk_094","Yukon",2016,0.722008762329993,0.30176892040516,-0.000272746697308812,881.9154533,1013.123309,1619.16,0.722310649
978,512.472,0.72274457464789,0.28064936652647,1024.944,"2017_yk_094","Yukon",2016,0.722018432241545,0.301344730117298,-0.000424190287862058,881.9154533,1013.123309,1619.16,0.722310649
979,512.996,0.726997528395469,0.29967249515661,1025.992,"2017_yk_094","Yukon",2016,0.7218907661632,0.30110879774255,-0.000235932374748116,881.9154533,1013.123309,1619.16,0.722310649
980,513.52,0.721267313534228,0.308607413610133,1027.04,"2017_yk_094","Yukon",2016,0.721910513914202,0.301117359119258,8.56137670868229e-06,881.9154533,1013.123309,1619.16,0.722310649
981,514.044,0.720396798167846,0.310287107859698,1028.088,"2017_yk_094","Yukon",2016,0.72185772361775,0.301314677428662,0.000197318309403893,881.9154533,1013.123309,1619.16,0.722310649
982,514.568,0.721365480112895,0.30488686464431,1029.136,"2017_yk_094","Yukon",2016,0.721849637407659,0.301706580337562,0.000391902908899677,881.9154533,1013.123309,1619.16,0.722310649
983,515.092,0.718920515406355,0.295064246148477,1030.184,"2017_yk_094","Yukon",2016,0.721830596441373,0.302182485600319,0.000475905262756537,881.9154533,1013.123309,1619.16,0.722310649
984,515.616,0.723200124734882,0.292425127526248,1031.232,"2017_yk_094","Yukon",2016,0.721847108414843,0.302880869374611,0.000698383774292322,881.9154533,1013.123309,1619.16,0.722310649
985,516.14,0.718712030891324,0.274864595942252,1032.28,"2017_yk_094","Yukon",2016,0.721837773920361,0.303668210188334,0.00078734081372267,881.9154533,1013.123309,1619.16,0.722310649
986,516.664,0.719458438026672,0.282311358979885,1033.328,"2017_yk_094","Yukon",2016,0.721837800118999,0.304524788647564,0.000856578459230317,881.9154533,1013.123309,1619.16,0.722310649
987,517.188,0.722105033844207,0.285301057889,1034.376,"2017_yk_094","Yukon",2016,0.721845126890643,0.305139087412501,0.000614298764936849,881.9154533,1013.123309,1619.16,0.722310649
988,517.712,0.721831127226218,0.29751362177629,1035.424,"2017_yk_094","Yukon",2016,0.721790003196845,0.305403672353827,0.000264584941326584,881.9154533,1013.123309,1619.16,0.722310649
989,518.236,0.723575366390643,0.305390044471645,1036.472,"2017_yk_094","Yukon",2016,0.721816478073884,0.30565963635633,0.000255964002502773,881.9154533,1013.123309,1619.16,0.722310649
990,518.76,0.7217501197565,0.311501321910094,1037.52,"2017_yk_094","Yukon",2016,0.721846503839944,0.306042131470943,0.000382495114613302,881.9154533,1013.123309,1619.16,0.722310649
991,519.284,0.723537391831462,0.312181690936652,1038.568,"2017_yk_094","Yukon",2016,0.721810845446995,0.306343367449691,0.000301235978747483,881.9154533,1013.123309,1619.16,0.722310649
992,519.808,0.723972534259545,0.313039452483694,1039.616,"2017_yk_094","Yukon",2016,0.721751576629392,0.306667276661967,0.00032390921227593,881.9154533,1013.123309,1619.16,0.722310649
993,520.332,0.723188952554103,0.303598194157094,1040.664,"2017_yk_094","Yukon",2016,0.721726951106172,0.307190434186021,0.000523157524053797,881.9154533,1013.123309,1619.16,0.722310649
994,520.856,0.720633857287907,0.288925854137293,1041.712,"2017_yk_094","Yukon",2016,0.72175535654019,0.307908361951228,0.000717927765207182,881.9154533,1013.123309,1619.16,0.722310649
995,521.38,0.723100183184478,0.299401935832219,1042.76,"2017_yk_094","Yukon",2016,0.721595878563976,0.30859511718567,0.000686755234442615,881.9154533,1013.123309,1619.16,0.722310649
996,521.904,0.725280242653697,0.308810948525233,1043.808,"2017_yk_094","Yukon",2016,0.721650707662655,0.309147969017488,0.000552851831818024,881.9154533,1013.123309,1619.16,0.722310649
997,522.428,0.719763607287086,0.305477208246135,1044.856,"2017_yk_094","Yukon",2016,0.721665381633601,0.309677869674834,0.000529900657345317,881.9154533,1013.123309,1619.16,0.722310649
998,522.952,0.721573926635741,0.313448278799877,1045.904,"2017_yk_094","Yukon",2016,0.721660569639149,0.310168543466231,0.000490673791396834,881.9154533,1013.123309,1619.16,0.722310649
999,523.476,0.719998628825074,0.317755588956814,1046.952,"2017_yk_094","Yukon",2016,0.721699774607514,0.310653548694077,0.000485005227846724,881.9154533,1013.123309,1619.16,0.722310649
1000,524,0.724593487431719,0.327111833174646,1048,"2017_yk_094","Yukon",2016,0.721751115530124,0.310989191144118,0.000335642450040585,881.9154533,1013.123309,1619.16,0.722310649
1001,524.524,0.723299354855152,0.332170975411355,1049.048,"2017_yk_094","Yukon",2016,0.721730395207219,0.31114968725285,0.000160496108732422,881.9154533,1013.123309,1619.16,0.722310649
1002,525.048,0.719089665014698,0.328164618254159,1050.096,"2017_yk_094","Yukon",2016,0.721758653750201,0.311236163581212,8.64763283614511e-05,881.9154533,1013.123309,1619.16,0.722310649
1003,525.572,0.721821905625398,0.322736673067242,1051.144,"2017_yk_094","Yukon",2016,0.721741041907026,0.311769193792014,0.00053303021080231,881.9154533,1013.123309,1619.16,0.722310649
1004,526.096,0.721675577904962,0.326082861879761,1052.192,"2017_yk_094","Yukon",2016,0.72176215214069,0.312614918866214,0.000845725074200221,881.9154533,1013.123309,1619.16,0.722310649
1005,526.62,0.722502221658106,0.326330091883359,1053.24,"2017_yk_094","Yukon",2016,0.721801512078279,0.31348567804551,0.000870759179295966,881.9154533,1013.123309,1619.16,0.722310649
1006,527.144,0.720173303538615,0.311092238004497,1054.288,"2017_yk_094","Yukon",2016,0.721787847143108,0.31420644046628,0.000720762420769905,881.9154533,1013.123309,1619.16,0.722310649
1007,527.668,0.722854928032844,0.306051999159257,1055.336,"2017_yk_094","Yukon",2016,0.72180542501566,0.315300021602414,0.00109358113613345,881.9154533,1013.123309,1619.16,0.722310649
1008,528.192,0.720445489871979,0.303467038724589,1056.384,"2017_yk_094","Yukon",2016,0.721824540925591,0.316252090652365,0.000952069049951265,881.9154533,1013.123309,1619.16,0.722310649
1009,528.716,0.716546013359052,0.308825722624272,1057.432,"2017_yk_094","Yukon",2016,0.721725350645613,0.316862626058823,0.000610535406457946,881.9154533,1013.123309,1619.16,0.722310649
1010,529.24,0.723258249758896,0.30940151323956,1058.48,"2017_yk_094","Yukon",2016,0.721722381929817,0.317413243409604,0.000550617350781435,881.9154533,1013.123309,1619.16,0.722310649
1011,529.764,0.719514655955056,0.315203136147013,1059.528,"2017_yk_094","Yukon",2016,0.721762381010006,0.317859890760782,0.000446647351177443,881.9154533,1013.123309,1619.16,0.722310649
1012,530.288,0.722008358473437,0.323927081610663,1060.576,"2017_yk_094","Yukon",2016,0.721747117884768,0.318468781295252,0.000608890534469941,881.9154533,1013.123309,1619.16,0.722310649
1013,530.812,0.720294760058272,0.326645000284435,1061.624,"2017_yk_094","Yukon",2016,0.721801564753522,0.319413181141488,0.00094439984623651,881.9154533,1013.123309,1619.16,0.722310649
1014,531.336,0.723346913430168,0.339321361500816,1062.672,"2017_yk_094","Yukon",2016,0.72178513292697,0.32040165459699,0.000988473455502015,881.9154533,1013.123309,1619.16,0.722310649
1015,531.86,0.722353491990498,0.345291091744664,1063.72,"2017_yk_094","Yukon",2016,0.721808656343627,0.321687200439829,0.00128554584283835,881.9154533,1013.123309,1619.16,0.722310649
1016,532.384,0.724704646055433,0.341060956237286,1064.768,"2017_yk_094","Yukon",2016,0.721885993429314,0.322952016679293,0.00126481623946451,881.9154533,1013.123309,1619.16,0.722310649
1017,532.908,0.721976987842597,0.324676642435386,1065.816,"2017_yk_094","Yukon",2016,0.721871484687952,0.32439469432137,0.00144267764207717,881.9154533,1013.123309,1619.16,0.722310649
1018,533.432,0.719780761400863,0.311212864244203,1066.864,"2017_yk_094","Yukon",2016,0.721880385773586,0.325581166125587,0.00118647180421705,881.9154533,1013.123309,1619.16,0.722310649
1019,533.956,0.721749478487027,0.31195078006317,1067.912,"2017_yk_094","Yukon",2016,0.721845235294434,0.326866546749403,0.00128538062381606,881.9154533,1013.123309,1619.16,0.722310649
1020,534.48,0.724597235032095,0.316439960234097,1068.96,"2017_yk_094","Yukon",2016,0.721822543560092,0.328074678398515,0.00120813164911127,881.9154533,1013.123309,1619.16,0.722310649
1021,535.004,0.719977760328131,0.330490642863703,1070.008,"2017_yk_094","Yukon",2016,0.721817061220577,0.329176624895329,0.00110194649681444,881.9154533,1013.123309,1619.16,0.722310649
1022,535.528,0.721952498223503,0.332507177529872,1071.056,"2017_yk_094","Yukon",2016,0.721750216664635,0.330253346214779,0.00107672131945025,881.9154533,1013.123309,1619.16,0.722310649
1023,536.052,0.720680304399603,0.331201069540781,1072.104,"2017_yk_094","Yukon",2016,0.721757109866475,0.331474545806474,0.00122119959169459,881.9154533,1013.123309,1619.16,0.722310649
1024,536.576,0.72439492449474,0.329545969848975,1073.152,"2017_yk_094","Yukon",2016,0.721810783361256,0.332973468294658,0.0014989224881844,881.9154533,1013.123309,1619.16,0.722310649
1025,537.1,0.718747475896317,0.32882789226392,1074.2,"2017_yk_094","Yukon",2016,0.721826777741029,0.334300018402224,0.00132655010756538,881.9154533,1013.123309,1619.16,0.722310649
1026,537.624,0.723959163121792,0.323052244447314,1075.248,"2017_yk_094","Yukon",2016,0.721783151177303,0.335580953095548,0.00128093469332408,881.9154533,1013.123309,1619.16,0.722310649
1027,538.148,0.722180695194892,0.32427301478353,1076.296,"2017_yk_094","Yukon",2016,0.721827849379753,0.33684932327221,0.00126837017666237,881.9154533,1013.123309,1619.16,0.722310649
1028,538.672,0.72274872611747,0.317878164414522,1077.344,"2017_yk_094","Yukon",2016,0.721851162433992,0.337940248731571,0.00109092545936124,881.9154533,1013.123309,1619.16,0.722310649
1029,539.196,0.721214997985796,0.321729967622939,1078.392,"2017_yk_094","Yukon",2016,0.721902036094112,0.339039480969004,0.00109923223743302,881.9154533,1013.123309,1619.16,0.722310649
1030,539.72,0.721902862671898,0.325396082435116,1079.44,"2017_yk_094","Yukon",2016,0.721865043803077,0.340055246325863,0.00101576535685877,881.9154533,1013.123309,1619.16,0.722310649
1031,540.244,0.722496631494672,0.322190657204962,1080.488,"2017_yk_094","Yukon",2016,0.72184618530816,0.341146454784559,0.00109120845869554,881.9154533,1013.123309,1619.16,0.722310649
1032,540.768,0.721872404695623,0.31714757643846,1081.536,"2017_yk_094","Yukon",2016,0.721904482247277,0.342184952495039,0.00103849771048042,881.9154533,1013.123309,1619.16,0.722310649
1033,541.292,0.72253558194245,0.32900792224116,1082.584,"2017_yk_094","Yukon",2016,0.721894761685654,0.343278155737163,0.00109320324212375,881.9154533,1013.123309,1619.16,0.722310649
1034,541.816,0.722714954694845,0.331579264032756,1083.632,"2017_yk_094","Yukon",2016,0.721910844673564,0.34437423697848,0.00109608124131727,881.9154533,1013.123309,1619.16,0.722310649
1035,542.34,0.720140293138117,0.321470652382835,1084.68,"2017_yk_094","Yukon",2016,0.721843423495362,0.345400423518843,0.00102618654036279,881.9154533,1013.123309,1619.16,0.722310649
1036,542.864,0.719012580688656,0.324940109538878,1085.728,"2017_yk_094","Yukon",2016,0.721895633395827,0.346649829185105,0.00124940566626258,881.9154533,1013.123309,1619.16,0.722310649
1037,543.388,0.721832384420029,0.338484674114556,1086.776,"2017_yk_094","Yukon",2016,0.721876076298387,0.348105835453631,0.00145600626852566,881.9154533,1013.123309,1619.16,0.722310649
1038,543.912,0.723891529243721,0.337773509523546,1087.824,"2017_yk_094","Yukon",2016,0.721881691153293,0.349528904390853,0.00142306893722205,881.9154533,1013.123309,1619.16,0.722310649
1039,544.436,0.72104611159677,0.336304619544088,1088.872,"2017_yk_094","Yukon",2016,0.721959393106036,0.350723268897409,0.00119436450655569,881.9154533,1013.123309,1619.16,0.722310649
1040,544.96,0.721089190586511,0.341644454657018,1089.92,"2017_yk_094","Yukon",2016,0.721918889751687,0.351771880160124,0.00104861126271527,881.9154533,1013.123309,1619.16,0.722310649
1041,545.484,0.722796742979173,0.337085948930344,1090.968,"2017_yk_094","Yukon",2016,0.721962576321756,0.352874189925955,0.00110230976583076,881.9154533,1013.123309,1619.16,0.722310649
1042,546.008,0.720449692598586,0.341420296712507,1092.016,"2017_yk_094","Yukon",2016,0.721931950961195,0.353994956077321,0.00112076615136592,881.9154533,1013.123309,1619.16,0.722310649
1043,546.532,0.722187327531596,0.351728236922666,1093.064,"2017_yk_094","Yukon",2016,0.721965113339819,0.355147488652924,0.00115253257560349,881.9154533,1013.123309,1619.16,0.722310649
1044,547.056,0.722214215141765,0.351733534856371,1094.112,"2017_yk_094","Yukon",2016,0.721929319329676,0.355849846343184,0.000702357690259892,881.9154533,1013.123309,1619.16,0.722310649
1045,547.58,0.720123435890747,0.351997346512553,1095.16,"2017_yk_094","Yukon",2016,0.721936805672771,0.356345958040609,0.000496111697424917,881.9154533,1013.123309,1619.16,0.722310649
1046,548.104,0.724098663167896,0.358200333347753,1096.208,"2017_yk_094","Yukon",2016,0.721910646076595,0.356993852832135,0.000647894791525883,881.9154533,1013.123309,1619.16,0.722310649
1047,548.628,0.721234509362483,0.371861716413634,1097.256,"2017_yk_094","Yukon",2016,0.721925888954409,0.357895076258645,0.000901223426510056,881.9154533,1013.123309,1619.16,0.722310649
1048,549.152,0.722365192364259,0.36870193002931,1098.304,"2017_yk_094","Yukon",2016,0.721961182046659,0.35908321681077,0.00118814055212502,881.9154533,1013.123309,1619.16,0.722310649
1049,549.676,0.72146633764154,0.382512881900612,1099.352,"2017_yk_094","Yukon",2016,0.721956091016698,0.36019699872374,0.00111378191297035,881.9154533,1013.123309,1619.16,0.722310649
1050,550.2,0.720388615696002,0.38398922085677,1100.4,"2017_yk_094","Yukon",2016,0.721922121184323,0.361220060867634,0.00102306214389364,881.9154533,1013.123309,1619.16,0.722310649
1051,550.724,0.723208451460511,0.378298480745518,1101.448,"2017_yk_094","Yukon",2016,0.721962218269788,0.362032167274922,0.000812106407288404,881.9154533,1013.123309,1619.16,0.722310649
1052,551.248,0.719961860903021,0.377642731650706,1102.496,"2017_yk_094","Yukon",2016,0.722004255025188,0.362879601037224,0.00084743376230173,881.9154533,1013.123309,1619.16,0.722310649
1053,551.772,0.723602544664502,0.376870169658768,1103.544,"2017_yk_094","Yukon",2016,0.722042559472819,0.363840096343683,0.000960495306459197,881.9154533,1013.123309,1619.16,0.722310649
1054,552.296,0.723854266974824,0.378861203428357,1104.592,"2017_yk_094","Yukon",2016,0.721975853012273,0.364768118185673,0.000928021841989701,881.9154533,1013.123309,1619.16,0.722310649
1055,552.82,0.724059845970836,0.378994942286142,1105.64,"2017_yk_094","Yukon",2016,0.722080725695436,0.365825445829432,0.00105732764375849,881.9154533,1013.123309,1619.16,0.722310649
1056,553.344,0.722662648830107,0.385667030124676,1106.688,"2017_yk_094","Yukon",2016,0.722041453796039,0.367020167908471,0.00119472207903981,881.9154533,1013.123309,1619.16,0.722310649
1057,553.868,0.722445499434102,0.381579418845879,1107.736,"2017_yk_094","Yukon",2016,0.722036255381527,0.368292851478723,0.00127268357025134,881.9154533,1013.123309,1619.16,0.722310649
1058,554.392,0.72297270989011,0.378903806361552,1108.784,"2017_yk_094","Yukon",2016,0.722025800108404,0.369609107902718,0.00131625642399497,881.9154533,1013.123309,1619.16,0.722310649
1059,554.916,0.723051048432232,0.383709523202793,1109.832,"2017_yk_094","Yukon",2016,0.72198617493408,0.370913259248985,0.00130415134626694,881.9154533,1013.123309,1619.16,0.722310649
1060,555.44,0.722373949969615,0.388057754586173,1110.88,"2017_yk_094","Yukon",2016,0.72196173091769,0.371996854869656,0.00108359562067101,881.9154533,1013.123309,1619.16,0.722310649
1061,555.964,0.722167845160182,0.397643482933087,1111.928,"2017_yk_094","Yukon",2016,0.721885184257781,0.37318633370532,0.00118947883566434,881.9154533,1013.123309,1619.16,0.722310649
1062,556.488,0.722587481361681,0.390474480882986,1112.976,"2017_yk_094","Yukon",2016,0.721872353236181,0.374461193176822,0.00127485947150191,881.9154533,1013.123309,1619.16,0.722310649
1063,557.012,0.721238671928035,0.388328867594669,1114.024,"2017_yk_094","Yukon",2016,0.721830888066498,0.375488655776746,0.00102746259992365,881.9154533,1013.123309,1619.16,0.722310649
1064,557.536,0.722640557179532,0.391847736358797,1115.072,"2017_yk_094","Yukon",2016,0.721838216132381,0.376496829251625,0.00100817347487958,881.9154533,1013.123309,1619.16,0.722310649
1065,558.06,0.718456950966006,0.387901284305126,1116.12,"2017_yk_094","Yukon",2016,0.721899491871365,0.37774431402458,0.00124748477295444,881.9154533,1013.123309,1619.16,0.722310649
1066,558.584,0.723305897566518,0.386056577980251,1117.168,"2017_yk_094","Yukon",2016,0.721979508206054,0.378855303682038,0.00111098965745882,881.9154533,1013.123309,1619.16,0.722310649
1067,559.108,0.72168150218644,0.393412375270797,1118.216,"2017_yk_094","Yukon",2016,0.721967643037523,0.379860220735074,0.00100491705303596,881.9154533,1013.123309,1619.16,0.722310649
1068,559.632,0.720782381166317,0.388851174957913,1119.264,"2017_yk_094","Yukon",2016,0.721935937347211,0.380985175049525,0.00112495431445053,881.9154533,1013.123309,1619.16,0.722310649
1069,560.156,0.721208130523647,0.380487593017616,1120.312,"2017_yk_094","Yukon",2016,0.721936729725164,0.382206036028004,0.00122086097847923,881.9154533,1013.123309,1619.16,0.722310649
1070,560.68,0.720828048497972,0.372318189002477,1121.36,"2017_yk_094","Yukon",2016,0.721971065904505,0.383149516354684,0.00094348032667968,881.9154533,1013.123309,1619.16,0.722310649
1071,561.204,0.7221358501592,0.381341722096857,1122.408,"2017_yk_094","Yukon",2016,0.721934518099897,0.384022149995884,0.000872633641199771,881.9154533,1013.123309,1619.16,0.722310649
1072,561.728,0.72017083683979,0.39117305069262,1123.456,"2017_yk_094","Yukon",2016,0.721938633064812,0.38491204953139,0.000889899535506,881.9154533,1013.123309,1619.16,0.722310649
1073,562.252,0.722284502775695,0.395796954820645,1124.504,"2017_yk_094","Yukon",2016,0.721949403394806,0.385802490158003,0.000890440626613309,881.9154533,1013.123309,1619.16,0.722310649
1074,562.776,0.721199272821562,0.38146282291641,1125.552,"2017_yk_094","Yukon",2016,0.721922395151537,0.386824062284156,0.00102157212615356,881.9154533,1013.123309,1619.16,0.722310649
1075,563.3,0.722802672576202,0.375057793590162,1126.6,"2017_yk_094","Yukon",2016,0.721951235361791,0.387936235893992,0.00111217360983518,881.9154533,1013.123309,1619.16,0.722310649
1076,563.824,0.723135070284875,0.379934643728839,1127.648,"2017_yk_094","Yukon",2016,0.721935126416571,0.388785514455459,0.000849278561467715,881.9154533,1013.123309,1619.16,0.722310649
1077,564.348,0.722891560511435,0.378750048025989,1128.696,"2017_yk_094","Yukon",2016,0.721948129403549,0.389408165290435,0.00062265083497548,881.9154533,1013.123309,1619.16,0.722310649
1078,564.872,0.721898346935898,0.382501297371701,1129.744,"2017_yk_094","Yukon",2016,0.7219116715221,0.390058639611515,0.000650474321080674,881.9154533,1013.123309,1619.16,0.722310649
1079,565.396,0.721444016689377,0.378777694841391,1130.792,"2017_yk_094","Yukon",2016,0.721929046570297,0.390469501484396,0.000410861872880475,881.9154533,1013.123309,1619.16,0.722310649
1080,565.92,0.722559045089542,0.377823688867715,1131.84,"2017_yk_094","Yukon",2016,0.721939959375341,0.390893232610482,0.000423731126086457,881.9154533,1013.123309,1619.16,0.722310649
1081,566.444,0.722383585456075,0.379217027301008,1132.888,"2017_yk_094","Yukon",2016,0.72193011670018,0.39117492745173,0.000281694841247404,881.9154533,1013.123309,1619.16,0.722310649
1082,566.968,0.724474703547489,0.383353203267974,1133.936,"2017_yk_094","Yukon",2016,0.721963929433737,0.391533280497253,0.000358353045522897,881.9154533,1013.123309,1619.16,0.722310649
1083,567.492,0.722978571257435,0.388830787928333,1134.984,"2017_yk_094","Yukon",2016,0.721937718673349,0.391995853520169,0.000462573022916246,881.9154533,1013.123309,1619.16,0.722310649
1084,568.016,0.72039253686201,0.385227280368356,1136.032,"2017_yk_094","Yukon",2016,0.721898223629851,0.392528702552426,0.00053284903225681,881.9154533,1013.123309,1619.16,0.722310649
1085,568.54,0.725039836886118,0.392267550889431,1137.08,"2017_yk_094","Yukon",2016,0.721892647473977,0.393128993207722,0.000600290655296376,881.9154533,1013.123309,1619.16,0.722310649
1086,569.064,0.721602849157931,0.394735569189702,1138.128,"2017_yk_094","Yukon",2016,0.721927425079168,0.393810711566657,0.000681718358934547,881.9154533,1013.123309,1619.16,0.722310649
1087,569.588,0.721868790324216,0.40063402899861,1139.176,"2017_yk_094","Yukon",2016,0.721913632405696,0.394360573116334,0.000549861549677233,881.9154533,1013.123309,1619.16,0.722310649
1088,570.112,0.722121409730036,0.396853549854221,1140.224,"2017_yk_094","Yukon",2016,0.721903830646442,0.394848394862585,0.000487821746251393,881.9154533,1013.123309,1619.16,0.722310649
1089,570.636,0.71883748752636,0.399979048398955,1141.272,"2017_yk_094","Yukon",2016,0.721870916660654,0.395360642304573,0.000512247441987912,881.9154533,1013.123309,1619.16,0.722310649
1090,571.16,0.720436221688507,0.39041181967538,1142.32,"2017_yk_094","Yukon",2016,0.721871180499791,0.39572841408291,0.0003677717783373,881.9154533,1013.123309,1619.16,0.722310649
1091,571.684,0.717903831900163,0.393559387344821,1143.368,"2017_yk_094","Yukon",2016,0.721861282787554,0.395879459111389,0.000151045028478292,881.9154533,1013.123309,1619.16,0.722310649
1092,572.208,0.721102543399646,0.393639144728574,1144.416,"2017_yk_094","Yukon",2016,0.721884496808412,0.396138614392153,0.000259155280764423,881.9154533,1013.123309,1619.16,0.722310649
1093,572.732,0.72004767176142,0.39065567823658,1145.464,"2017_yk_094","Yukon",2016,0.721914189251873,0.396352439698993,0.000213825306839888,881.9154533,1013.123309,1619.16,0.722310649
1094,573.256,0.723154638647818,0.392069672525532,1146.512,"2017_yk_094","Yukon",2016,0.721901542203781,0.396604003181587,0.000251563482594364,881.9154533,1013.123309,1619.16,0.722310649
1095,573.78,0.72381683747717,0.3963197387601,1147.56,"2017_yk_094","Yukon",2016,0.721954428465369,0.396889487128046,0.000285483946458442,881.9154533,1013.123309,1619.16,0.722310649
1096,574.304,0.723813560770009,0.391599488986408,1148.608,"2017_yk_094","Yukon",2016,0.721924764489594,0.397282930521836,0.000393443393790216,881.9154533,1013.123309,1619.16,0.722310649
1097,574.828,0.72112047430815,0.398779697296713,1149.656,"2017_yk_094","Yukon",2016,0.72195735309691,0.397455426613653,0.000172496091816632,881.9154533,1013.123309,1619.16,0.722310649
1098,575.352,0.721989187824998,0.405270768390577,1150.704,"2017_yk_094","Yukon",2016,0.721972566709104,0.397916750204759,0.000461323591105789,881.9154533,1013.123309,1619.16,0.722310649
1099,575.876,0.721093654273964,0.409556278252844,1151.752,"2017_yk_094","Yukon",2016,0.722019587834776,0.39854355313736,0.000626802932601978,881.9154533,1013.123309,1619.16,0.722310649
1100,576.4,0.72314936134698,0.398253274257796,1152.8,"2017_yk_094","Yukon",2016,0.722050113566587,0.39929875218952,0.000755199052159983,881.9154533,1013.123309,1619.16,0.722310649
1101,576.924,0.720603874702668,0.389443967402333,1153.848,"2017_yk_094","Yukon",2016,0.722017923336964,0.399777242547747,0.000478490358226336,881.9154533,1013.123309,1619.16,0.722310649
1102,577.448,0.720696590493518,0.394814268842864,1154.896,"2017_yk_094","Yukon",2016,0.722060475918095,0.400153031346294,0.000375788798546828,881.9154533,1013.123309,1619.16,0.722310649
1103,577.972,0.722833547331212,0.405154674519465,1155.944,"2017_yk_094","Yukon",2016,0.722021172032517,0.40049320493475,0.000340173588456449,881.9154533,1013.123309,1619.16,0.722310649
1104,578.496,0.720593720545669,0.413027862425584,1156.992,"2017_yk_094","Yukon",2016,0.722027739780501,0.40115950020936,0.000666295274609985,881.9154533,1013.123309,1619.16,0.722310649
1105,579.02,0.721853848505956,0.418727763102663,1158.04,"2017_yk_094","Yukon",2016,0.722008224193223,0.401934810970218,0.000775310760857795,881.9154533,1013.123309,1619.16,0.722310649
1106,579.544,0.72313212645469,0.409157047035816,1159.088,"2017_yk_094","Yukon",2016,0.722002133643661,0.402539685892875,0.000604874922657594,881.9154533,1013.123309,1619.16,0.722310649
1107,580.068,0.72201468858117,0.409220766512161,1160.136,"2017_yk_094","Yukon",2016,0.721985731784483,0.402959118346935,0.000419432454059121,881.9154533,1013.123309,1619.16,0.722310649
1108,580.592,0.720177719477358,0.407730389294151,1161.184,"2017_yk_094","Yukon",2016,0.721965526301026,0.40331516569737,0.000356047350435262,881.9154533,1013.123309,1619.16,0.722310649
1109,581.116,0.722508840533326,0.40716459427344,1162.232,"2017_yk_094","Yukon",2016,0.721997755984323,0.403514242828373,0.000199077131003256,881.9154533,1013.123309,1619.16,0.722310649
1110,581.64,0.721043383998624,0.409413088421957,1163.28,"2017_yk_094","Yukon",2016,0.721988814363086,0.403533392204369,1.91493759953976e-05,881.9154533,1013.123309,1619.16,0.722310649
1111,582.164,0.72261789095088,0.395200171220359,1164.328,"2017_yk_094","Yukon",2016,0.721937584239548,0.403492559863444,-4.08323409250011e-05,881.9154533,1013.123309,1619.16,0.722310649
1112,582.688,0.721990624916427,0.39914391438208,1165.376,"2017_yk_094","Yukon",2016,0.721861467006169,0.403635476967263,0.000142917103819196,881.9154533,1013.123309,1619.16,0.722310649
1113,583.212,0.722029899041224,0.404624551033743,1166.424,"2017_yk_094","Yukon",2016,0.721829623964007,0.403780180097437,0.00014470313017434,881.9154533,1013.123309,1619.16,0.722310649
1114,583.736,0.721484564364967,0.410832145363767,1167.472,"2017_yk_094","Yukon",2016,0.721828254935424,0.404037580638038,0.000257400540601416,881.9154533,1013.123309,1619.16,0.722310649
1115,584.26,0.723725276618379,0.415012381603923,1168.52,"2017_yk_094","Yukon",2016,0.721796331095694,0.403988287715889,-4.92929221494465e-05,881.9154533,1013.123309,1619.16,0.722310649
1116,584.784,0.724749305141537,0.426570131660752,1169.568,"2017_yk_094","Yukon",2016,0.721796422888555,0.403924775418383,-6.35122975060076e-05,881.9154533,1013.123309,1619.16,0.722310649
1117,585.308,0.721617939025787,0.414571111826514,1170.616,"2017_yk_094","Yukon",2016,0.721794146253169,0.403633778856789,-0.000290996561593926,881.9154533,1013.123309,1619.16,0.722310649
1118,585.832,0.722384604334873,0.408173111136635,1171.664,"2017_yk_094","Yukon",2016,0.721813678273904,0.403406553608553,-0.000227225248236318,881.9154533,1013.123309,1619.16,0.722310649
1119,586.356,0.721076209284965,0.414444369722067,1172.712,"2017_yk_094","Yukon",2016,0.721858342555954,0.403042522602479,-0.000364031006073351,881.9154533,1013.123309,1619.16,0.722310649
1120,586.88,0.722389780317806,0.410124061286411,1173.76,"2017_yk_094","Yukon",2016,0.721889747054014,0.402900299648289,-0.000142222954189974,881.9154533,1013.123309,1619.16,0.722310649
1121,587.404,0.721573982425963,0.406706184641782,1174.808,"2017_yk_094","Yukon",2016,0.721916441264783,0.402683160398561,-0.000217139249728826,881.9154533,1013.123309,1619.16,0.722310649
1122,587.928,0.723980322613214,0.406023797728853,1175.856,"2017_yk_094","Yukon",2016,0.721982795579245,0.402705961393343,2.28009947825236e-05,881.9154533,1013.123309,1619.16,0.722310649
1123,588.452,0.723020218535695,0.40115838600506,1176.904,"2017_yk_094","Yukon",2016,0.721995996543755,0.402834849819848,0.00012888842650477,881.9154533,1013.123309,1619.16,0.722310649
1124,588.976,0.72188173429398,0.40694154531446,1177.952,"2017_yk_094","Yukon",2016,0.721967973448964,0.403148043356468,0.000313193536619794,881.9154533,1013.123309,1619.16,0.722310649
1125,589.5,0.721630126661283,0.40503032109263,1179,"2017_yk_094","Yukon",2016,0.72198524604715,0.403350491652321,0.000202448295852975,881.9154533,1013.123309,1619.16,0.722310649
1126,590.024,0.721526059020015,0.409663181607665,1180.048,"2017_yk_094","Yukon",2016,0.72195685214621,0.403411900465619,6.14088132985802e-05,881.9154533,1013.123309,1619.16,0.722310649
1127,590.548,0.723636818625377,0.403762140779796,1181.096,"2017_yk_094","Yukon",2016,0.721975172598157,0.403300435233596,-0.000111465232022989,881.9154533,1013.123309,1619.16,0.722310649
1128,591.072,0.721695197898009,0.416530590424263,1182.144,"2017_yk_094","Yukon",2016,0.721985800864599,0.402944594177603,-0.000355841055993122,881.9154533,1013.123309,1619.16,0.722310649
1129,591.596,0.724029398063948,0.418095768973732,1183.192,"2017_yk_094","Yukon",2016,0.722014282709081,0.402457967785567,-0.000486626392035727,881.9154533,1013.123309,1619.16,0.722310649
1130,592.12,0.722659592406606,0.417630132132079,1184.24,"2017_yk_094","Yukon",2016,0.721987145991089,0.402198576080193,-0.000259391705374867,881.9154533,1013.123309,1619.16,0.722310649
1131,592.644,0.720204436381873,0.410051143590438,1185.288,"2017_yk_094","Yukon",2016,0.722015018312568,0.402227985203934,2.94091237419414e-05,881.9154533,1013.123309,1619.16,0.722310649
1132,593.168,0.722723991707634,0.413720378605428,1186.336,"2017_yk_094","Yukon",2016,0.722020691818148,0.401936485583252,-0.000291499620682756,881.9154533,1013.123309,1619.16,0.722310649
1133,593.692,0.719926269641001,0.416207370128034,1187.384,"2017_yk_094","Yukon",2016,0.7220091533004,0.401349824290596,-0.000586661292655888,881.9154533,1013.123309,1619.16,0.722310649
1134,594.216,0.721593337700633,0.421440539393008,1188.432,"2017_yk_094","Yukon",2016,0.722031354370983,0.400421216280344,-0.000928608010252019,881.9154533,1013.123309,1619.16,0.722310649
1135,594.74,0.721631737339479,0.42157643924163,1189.48,"2017_yk_094","Yukon",2016,0.722030903747264,0.399306458348884,-0.0011147579314601,881.9154533,1013.123309,1619.16,0.722310649
1136,595.264,0.722769637311181,0.416227139088295,1190.528,"2017_yk_094","Yukon",2016,0.722040393399444,0.398366923432093,-0.000939534916790996,881.9154533,1013.123309,1619.16,0.722310649
1137,595.788,0.721907448960739,0.403915995269536,1191.576,"2017_yk_094","Yukon",2016,0.72203692756035,0.397398288851828,-0.000968634580264971,881.9154533,1013.123309,1619.16,0.722310649
1138,596.312,0.720686017928489,0.403864138397818,1192.624,"2017_yk_094","Yukon",2016,0.72210537718728,0.396634411668479,-0.000763877183348416,881.9154533,1013.123309,1619.16,0.722310649
1139,596.836,0.72337779768717,0.390722322701586,1193.672,"2017_yk_094","Yukon",2016,0.722114869194936,0.395782852492617,-0.00085155917586277,881.9154533,1013.123309,1619.16,0.722310649
1140,597.36,0.722022547815313,0.378972651427435,1194.72,"2017_yk_094","Yukon",2016,0.722088317898745,0.394816503492909,-0.000966348999707323,881.9154533,1013.123309,1619.16,0.722310649
1141,597.884,0.719309778043793,0.376767086845508,1195.768,"2017_yk_094","Yukon",2016,0.722086513493115,0.394186191954544,-0.000630311538365014,881.9154533,1013.123309,1619.16,0.722310649
1142,598.408,0.719907669544787,0.391928229497126,1196.816,"2017_yk_094","Yukon",2016,0.722099577405732,0.393381538640083,-0.000804653314461667,881.9154533,1013.123309,1619.16,0.722310649
1143,598.932,0.721067988727719,0.397512975738793,1197.864,"2017_yk_094","Yukon",2016,0.722077320128042,0.39262562630496,-0.0007559123351224,881.9154533,1013.123309,1619.16,0.722310649
1144,599.456,0.720310395147004,0.400671312804439,1198.912,"2017_yk_094","Yukon",2016,0.722084696387879,0.391945155174617,-0.000680471130343474,881.9154533,1013.123309,1619.16,0.722310649
1145,599.98,0.723124406502308,0.389309975560463,1199.96,"2017_yk_094","Yukon",2016,0.722048270372117,0.391243312321012,-0.000701842853604862,881.9154533,1013.123309,1619.16,0.722310649
1146,600.504,0.721608356729638,0.390924831339343,1201.008,"2017_yk_094","Yukon",2016,0.721977087704896,0.390291577155253,-0.000951735165759082,881.9154533,1013.123309,1619.16,0.722310649
1147,601.028,0.721732192201022,0.383174235302975,1202.056,"2017_yk_094","Yukon",2016,0.722006627284047,0.389433996073241,-0.000857581082011949,881.9154533,1013.123309,1619.16,0.722310649
1148,601.552,0.723293330974119,0.383220034960039,1203.104,"2017_yk_094","Yukon",2016,0.721995148520267,0.388738684130103,-0.000695311943137433,881.9154533,1013.123309,1619.16,0.722310649
1149,602.076,0.721517344449415,0.378137188034555,1204.152,"2017_yk_094","Yukon",2016,0.72197363505391,0.388007605317428,-0.000731078812675257,881.9154533,1013.123309,1619.16,0.722310649
1150,602.6,0.72232049157207,0.381878442423983,1205.2,"2017_yk_094","Yukon",2016,0.721994267926421,0.387448797357825,-0.00055880795960267,881.9154533,1013.123309,1619.16,0.722310649
1151,603.124,0.719505484546307,0.380531032361091,1206.248,"2017_yk_094","Yukon",2016,0.722005843573957,0.386907639275957,-0.00054115808186872,881.9154533,1013.123309,1619.16,0.722310649
1152,603.648,0.725083802267349,0.395007204415529,1207.296,"2017_yk_094","Yukon",2016,0.721955303789417,0.386554825375858,-0.000352813900098448,881.9154533,1013.123309,1619.16,0.722310649
1153,604.172,0.720839729632025,0.398388983826865,1208.344,"2017_yk_094","Yukon",2016,0.721984013565958,0.38622769993146,-0.00032712544439828,881.9154533,1013.123309,1619.16,0.722310649
1154,604.696,0.721473252960374,0.410861284722718,1209.392,"2017_yk_094","Yukon",2016,0.721964876376314,0.385608073989873,-0.000619625941587265,881.9154533,1013.123309,1619.16,0.722310649
1155,605.22,0.72485319336831,0.408466636511278,1210.44,"2017_yk_094","Yukon",2016,0.721919855633454,0.38512582521944,-0.00048224877043318,881.9154533,1013.123309,1619.16,0.722310649
1156,605.744,0.722109926713647,0.39528401778432,1211.488,"2017_yk_094","Yukon",2016,0.721931876658274,0.384639795766881,-0.000486029452558656,881.9154533,1013.123309,1619.16,0.722310649
1157,606.268,0.722219701424971,0.392091783375336,1212.536,"2017_yk_094","Yukon",2016,0.721900439530153,0.384240717719251,-0.00039907804762962,881.9154533,1013.123309,1619.16,0.722310649
1158,606.792,0.722626883811497,0.38392030503099,1213.584,"2017_yk_094","Yukon",2016,0.721945245592124,0.383658071145535,-0.000582646573716095,881.9154533,1013.123309,1619.16,0.722310649
1159,607.316,0.722802564942883,0.380358694730698,1214.632,"2017_yk_094","Yukon",2016,0.721902648600546,0.383245896114835,-0.000412175030699791,881.9154533,1013.123309,1619.16,0.722310649
1160,607.84,0.721521158267455,0.382689771935302,1215.68,"2017_yk_094","Yukon",2016,0.721875739263031,0.382644641521337,-0.000601254593498246,881.9154533,1013.123309,1619.16,0.722310649
1161,608.364,0.722276213991418,0.391208514826849,1216.728,"2017_yk_094","Yukon",2016,0.721923247645212,0.382176640347305,-0.000468001174032562,881.9154533,1013.123309,1619.16,0.722310649
1162,608.888,0.721037000828325,0.377324291601896,1217.776,"2017_yk_094","Yukon",2016,0.721879329658111,0.381554824630816,-0.000621815716488339,881.9154533,1013.123309,1619.16,0.722310649
1163,609.412,0.722141236266352,0.369954996960115,1218.824,"2017_yk_094","Yukon",2016,0.721957328839205,0.380895538698583,-0.000659285932233189,881.9154533,1013.123309,1619.16,0.722310649
1164,609.936,0.72192578478059,0.357311381810463,1219.872,"2017_yk_094","Yukon",2016,0.721975665385036,0.38013384321669,-0.00076169548189281,881.9154533,1013.123309,1619.16,0.722310649
1165,610.46,0.72182681108287,0.351842287215058,1220.92,"2017_yk_094","Yukon",2016,0.721965571194879,0.379452484754278,-0.000681358462411907,881.9154533,1013.123309,1619.16,0.722310649
1166,610.984,0.723701505585484,0.352784952028356,1221.968,"2017_yk_094","Yukon",2016,0.721903900341705,0.378886629859772,-0.000565854894506501,881.9154533,1013.123309,1619.16,0.722310649
1167,611.508,0.721806738235481,0.351102691696264,1223.016,"2017_yk_094","Yukon",2016,0.72188100956871,0.378569501899069,-0.000317127960702934,881.9154533,1013.123309,1619.16,0.722310649
1168,612.032,0.724284697093205,0.361897758293246,1224.064,"2017_yk_094","Yukon",2016,0.721905533929943,0.378297765482063,-0.000271736417006119,881.9154533,1013.123309,1619.16,0.722310649
1169,612.556,0.723078360992653,0.356071043721673,1225.112,"2017_yk_094","Yukon",2016,0.72190154310561,0.378235075492301,-6.26899897615552e-05,881.9154533,1013.123309,1619.16,0.722310649
1170,613.08,0.719450306227201,0.351432148439518,1226.16,"2017_yk_094","Yukon",2016,0.721859189012184,0.378405433399563,0.000170357907261887,881.9154533,1013.123309,1619.16,0.722310649
1171,613.604,0.722509626613051,0.35738147891846,1227.208,"2017_yk_094","Yukon",2016,0.721867276020406,0.378714702139871,0.000309268740307733,881.9154533,1013.123309,1619.16,0.722310649
1172,614.128,0.722774459673455,0.350864715514381,1228.256,"2017_yk_094","Yukon",2016,0.721881881332439,0.378565358205083,-0.000149343934788215,881.9154533,1013.123309,1619.16,0.722310649
1173,614.652,0.720694462379789,0.359269810926397,1229.304,"2017_yk_094","Yukon",2016,0.721896307647836,0.378000982213061,-0.000564375992021582,881.9154533,1013.123309,1619.16,0.722310649
1174,615.176,0.721927139955197,0.37000387754316,1230.352,"2017_yk_094","Yukon",2016,0.721916918356838,0.377414146266234,-0.000586835946827347,881.9154533,1013.123309,1619.16,0.722310649
1175,615.7,0.72153971567271,0.372901810387631,1231.4,"2017_yk_094","Yukon",2016,0.721912757039195,0.377181577485138,-0.000232568781095288,881.9154533,1013.123309,1619.16,0.722310649
1176,616.224,0.720478345108266,0.369466021715207,1232.448,"2017_yk_094","Yukon",2016,0.721961985126754,0.37694057915187,-0.000240998333267906,881.9154533,1013.123309,1619.16,0.722310649
1177,616.748,0.723390313774826,0.363116246905796,1233.496,"2017_yk_094","Yukon",2016,0.721936482807547,0.376816744655105,-0.000123834496765729,881.9154533,1013.123309,1619.16,0.722310649
1178,617.272,0.721695878508064,0.366454394548391,1234.544,"2017_yk_094","Yukon",2016,0.721913494891681,0.376916902923309,0.00010015826820442,881.9154533,1013.123309,1619.16,0.722310649
1179,617.796,0.719785401303532,0.370579640961554,1235.592,"2017_yk_094","Yukon",2016,0.721886679785635,0.376987867523448,7.09646001391118e-05,881.9154533,1013.123309,1619.16,0.722310649
1180,618.32,0.723627752668502,0.376595583710252,1236.64,"2017_yk_094","Yukon",2016,0.721888571672363,0.377199193764011,0.000211326240563081,881.9154533,1013.123309,1619.16,0.722310649
1181,618.844,0.722268521278083,0.374236699729658,1237.688,"2017_yk_094","Yukon",2016,0.721906923722,0.377321168380409,0.000121974616397125,881.9154533,1013.123309,1619.16,0.722310649
1182,619.368,0.720947935540846,0.384854963722943,1238.736,"2017_yk_094","Yukon",2016,0.72186562706783,0.377142996777296,-0.000178171603112287,881.9154533,1013.123309,1619.16,0.722310649
1183,619.892,0.72474280512817,0.381530859341164,1239.784,"2017_yk_094","Yukon",2016,0.721897831094035,0.376882294665158,-0.000260702112138189,881.9154533,1013.123309,1619.16,0.722310649
1184,620.416,0.720733502915328,0.369763988819227,1240.832,"2017_yk_094","Yukon",2016,0.721942779040844,0.376495095987914,-0.000387198677243794,881.9154533,1013.123309,1619.16,0.722310649
1185,620.94,0.718928882089681,0.376095394866637,1241.88,"2017_yk_094","Yukon",2016,0.72189007670763,0.376248406356503,-0.000246689631410946,881.9154533,1013.123309,1619.16,0.722310649
1186,621.464,0.722247320509205,0.380501414454146,1242.928,"2017_yk_094","Yukon",2016,0.721855141638501,0.376209064496007,-3.93418604960338e-05,881.9154533,1013.123309,1619.16,0.722310649
1187,621.988,0.721750590938123,0.379817457922018,1243.976,"2017_yk_094","Yukon",2016,0.72187573242017,0.376031397610496,-0.00017766688551174,881.9154533,1013.123309,1619.16,0.722310649
1188,622.512,0.72438356161626,0.381571796001298,1245.024,"2017_yk_094","Yukon",2016,0.721890643259957,0.375940177589975,-9.12200205209213e-05,881.9154533,1013.123309,1619.16,0.722310649
1189,623.036,0.721473578569242,0.393365267131744,1246.072,"2017_yk_094","Yukon",2016,0.721918933450839,0.375970355174739,3.01775847639241e-05,881.9154533,1013.123309,1619.16,0.722310649
1190,623.56,0.72104503215575,0.381554856522183,1247.12,"2017_yk_094","Yukon",2016,0.721910757998942,0.375957581389627,-1.27737851112752e-05,881.9154533,1013.123309,1619.16,0.722310649
1191,624.084,0.723054939312717,0.381971073148486,1248.168,"2017_yk_094","Yukon",2016,0.721924734231191,0.375884107817229,-7.34735723980084e-05,881.9154533,1013.123309,1619.16,0.722310649
1192,624.608,0.720088912481579,0.376411435616125,1249.216,"2017_yk_094","Yukon",2016,0.721935058362239,0.375938902819718,5.47950024887278e-05,881.9154533,1013.123309,1619.16,0.722310649
1193,625.132,0.724606220506664,0.376650214194042,1250.264,"2017_yk_094","Yukon",2016,0.721916744728786,0.376140201622574,0.00020129880285652,881.9154533,1013.123309,1619.16,0.722310649
1194,625.656,0.722693530450452,0.375738810479441,1251.312,"2017_yk_094","Yukon",2016,0.721872878048858,0.37650139678236,0.000361195159785943,881.9154533,1013.123309,1619.16,0.722310649
1195,626.18,0.721026085930101,0.380694931496915,1252.36,"2017_yk_094","Yukon",2016,0.721865444437431,0.376882398108159,0.00038100132579838,881.9154533,1013.123309,1619.16,0.722310649
1196,626.704,0.719069386120738,0.382275845417904,1253.408,"2017_yk_094","Yukon",2016,0.721831708702181,0.376891368254587,8.97014642775584e-06,881.9154533,1013.123309,1619.16,0.722310649
1197,627.228,0.720534002580984,0.384888317627361,1254.456,"2017_yk_094","Yukon",2016,0.721854031420252,0.376927077752277,3.57094976906613e-05,881.9154533,1013.123309,1619.16,0.722310649
1198,627.752,0.722157479602517,0.387559953377451,1255.504,"2017_yk_094","Yukon",2016,0.721791456290875,0.376979723006143,5.26452538657796e-05,881.9154533,1013.123309,1619.16,0.722310649
1199,628.276,0.723138348227168,0.386960923315891,1256.552,"2017_yk_094","Yukon",2016,0.721711958412525,0.377035730704741,5.60076985975932e-05,881.9154533,1013.123309,1619.16,0.722310649
1200,628.8,0.719481302209795,0.389194125863147,1257.6,"2017_yk_094","Yukon",2016,0.721800759842617,0.377087448902458,5.17181977172099e-05,881.9154533,1013.123309,1619.16,0.722310649
1201,629.324,0.71979499853706,0.395323211263972,1258.648,"2017_yk_094","Yukon",2016,0.721767421434583,0.37706790435149,-1.95445509673653e-05,881.9154533,1013.123309,1619.16,0.722310649
1202,629.848,0.72078398826679,0.382967593409835,1259.696,"2017_yk_094","Yukon",2016,0.721756287264794,0.377198765042276,0.000130860690785606,881.9154533,1013.123309,1619.16,0.722310649
1203,630.372,0.721933567651519,0.363650416217498,1260.744,"2017_yk_094","Yukon",2016,0.721801254014652,0.377417378037943,0.000218612995667222,881.9154533,1013.123309,1619.16,0.722310649
1204,630.896,0.721547037687171,0.365461155994801,1261.792,"2017_yk_094","Yukon",2016,0.721813246533487,0.377533036801293,0.000115658763349791,881.9154533,1013.123309,1619.16,0.722310649
1205,631.42,0.722874727443702,0.375355848694746,1262.84,"2017_yk_094","Yukon",2016,0.721763443906239,0.377600903708551,6.78669072581295e-05,881.9154533,1013.123309,1619.16,0.722310649
1206,631.944,0.724562041983175,0.376464931343266,1263.888,"2017_yk_094","Yukon",2016,0.721754321918297,0.377738892130796,0.00013798842224455,881.9154533,1013.123309,1619.16,0.722310649
1207,632.468,0.720202053048572,0.375744165497032,1264.936,"2017_yk_094","Yukon",2016,0.72165448709368,0.377938659680396,0.000199767549600383,881.9154533,1013.123309,1619.16,0.722310649
1208,632.992,0.721914056022176,0.389229531052306,1265.984,"2017_yk_094","Yukon",2016,0.721659630021135,0.378092934911452,0.0001542752310561,881.9154533,1013.123309,1619.16,0.722310649
1209,633.516,0.719908438086697,0.3823950640429,1267.032,"2017_yk_094","Yukon",2016,0.721681443147544,0.378165017054659,7.20821432063645e-05,881.9154533,1013.123309,1619.16,0.722310649
1210,634.04,0.722434004775724,0.394558016857771,1268.08,"2017_yk_094","Yukon",2016,0.721616791326805,0.378048152043611,-0.000116865011048017,881.9154533,1013.123309,1619.16,0.722310649
1211,634.564,0.720606607524534,0.387849509344917,1269.128,"2017_yk_094","Yukon",2016,0.721626970338386,0.377948412324728,-9.97397188828852e-05,881.9154533,1013.123309,1619.16,0.722310649
1212,635.088,0.722606003017112,0.384316908228791,1270.176,"2017_yk_094","Yukon",2016,0.721665515488401,0.377809033650224,-0.000139378674503698,881.9154533,1013.123309,1619.16,0.722310649
1213,635.612,0.722771971204335,0.382746857098573,1271.224,"2017_yk_094","Yukon",2016,0.721612037040938,0.377741211332886,-6.78223173380399e-05,881.9154533,1013.123309,1619.16,0.722310649
1214,636.136,0.724170129768918,0.387629364088091,1272.272,"2017_yk_094","Yukon",2016,0.721694549215508,0.377888501301491,0.000147289968605357,881.9154533,1013.123309,1619.16,0.722310649
1215,636.66,0.721691053375505,0.393665258626619,1273.32,"2017_yk_094","Yukon",2016,0.721747059362512,0.377839595960632,-4.89053408597173e-05,881.9154533,1013.123309,1619.16,0.722310649
1216,637.184,0.72001382256587,0.392923506154561,1274.368,"2017_yk_094","Yukon",2016,0.721740093062736,0.377653346920745,-0.000186249039886732,881.9154533,1013.123309,1619.16,0.722310649
1217,637.708,0.723455148325147,0.381431770244627,1275.416,"2017_yk_094","Yukon",2016,0.721744391271733,0.37755695676033,-9.63901604152939e-05,881.9154533,1013.123309,1619.16,0.722310649
1218,638.232,0.72352153419871,0.378447103799737,1276.464,"2017_yk_094","Yukon",2016,0.721681270868777,0.377291520282186,-0.000265436478143921,881.9154533,1013.123309,1619.16,0.722310649
1219,638.756,0.724499976395789,0.382169349816536,1277.512,"2017_yk_094","Yukon",2016,0.721649110802237,0.376924055635884,-0.000367464646301552,881.9154533,1013.123309,1619.16,0.722310649
1220,639.28,0.72103063115364,0.381923344828623,1278.56,"2017_yk_094","Yukon",2016,0.721707153639862,0.376757336125339,-0.00016671951054481,881.9154533,1013.123309,1619.16,0.722310649
1221,639.804,0.723114787926332,0.386800100482972,1279.608,"2017_yk_094","Yukon",2016,0.721684956356868,0.376623354452683,-0.000133981672656602,881.9154533,1013.123309,1619.16,0.722310649
1222,640.328,0.72165644869122,0.380611991751219,1280.656,"2017_yk_094","Yukon",2016,0.721690029772591,0.376722380007314,9.90255546308161e-05,881.9154533,1013.123309,1619.16,0.722310649
1223,640.852,0.72104241825917,0.38203292513151,1281.704,"2017_yk_094","Yukon",2016,0.72164906393429,0.37696521222563,0.000242832218316558,881.9154533,1013.123309,1619.16,0.722310649
1224,641.376,0.71929378398495,0.378983091397621,1282.752,"2017_yk_094","Yukon",2016,0.721644762991804,0.377236467279987,0.000271255054357211,881.9154533,1013.123309,1619.16,0.722310649
1225,641.9,0.721380794397235,0.37470236676296,1283.8,"2017_yk_094","Yukon",2016,0.721682911463594,0.377354333428669,0.000117866148681478,881.9154533,1013.123309,1619.16,0.722310649
1226,642.424,0.721677361470464,0.353323160814021,1284.848,"2017_yk_094","Yukon",2016,0.721739247693958,0.377461241895789,0.000106908467120137,881.9154533,1013.123309,1619.16,0.722310649
1227,642.948,0.723146101319732,0.353245261557706,1285.896,"2017_yk_094","Yukon",2016,0.721762256043424,0.37740403739731,-5.72044984787912e-05,881.9154533,1013.123309,1619.16,0.722310649
1228,643.472,0.720530189330595,0.36505647352519,1286.944,"2017_yk_094","Yukon",2016,0.721812983018236,0.377311943796268,-9.20936010422313e-05,881.9154533,1013.123309,1619.16,0.722310649
1229,643.996,0.71830848829164,0.359431505637531,1287.992,"2017_yk_094","Yukon",2016,0.721784447942827,0.37719171427438,-0.000120229521888116,881.9154533,1013.123309,1619.16,0.722310649
1230,644.52,0.724778392032738,0.354535240302551,1289.04,"2017_yk_094","Yukon",2016,0.721864031840187,0.376907985862622,-0.000283728411757833,881.9154533,1013.123309,1619.16,0.722310649
1231,645.044,0.720509322130977,0.356208805860418,1290.088,"2017_yk_094","Yukon",2016,0.721906829052412,0.37671516921062,-0.000192816652001881,881.9154533,1013.123309,1619.16,0.722310649
1232,645.568,0.722106409486152,0.35871635696152,1291.136,"2017_yk_094","Yukon",2016,0.721897898682052,0.376731165418701,1.59962080805154e-05,881.9154533,1013.123309,1619.16,0.722310649
1233,646.092,0.72339246737126,0.37238659066643,1292.184,"2017_yk_094","Yukon",2016,0.721883461696531,0.377096034861765,0.000364869443064519,881.9154533,1013.123309,1619.16,0.722310649
1234,646.616,0.722646691085272,0.376943403344147,1293.232,"2017_yk_094","Yukon",2016,0.721928819466457,0.377478394612585,0.00038235975081985,881.9154533,1013.123309,1619.16,0.722310649
1235,647.14,0.718551558037872,0.376973824823122,1294.28,"2017_yk_094","Yukon",2016,0.721911572152731,0.377778206325867,0.000299811713281861,881.9154533,1013.123309,1619.16,0.722310649
1236,647.664,0.719931025831712,0.377745327049878,1295.328,"2017_yk_094","Yukon",2016,0.721855497425739,0.378159449042784,0.000381242716917307,881.9154533,1013.123309,1619.16,0.722310649
1237,648.188,0.717400224297812,0.37510229988182,1296.376,"2017_yk_094","Yukon",2016,0.721862786905338,0.378621164380148,0.000461715337363555,881.9154533,1013.123309,1619.16,0.722310649
1238,648.712,0.722004454155359,0.375710908411757,1297.424,"2017_yk_094","Yukon",2016,0.721867092800387,0.378780286381654,0.000159122001506695,881.9154533,1013.123309,1619.16,0.722310649
1239,649.236,0.721094188888089,0.374904569553938,1298.472,"2017_yk_094","Yukon",2016,0.721902117150749,0.378984304258026,0.000204017876371587,881.9154533,1013.123309,1619.16,0.722310649
1240,649.76,0.719748643424194,0.369583683047372,1299.52,"2017_yk_094","Yukon",2016,0.721859308068951,0.379162769294322,0.000178465036295761,881.9154533,1013.123309,1619.16,0.722310649
1241,650.284,0.722879261972918,0.368252316596681,1300.568,"2017_yk_094","Yukon",2016,0.72187258607258,0.379385760822751,0.000222991528429195,881.9154533,1013.123309,1619.16,0.722310649
1242,650.808,0.723260644541767,0.376492243252723,1301.616,"2017_yk_094","Yukon",2016,0.72181944262015,0.379569875589976,0.000184114767224797,881.9154533,1013.123309,1619.16,0.722310649
1243,651.332,0.721534098280357,0.377461520300883,1302.664,"2017_yk_094","Yukon",2016,0.721809350271014,0.379861194229249,0.000291318639273508,881.9154533,1013.123309,1619.16,0.722310649
1244,651.856,0.725684233389575,0.378601386935549,1303.712,"2017_yk_094","Yukon",2016,0.72178210639049,0.379993772244004,0.000132578014754414,881.9154533,1013.123309,1619.16,0.722310649
1245,652.38,0.722079490909864,0.373161074415055,1304.76,"2017_yk_094","Yukon",2016,0.721793477888,0.380010725312876,1.69530688720054e-05,881.9154533,1013.123309,1619.16,0.722310649
1246,652.904,0.72182934252269,0.369326472060941,1305.808,"2017_yk_094","Yukon",2016,0.721803426810042,0.380135525023609,0.000124799710733481,881.9154533,1013.123309,1619.16,0.722310649
1247,653.428,0.722008483477944,0.374034048297101,1306.856,"2017_yk_094","Yukon",2016,0.721775270318476,0.38053049318362,0.000394968160011111,881.9154533,1013.123309,1619.16,0.722310649
1248,653.952,0.72059633743888,0.365645607312664,1307.904,"2017_yk_094","Yukon",2016,0.721724432132522,0.3809061816949,0.000375688511279559,881.9154533,1013.123309,1619.16,0.722310649
1249,654.476,0.719543974576853,0.37131738835365,1308.952,"2017_yk_094","Yukon",2016,0.721700173806228,0.381090798696844,0.000184617001944665,881.9154533,1013.123309,1619.16,0.722310649
1250,655,0.724527602413235,0.371551685889493,1310,"2017_yk_094","Yukon",2016,0.721726980660377,0.381101674489997,1.08757931522319e-05,881.9154533,1013.123309,1619.16,0.722310649
1251,655.524,0.721723102333085,0.373932172789093,1311.048,"2017_yk_094","Yukon",2016,0.721726884055434,0.381192529324194,9.08548341977955e-05,881.9154533,1013.123309,1619.16,0.722310649
1252,656.048,0.720393317424935,0.382352968893973,1312.096,"2017_yk_094","Yukon",2016,0.721741976693531,0.381418416512656,0.000225887188462004,881.9154533,1013.123309,1619.16,0.722310649
1253,656.572,0.722148270208647,0.391220147293037,1313.144,"2017_yk_094","Yukon",2016,0.721741027325678,0.381589688237225,0.000171271724568656,881.9154533,1013.123309,1619.16,0.722310649
1254,657.096,0.722435473901259,0.392014113740876,1314.192,"2017_yk_094","Yukon",2016,0.721768221543575,0.381756147924477,0.000166459687251985,881.9154533,1013.123309,1619.16,0.722310649
1255,657.62,0.723314994237496,0.387766900417802,1315.24,"2017_yk_094","Yukon",2016,0.721794367699689,0.381797977703035,4.1829778557545e-05,881.9154533,1013.123309,1619.16,0.722310649
1256,658.144,0.722449559942605,0.388690353445112,1316.288,"2017_yk_094","Yukon",2016,0.721841112030033,0.382226047649966,0.000428069946931453,881.9154533,1013.123309,1619.16,0.722310649
1257,658.668,0.721914503548961,0.381456047718634,1317.336,"2017_yk_094","Yukon",2016,0.721783800185641,0.382702806083591,0.000476758433624991,881.9154533,1013.123309,1619.16,0.722310649
1258,659.192,0.7252010980912,0.382034337314919,1318.384,"2017_yk_094","Yukon",2016,0.721801212569429,0.382877773190179,0.000174967106588042,881.9154533,1013.123309,1619.16,0.722310649
1259,659.716,0.72142624370262,0.379747152002602,1319.432,"2017_yk_094","Yukon",2016,0.721867790727645,0.383246434535114,0.000368661344934795,881.9154533,1013.123309,1619.16,0.722310649
1260,660.24,0.724256336051421,0.372170421157679,1320.48,"2017_yk_094","Yukon",2016,0.721776173617519,0.383875514291723,0.00062907975660953,881.9154533,1013.123309,1619.16,0.722310649
1261,660.764,0.722362831270548,0.383754212143862,1321.528,"2017_yk_094","Yukon",2016,0.721812691144791,0.384483738555117,0.000608224263393742,881.9154533,1013.123309,1619.16,0.722310649
1262,661.288,0.720248166045202,0.383927365894665,1322.576,"2017_yk_094","Yukon",2016,0.721789781475378,0.385053427475415,0.000569688920298295,881.9154533,1013.123309,1619.16,0.722310649
1263,661.812,0.721067348520246,0.385542582801368,1323.624,"2017_yk_094","Yukon",2016,0.721779686266436,0.385269074246046,0.000215646770630074,881.9154533,1013.123309,1619.16,0.722310649
1264,662.336,0.724268503882728,0.388402741043988,1324.672,"2017_yk_094","Yukon",2016,0.721738221780495,0.385284666521759,1.55922757130167e-05,881.9154533,1013.123309,1619.16,0.722310649
1265,662.86,0.721839888620183,0.393344551491659,1325.72,"2017_yk_094","Yukon",2016,0.721751808384888,0.385369587400648,8.4920878889283e-05,881.9154533,1013.123309,1619.16,0.722310649
1266,663.384,0.72119755836362,0.399339494358302,1326.768,"2017_yk_094","Yukon",2016,0.721804520905762,0.385395470432746,2.58830320983838e-05,881.9154533,1013.123309,1619.16,0.722310649
1267,663.908,0.720639421824501,0.403447085738847,1327.816,"2017_yk_094","Yukon",2016,0.721889176795198,0.385461020311872,6.55498791258813e-05,881.9154533,1013.123309,1619.16,0.722310649
1268,664.432,0.722172409725145,0.398776851142708,1328.864,"2017_yk_094","Yukon",2016,0.721883999967496,0.385552976075611,9.19557637391599e-05,881.9154533,1013.123309,1619.16,0.722310649
1269,664.956,0.722009899108388,0.394636136625196,1329.912,"2017_yk_094","Yukon",2016,0.721937131612406,0.385784352974891,0.000231376899279989,881.9154533,1013.123309,1619.16,0.722310649
1270,665.48,0.719865459867894,0.405265919035518,1330.96,"2017_yk_094","Yukon",2016,0.721967625191024,0.386086006795163,0.000301653820271919,881.9154533,1013.123309,1619.16,0.722310649
1271,666.004,0.721403287742246,0.401229001050669,1332.008,"2017_yk_094","Yukon",2016,0.721992055827681,0.386294201868887,0.000208195073723438,881.9154533,1013.123309,1619.16,0.722310649
1272,666.528,0.719417395871332,0.395363794262277,1333.056,"2017_yk_094","Yukon",2016,0.722001857895106,0.38635999655471,6.57946858231284e-05,881.9154533,1013.123309,1619.16,0.722310649
1273,667.052,0.722166430256168,0.400225975454982,1334.104,"2017_yk_094","Yukon",2016,0.722044596567383,0.386355511746187,-4.48480852288657e-06,881.9154533,1013.123309,1619.16,0.722310649
1274,667.576,0.722535496937467,0.395584044973358,1335.152,"2017_yk_094","Yukon",2016,0.721944197136445,0.386419135233844,6.36234876575936e-05,881.9154533,1013.123309,1619.16,0.722310649
1275,668.1,0.722373343226093,0.394682442758938,1336.2,"2017_yk_094","Yukon",2016,0.721930238261492,0.386669082810537,0.000249947576692833,881.9154533,1013.123309,1619.16,0.722310649
1276,668.624,0.720610757888383,0.400411488798571,1337.248,"2017_yk_094","Yukon",2016,0.721907774775915,0.386862192087306,0.0001931092767683,881.9154533,1013.123309,1619.16,0.722310649
1277,669.148,0.721765758831182,0.405129859845291,1338.296,"2017_yk_094","Yukon",2016,0.721927589105648,0.38701751604934,0.000155323962033938,881.9154533,1013.123309,1619.16,0.722310649
1278,669.672,0.720471243041511,0.400988414476513,1339.344,"2017_yk_094","Yukon",2016,0.721980095943061,0.387294653726776,0.000277137677436257,881.9154533,1013.123309,1619.16,0.722310649
1279,670.196,0.723044476818145,0.393246369933216,1340.392,"2017_yk_094","Yukon",2016,0.722022270026711,0.387293294439178,-1.35928759759096e-06,881.9154533,1013.123309,1619.16,0.722310649
1280,670.72,0.722639042402549,0.382575892417757,1341.44,"2017_yk_094","Yukon",2016,0.721973035295865,0.387313261492213,1.99670530346974e-05,881.9154533,1013.123309,1619.16,0.722310649
1281,671.244,0.723108991629736,0.392251390534839,1342.488,"2017_yk_094","Yukon",2016,0.721981847736418,0.387274294655258,-3.896683695509e-05,881.9154533,1013.123309,1619.16,0.722310649
1282,671.768,0.722562006977049,0.39416522305894,1343.536,"2017_yk_094","Yukon",2016,0.721989844781252,0.387255074304512,-1.92203507461408e-05,881.9154533,1013.123309,1619.16,0.722310649
1283,672.292,0.720985456188002,0.392309228605627,1344.584,"2017_yk_094","Yukon",2016,0.722024367436813,0.387156974562178,-9.80997423333796e-05,881.9154533,1013.123309,1619.16,0.722310649
1284,672.816,0.720925437058775,0.38897067263274,1345.632,"2017_yk_094","Yukon",2016,0.721973199131736,0.387198970529559,4.1995967381081e-05,881.9154533,1013.123309,1619.16,0.722310649
1285,673.34,0.722949563764108,0.377212153476414,1346.68,"2017_yk_094","Yukon",2016,0.721949677530623,0.387224131368813,2.51608392538571e-05,881.9154533,1013.123309,1619.16,0.722310649
1286,673.864,0.724482021291062,0.37900735762991,1347.728,"2017_yk_094","Yukon",2016,0.7219591504491,0.387072570008594,-0.000151561360219155,881.9154533,1013.123309,1619.16,0.722310649
1287,674.388,0.719707390656232,0.381850767575203,1348.776,"2017_yk_094","Yukon",2016,0.721994299739008,0.387113102649767,4.0532641172486e-05,881.9154533,1013.123309,1619.16,0.722310649
1288,674.912,0.721574932357903,0.375554499920474,1349.824,"2017_yk_094","Yukon",2016,0.721917280213822,0.38717782000206,6.47173522937972e-05,881.9154533,1013.123309,1619.16,0.722310649
1289,675.436,0.722303177784555,0.381551186333616,1350.872,"2017_yk_094","Yukon",2016,0.721967065866165,0.387344911420526,0.000167091418465881,881.9154533,1013.123309,1619.16,0.722310649
1290,675.96,0.719281365425208,0.392280025699122,1351.92,"2017_yk_094","Yukon",2016,0.721960387535372,0.387622872072068,0.000277960651542231,881.9154533,1013.123309,1619.16,0.722310649
1291,676.484,0.722700373767312,0.392702261664045,1352.968,"2017_yk_094","Yukon",2016,0.721916651043023,0.387767350674624,0.000144478602555786,881.9154533,1013.123309,1619.16,0.722310649
1292,677.008,0.720731829321333,0.392897692179418,1354.016,"2017_yk_094","Yukon",2016,0.721976542151834,0.387905696954549,0.000138346279924761,881.9154533,1013.123309,1619.16,0.722310649
1293,677.532,0.72278675483477,0.385325396904233,1355.064,"2017_yk_094","Yukon",2016,0.721950959800944,0.387963638876122,5.79419215731569e-05,881.9154533,1013.123309,1619.16,0.722310649
1294,678.056,0.720158821928792,0.377878939886929,1356.112,"2017_yk_094","Yukon",2016,0.721892173604814,0.387830436372435,-0.000133202503687202,881.9154533,1013.123309,1619.16,0.722310649
1295,678.58,0.719366754301435,0.382069077556477,1357.16,"2017_yk_094","Yukon",2016,0.721892504640931,0.387592306149685,-0.00023813022275021,881.9154533,1013.123309,1619.16,0.722310649
1296,679.104,0.723093777084186,0.379298308975781,1358.208,"2017_yk_094","Yukon",2016,0.72191910634131,0.387262990916004,-0.000329315233681016,881.9154533,1013.123309,1619.16,0.722310649
1297,679.628,0.722479577663982,0.379035292629372,1359.256,"2017_yk_094","Yukon",2016,0.721945713738408,0.387086217428369,-0.000176773487635229,881.9154533,1013.123309,1619.16,0.722310649
1298,680.152,0.721693844493196,0.381228254236111,1360.304,"2017_yk_094","Yukon",2016,0.721950830930142,0.386886718165547,-0.000199499262821312,881.9154533,1013.123309,1619.16,0.722310649
1299,680.676,0.724282087582701,0.388787183510735,1361.352,"2017_yk_094","Yukon",2016,0.721939568050498,0.386935390497645,4.86723320974325e-05,881.9154533,1013.123309,1619.16,0.722310649
1300,681.2,0.721578258141309,0.387682912263687,1362.4,"2017_yk_094","Yukon",2016,0.721995780255801,0.386634182159471,-0.000301208338173486,881.9154533,1013.123309,1619.16,0.722310649
1301,681.724,0.724345100172311,0.38074402102009,1363.448,"2017_yk_094","Yukon",2016,0.722017010717926,0.386147653895324,-0.000486528264147357,881.9154533,1013.123309,1619.16,0.722310649
1302,682.248,0.723848768587242,0.380439924402111,1364.496,"2017_yk_094","Yukon",2016,0.722023305065339,0.385735259243271,-0.000412394652052339,881.9154533,1013.123309,1619.16,0.722310649
1303,682.772,0.724098418617018,0.377192431789509,1365.544,"2017_yk_094","Yukon",2016,0.722025461650776,0.385147214269304,-0.000588044973967694,881.9154533,1013.123309,1619.16,0.722310649
1304,683.296,0.71966026753328,0.382418796195003,1366.592,"2017_yk_094","Yukon",2016,0.722020671856778,0.384734015951166,-0.000413198318137797,881.9154533,1013.123309,1619.16,0.722310649
1305,683.82,0.721241958412678,0.388157929016623,1367.64,"2017_yk_094","Yukon",2016,0.721980697864729,0.384436811438806,-0.000297204512360261,881.9154533,1013.123309,1619.16,0.722310649
1306,684.344,0.720481533388054,0.380913028667037,1368.688,"2017_yk_094","Yukon",2016,0.722009156647115,0.384272125626092,-0.000164685812714171,881.9154533,1013.123309,1619.16,0.722310649
1307,684.868,0.723197343261921,0.38335348601914,1369.736,"2017_yk_094","Yukon",2016,0.721951801743153,0.383886607142102,-0.000385518483989933,881.9154533,1013.123309,1619.16,0.722310649
1308,685.392,0.723746747683667,0.382273867958839,1370.784,"2017_yk_094","Yukon",2016,0.721939420674661,0.383461966510857,-0.000424640631244755,881.9154533,1013.123309,1619.16,0.722310649
1309,685.916,0.722074419595893,0.371235831097792,1371.832,"2017_yk_094","Yukon",2016,0.721911486350411,0.383137619783197,-0.000324346727660185,881.9154533,1013.123309,1619.16,0.722310649
1310,686.44,0.721573518562431,0.372749709071578,1372.88,"2017_yk_094","Yukon",2016,0.721894308585484,0.38265840543692,-0.000479214346276235,881.9154533,1013.123309,1619.16,0.722310649
1311,686.964,0.722251848766274,0.371594162571785,1373.928,"2017_yk_094","Yukon",2016,0.721831145481017,0.382034231093666,-0.000624174343254513,881.9154533,1013.123309,1619.16,0.722310649
1312,687.488,0.720873140115,0.381199747849208,1374.976,"2017_yk_094","Yukon",2016,0.721801746514236,0.381382416545758,-0.00065181454790797,881.9154533,1013.123309,1619.16,0.722310649
1313,688.012,0.724219629542288,0.385334162753034,1376.024,"2017_yk_094","Yukon",2016,0.721794128792021,0.380888592520176,-0.000493824025582124,881.9154533,1013.123309,1619.16,0.722310649
1314,688.536,0.719365375596607,0.39453387178374,1377.072,"2017_yk_094","Yukon",2016,0.721756410758775,0.380486379504468,-0.000402213015708308,881.9154533,1013.123309,1619.16,0.722310649
1315,689.06,0.721903698170771,0.389276550773032,1378.12,"2017_yk_094","Yukon",2016,0.721743039328284,0.380310272537439,-0.000176106967028911,881.9154533,1013.123309,1619.16,0.722310649
1316,689.584,0.723017935051233,0.379596671831964,1379.168,"2017_yk_094","Yukon",2016,0.72172814332434,0.380140138389365,-0.00017013414807332,881.9154533,1013.123309,1619.16,0.722310649
1317,690.108,0.724023460943431,0.383888006188984,1380.216,"2017_yk_094","Yukon",2016,0.721725303836436,0.379864310863679,-0.000275827525686223,881.9154533,1013.123309,1619.16,0.722310649
1318,690.632,0.720579926579989,0.385917378452546,1381.264,"2017_yk_094","Yukon",2016,0.721694723532302,0.379880329427301,1.60185636222665e-05,881.9154533,1013.123309,1619.16,0.722310649
1319,691.156,0.724413382843239,0.389772637110554,1382.312,"2017_yk_094","Yukon",2016,0.721667523338551,0.379607855463428,-0.000272473963872921,881.9154533,1013.123309,1619.16,0.722310649
1320,691.68,0.723855636203852,0.388848060250214,1383.36,"2017_yk_094","Yukon",2016,0.721675149967486,0.379128233312774,-0.000479622150654779,881.9154533,1013.123309,1619.16,0.722310649
1321,692.204,0.719738641729571,0.392422928297207,1384.408,"2017_yk_094","Yukon",2016,0.721655468024813,0.378523758734141,-0.000604474578633052,881.9154533,1013.123309,1619.16,0.722310649
1322,692.728,0.723841632573881,0.392228142690152,1385.456,"2017_yk_094","Yukon",2016,0.721604035114898,0.377807825403211,-0.00071593333092973,881.9154533,1013.123309,1619.16,0.722310649
1323,693.252,0.71953240746685,0.38901909809576,1386.504,"2017_yk_094","Yukon",2016,0.721552515886981,0.377370801173534,-0.000437024229677008,881.9154533,1013.123309,1619.16,0.722310649
1324,693.776,0.72074133211489,0.380410590822755,1387.552,"2017_yk_094","Yukon",2016,0.721523027664288,0.377214797187094,-0.000156003986440056,881.9154533,1013.123309,1619.16,0.722310649
1325,694.3,0.721859750787257,0.379056738126645,1388.6,"2017_yk_094","Yukon",2016,0.72158018166965,0.377086533020809,-0.000128264166284642,881.9154533,1013.123309,1619.16,0.722310649
1326,694.824,0.722793660386311,0.379580580337439,1389.648,"2017_yk_094","Yukon",2016,0.721505351528273,0.376928231568042,-0.000158301452767184,881.9154533,1013.123309,1619.16,0.722310649
1327,695.348,0.722235865650384,0.392840676480736,1390.696,"2017_yk_094","Yukon",2016,0.721476850091042,0.376841894498189,-8.63370698530597e-05,881.9154533,1013.123309,1619.16,0.722310649
1328,695.872,0.722479441229226,0.386806895373431,1391.744,"2017_yk_094","Yukon",2016,0.721455600811766,0.376632607386329,-0.000209287111859857,881.9154533,1013.123309,1619.16,0.722310649
1329,696.396,0.72133412632972,0.397556476551043,1392.792,"2017_yk_094","Yukon",2016,0.721376661442086,0.376203189424398,-0.000429417961930745,881.9154533,1013.123309,1619.16,0.722310649
1330,696.92,0.723238192186101,0.387193418745105,1393.84,"2017_yk_094","Yukon",2016,0.721370580244086,0.375883195749158,-0.000319993675239938,881.9154533,1013.123309,1619.16,0.722310649
1331,697.444,0.722677115469709,0.372037305201827,1394.888,"2017_yk_094","Yukon",2016,0.721338263148368,0.375518318904503,-0.000364876844654971,881.9154533,1013.123309,1619.16,0.722310649
1332,697.968,0.719795056716141,0.370620115139136,1395.936,"2017_yk_094","Yukon",2016,0.72123216706602,0.375222671398409,-0.000295647506094066,881.9154533,1013.123309,1619.16,0.722310649
1333,698.492,0.722295825382408,0.364943277016921,1396.984,"2017_yk_094","Yukon",2016,0.721178713481132,0.375144324093972,-7.83473044376759e-05,881.9154533,1013.123309,1619.16,0.722310649
1334,699.016,0.722248109297582,0.370792145885091,1398.032,"2017_yk_094","Yukon",2016,0.721200561920431,0.374998542414591,-0.000145781679381063,881.9154533,1013.123309,1619.16,0.722310649
1335,699.54,0.719974903703144,0.376850172017321,1399.08,"2017_yk_094","Yukon",2016,0.721129800378714,0.37484559083263,-0.000152951581960881,881.9154533,1013.123309,1619.16,0.722310649
1336,700.064,0.722318284831505,0.390530340035719,1400.128,"2017_yk_094","Yukon",2016,0.721134787842143,0.37489153913507,4.59483024403684e-05,881.9154533,1013.123309,1619.16,0.722310649
1337,700.588,0.718324464593481,0.381998750805899,1401.176,"2017_yk_094","Yukon",2016,0.721055276326267,0.374869703956894,-2.18351781760551e-05,881.9154533,1013.123309,1619.16,0.722310649
1338,701.112,0.719728378931983,0.375509976601828,1402.224,"2017_yk_094","Yukon",2016,0.720999250806045,0.374917212252323,4.7508295429044e-05,881.9154533,1013.123309,1619.16,0.722310649
1339,701.636,0.721368417363185,0.373785566273604,1403.272,"2017_yk_094","Yukon",2016,0.720990666293632,0.375007498905139,9.02866528157964e-05,881.9154533,1013.123309,1619.16,0.722310649
1340,702.16,0.721608376506893,0.353823031641184,1404.32,"2017_yk_094","Yukon",2016,0.720893812257556,0.375068156976747,6.06580716078775e-05,881.9154533,1013.123309,1619.16,0.722310649
1341,702.684,0.719319205361747,0.354800929939568,1405.368,"2017_yk_094","Yukon",2016,0.72083231366738,0.375260842500324,0.000192685523577318,881.9154533,1013.123309,1619.16,0.722310649
1342,703.208,0.720798068970187,0.35505635018446,1406.416,"2017_yk_094","Yukon",2016,0.72076285677194,0.375391476522052,0.000130634021727527,881.9154533,1013.123309,1619.16,0.722310649
1343,703.732,0.7205283928551,0.362679787070701,1407.464,"2017_yk_094","Yukon",2016,0.720624002029161,0.375511423263503,0.000119946741451438,881.9154533,1013.123309,1619.16,0.722310649
1344,704.256,0.718662355064007,0.364837891690241,1408.512,"2017_yk_094","Yukon",2016,0.720647232506257,0.375438266789885,-7.31564736181078e-05,881.9154533,1013.123309,1619.16,0.722310649
1345,704.78,0.722147277934622,0.366645735454681,1409.56,"2017_yk_094","Yukon",2016,0.720605103822331,0.37546696731935,2.87005294654086e-05,881.9154533,1013.123309,1619.16,0.722310649
1346,705.304,0.72358826105443,0.368799308745509,1410.608,"2017_yk_094","Yukon",2016,0.720547275992626,0.375719466944351,0.000252499625000402,881.9154533,1013.123309,1619.16,0.722310649
1347,705.828,0.719537021382019,0.365301116034031,1411.656,"2017_yk_094","Yukon",2016,0.720488264028391,0.375872701674397,0.000153234730046192,881.9154533,1013.123309,1619.16,0.722310649
1348,706.352,0.719740114109881,0.376515613737812,1412.704,"2017_yk_094","Yukon",2016,0.72042567433008,0.375899360240918,2.6658566520732e-05,881.9154533,1013.123309,1619.16,0.722310649
1349,706.876,0.72067116615948,0.365202748501244,1413.752,"2017_yk_094","Yukon",2016,0.7202943772268,0.37599326044137,9.39002004521905e-05,881.9154533,1013.123309,1619.16,0.722310649
1350,707.4,0.719738963161319,0.363502696659835,1414.8,"2017_yk_094","Yukon",2016,0.720181211304704,0.376208220151248,0.000214959709877893,881.9154533,1013.123309,1619.16,0.722310649
1351,707.924,0.721519457206913,0.35643378694606,1415.848,"2017_yk_094","Yukon",2016,0.720205389468374,0.376334989886836,0.000126769735588228,881.9154533,1013.123309,1619.16,0.722310649
1352,708.448,0.717645854726444,0.349941692323638,1416.896,"2017_yk_094","Yukon",2016,0.720069830126144,0.376456559358682,0.000121569471845717,881.9154533,1013.123309,1619.16,0.722310649
1353,708.972,0.719695601159756,0.359103943123611,1417.944,"2017_yk_094","Yukon",2016,0.720064457398959,0.376715305551427,0.000258746192745074,881.9154533,1013.123309,1619.16,0.722310649
1354,709.496,0.718389528567173,0.368518700700526,1418.992,"2017_yk_094","Yukon",2016,0.720015424205918,0.377044386032034,0.000329080480607202,881.9154533,1013.123309,1619.16,0.722310649
1355,710.02,0.722795994623209,0.374373227579397,1420.04,"2017_yk_094","Yukon",2016,0.719901040032683,0.377258159796693,0.000213773764658753,881.9154533,1013.123309,1619.16,0.722310649
1356,710.544,0.718603968601541,0.36980022180975,1421.088,"2017_yk_094","Yukon",2016,0.719790141777435,0.377518112097665,0.000259952300972532,881.9154533,1013.123309,1619.16,0.722310649
1357,711.068,0.720769491430122,0.373855068438186,1422.136,"2017_yk_094","Yukon",2016,0.719728604174968,0.377558592853903,4.04807562381926e-05,881.9154533,1013.123309,1619.16,0.722310649
1358,711.592,0.720418887736636,0.368671027524521,1423.184,"2017_yk_094","Yukon",2016,0.719662914411666,0.377563873769314,5.28091541091014e-06,881.9154533,1013.123309,1619.16,0.722310649
1359,712.116,0.719545725401865,0.36302210579489,1424.232,"2017_yk_094","Yukon",2016,0.719608836197401,0.377649072603935,8.51988346207699e-05,881.9154533,1013.123309,1619.16,0.722310649
1360,712.64,0.721213386261327,0.368483291749289,1425.28,"2017_yk_094","Yukon",2016,0.719529821682535,0.378071091128962,0.00042201852502699,881.9154533,1013.123309,1619.16,0.722310649
1361,713.164,0.722406074429262,0.35885141034079,1426.328,"2017_yk_094","Yukon",2016,0.719455384845548,0.378668254358272,0.000597163229310083,881.9154533,1013.123309,1619.16,0.722310649
1362,713.688,0.717483003646352,0.362701074036465,1427.376,"2017_yk_094","Yukon",2016,0.719445945907598,0.379291130631289,0.000622876273016715,881.9154533,1013.123309,1619.16,0.722310649
1363,714.212,0.720891203523735,0.37249159352325,1428.424,"2017_yk_094","Yukon",2016,0.719376229795286,0.380225656651315,0.000934526020026305,881.9154533,1013.123309,1619.16,0.722310649
1364,714.736,0.720971173891207,0.373671895432142,1429.472,"2017_yk_094","Yukon",2016,0.719295385709399,0.380951329484877,0.000725672833561897,881.9154533,1013.123309,1619.16,0.722310649
1365,715.26,0.716996265909645,0.37898083409897,1430.52,"2017_yk_094","Yukon",2016,0.719282365669443,0.381310328649886,0.000358999165008589,881.9154533,1013.123309,1619.16,0.722310649
1366,715.784,0.720780781193837,0.383669926813458,1431.568,"2017_yk_094","Yukon",2016,0.719171835145365,0.381516326763658,0.000205998113771977,881.9154533,1013.123309,1619.16,0.722310649
1367,716.308,0.718426652309353,0.382043375328575,1432.616,"2017_yk_094","Yukon",2016,0.719145473931419,0.382008528046969,0.000492201283311178,881.9154533,1013.123309,1619.16,0.722310649
1368,716.832,0.720385216470343,0.38512436568458,1433.664,"2017_yk_094","Yukon",2016,0.719101693004918,0.382631732227217,0.000623204180248249,881.9154533,1013.123309,1619.16,0.722310649
1369,717.356,0.721559348851114,0.376653030266742,1434.712,"2017_yk_094","Yukon",2016,0.719027670278619,0.383196656419654,0.000564924192437088,881.9154533,1013.123309,1619.16,0.722310649
1370,717.88,0.715762276397833,0.376389193368048,1435.76,"2017_yk_094","Yukon",2016,0.71895560392109,0.384131165880827,0.00093450946117285,881.9154533,1013.123309,1619.16,0.722310649
1371,718.404,0.718561933355759,0.383155293986427,1436.808,"2017_yk_094","Yukon",2016,0.718939739874341,0.38513851624397,0.00100735036314287,881.9154533,1013.123309,1619.16,0.722310649
1372,718.928,0.716705726388548,0.389037789152856,1437.856,"2017_yk_094","Yukon",2016,0.718869469160051,0.38608719083331,0.000948674589340226,881.9154533,1013.123309,1619.16,0.722310649
1373,719.452,0.71588834497556,0.392530967240119,1438.904,"2017_yk_094","Yukon",2016,0.718823174606786,0.386759569230897,0.000672378397587325,881.9154533,1013.123309,1619.16,0.722310649
1374,719.976,0.720759204222386,0.390144483366653,1439.952,"2017_yk_094","Yukon",2016,0.718801704616541,0.387439703366115,0.000680134135217836,881.9154533,1013.123309,1619.16,0.722310649
1375,720.5,0.719375977135232,0.390998582540959,1441,"2017_yk_094","Yukon",2016,0.71869949806819,0.388075183183587,0.000635479817471751,881.9154533,1013.123309,1619.16,0.722310649
1376,721.024,0.719548265268876,0.394746649331986,1442.048,"2017_yk_094","Yukon",2016,0.718590692055452,0.388466273299889,0.000391090116302173,881.9154533,1013.123309,1619.16,0.722310649
1377,721.548,0.720482743089335,0.393082089991756,1443.096,"2017_yk_094","Yukon",2016,0.71852435877133,0.388880641234627,0.00041436793473737,881.9154533,1013.123309,1619.16,0.722310649
1378,722.072,0.716824544681346,0.387516892443792,1444.144,"2017_yk_094","Yukon",2016,0.718490215176021,0.389336701661376,0.000456060426749727,881.9154533,1013.123309,1619.16,0.722310649
1379,722.596,0.716535556646416,0.395406649137684,1445.192,"2017_yk_094","Yukon",2016,0.71840769766658,0.389853528859594,0.000516827198217329,881.9154533,1013.123309,1619.16,0.722310649
1380,723.12,0.717065680878135,0.40174564284289,1446.24,"2017_yk_094","Yukon",2016,0.71836928447954,0.390484061359778,0.000630532500184633,881.9154533,1013.123309,1619.16,0.722310649
1381,723.644,0.721189331549783,0.400029112432502,1447.288,"2017_yk_094","Yukon",2016,0.718304559998114,0.39137311416963,0.000889052809851798,881.9154533,1013.123309,1619.16,0.722310649
1382,724.168,0.715708072040051,0.399522311000895,1448.336,"2017_yk_094","Yukon",2016,0.718292233344605,0.392289399519143,0.000916285349512935,881.9154533,1013.123309,1619.16,0.722310649
1383,724.692,0.719210043835769,0.404543869660464,1449.384,"2017_yk_094","Yukon",2016,0.718233158318448,0.393140740474695,0.000851340955551616,881.9154533,1013.123309,1619.16,0.722310649
1384,725.216,0.717799340532412,0.400155419659187,1450.432,"2017_yk_094","Yukon",2016,0.718275877757283,0.393682082674926,0.000541342200231276,881.9154533,1013.123309,1619.16,0.722310649
1385,725.74,0.71499670039316,0.39188316400617,1451.48,"2017_yk_094","Yukon",2016,0.718211484318317,0.393927063162835,0.000244980487909496,881.9154533,1013.123309,1619.16,0.722310649
1386,726.264,0.716139765071427,0.395177718395788,1452.528,"2017_yk_094","Yukon",2016,0.718146815121624,0.394502104686813,0.000575041523977748,881.9154533,1013.123309,1619.16,0.722310649
1387,726.788,0.718543609502382,0.395269521855027,1453.576,"2017_yk_094","Yukon",2016,0.718071006752649,0.395037141761806,0.00053503707499325,881.9154533,1013.123309,1619.16,0.722310649
1388,727.312,0.718538055431118,0.387123750298087,1454.624,"2017_yk_094","Yukon",2016,0.718037124195435,0.395670228067729,0.000633086305922181,881.9154533,1013.123309,1619.16,0.722310649
1389,727.836,0.718089433473809,0.402668406628288,1455.672,"2017_yk_094","Yukon",2016,0.718002683127013,0.396477196621664,0.000806968553935361,881.9154533,1013.123309,1619.16,0.722310649
1390,728.36,0.718497321294119,0.412514530246723,1456.72,"2017_yk_094","Yukon",2016,0.717896830629156,0.397378662150934,0.000901465529270118,881.9154533,1013.123309,1619.16,0.722310649
1391,728.884,0.718210905250518,0.407867098960433,1457.768,"2017_yk_094","Yukon",2016,0.717780857443381,0.398276499778532,0.000897837627597708,881.9154533,1013.123309,1619.16,0.722310649
1392,729.408,0.719228720439091,0.407992691520138,1458.816,"2017_yk_094","Yukon",2016,0.717735124563524,0.398959981972772,0.000683482194240526,881.9154533,1013.123309,1619.16,0.722310649
1393,729.932,0.718112858643714,0.4210148382185,1459.864,"2017_yk_094","Yukon",2016,0.717673841932568,0.399398007933262,0.000438025960489974,881.9154533,1013.123309,1619.16,0.722310649
1394,730.456,0.717397464144386,0.414332515898805,1460.912,"2017_yk_094","Yukon",2016,0.717608032610139,0.399779169451507,0.0003811615182443,881.9154533,1013.123309,1619.16,0.722310649
1395,730.98,0.719193701305756,0.398390121917836,1461.96,"2017_yk_094","Yukon",2016,0.717617680997854,0.399949806399965,0.00017063694845848,881.9154533,1013.123309,1619.16,0.722310649
1396,731.504,0.715686453386834,0.402890226862039,1463.008,"2017_yk_094","Yukon",2016,0.717568662659749,0.399924768536468,-2.50378634966686e-05,881.9154533,1013.123309,1619.16,0.722310649
1397,732.028,0.716742791756717,0.411530827804571,1464.056,"2017_yk_094","Yukon",2016,0.717490710373678,0.400106591028416,0.000181822491947536,881.9154533,1013.123309,1619.16,0.722310649
1398,732.552,0.717101523341933,0.412902227416722,1465.104,"2017_yk_094","Yukon",2016,0.717390343598118,0.400166477150644,5.98861222281255e-05,881.9154533,1013.123309,1619.16,0.722310649
1399,733.076,0.716927053785229,0.40768101781983,1466.152,"2017_yk_094","Yukon",2016,0.717317643573815,0.400347565127816,0.000181087977171868,881.9154533,1013.123309,1619.16,0.722310649
1400,733.6,0.717284395055194,0.409893599311556,1467.2,"2017_yk_094","Yukon",2016,0.717357752050403,0.400649200027951,0.000301634900135572,881.9154533,1013.123309,1619.16,0.722310649
1401,734.124,0.718367362556796,0.415241951728142,1468.248,"2017_yk_094","Yukon",2016,0.717330847569653,0.400993630394775,0.000344430366823134,881.9154533,1013.123309,1619.16,0.722310649
1402,734.648,0.716581826112758,0.411976825544873,1469.296,"2017_yk_094","Yukon",2016,0.717283021658652,0.401226424038391,0.000232793643615947,881.9154533,1013.123309,1619.16,0.722310649
1403,735.172,0.71775071965922,0.40302249092594,1470.344,"2017_yk_094","Yukon",2016,0.717254420586467,0.401352554706661,0.000126130668270108,881.9154533,1013.123309,1619.16,0.722310649
1404,735.696,0.717374155649283,0.40564593980331,1471.392,"2017_yk_094","Yukon",2016,0.717202557208591,0.401254693894888,-9.78608117727098e-05,881.9154533,1013.123309,1619.16,0.722310649
1405,736.22,0.716014885033552,0.404774524502986,1472.44,"2017_yk_094","Yukon",2016,0.717100107086742,0.401067447693499,-0.000187246201388491,881.9154533,1013.123309,1619.16,0.722310649
1406,736.744,0.717059900290204,0.392264715723638,1473.488,"2017_yk_094","Yukon",2016,0.717042033387687,0.400882661242536,-0.000184786450963037,881.9154533,1013.123309,1619.16,0.722310649
1407,737.268,0.715557024334697,0.390163192118273,1474.536,"2017_yk_094","Yukon",2016,0.716931334226435,0.400687651794325,-0.000195009448211492,881.9154533,1013.123309,1619.16,0.722310649
1408,737.792,0.717691498391344,0.403879239342797,1475.584,"2017_yk_094","Yukon",2016,0.716887423731597,0.400614930216326,-7.27215779985357e-05,881.9154533,1013.123309,1619.16,0.722310649
1409,738.316,0.715720115593003,0.396212380394281,1476.632,"2017_yk_094","Yukon",2016,0.716864308771735,0.400638761073539,2.38308572130252e-05,881.9154533,1013.123309,1619.16,0.722310649
1410,738.84,0.717434171938942,0.401334646670914,1477.68,"2017_yk_094","Yukon",2016,0.716859618385937,0.400441681218251,-0.000197079855288551,881.9154533,1013.123309,1619.16,0.722310649
1411,739.364,0.717635988321347,0.40977695553717,1478.728,"2017_yk_094","Yukon",2016,0.716770871846151,0.400115866998703,-0.000325814219547915,881.9154533,1013.123309,1619.16,0.722310649
1412,739.888,0.716906255515888,0.404918813294413,1479.776,"2017_yk_094","Yukon",2016,0.716764930536087,0.399759932321675,-0.000355934677027603,881.9154533,1013.123309,1619.16,0.722310649
1413,740.412,0.716151099590312,0.410184400456707,1480.824,"2017_yk_094","Yukon",2016,0.7167113870736,0.399281069356874,-0.000478862964801485,881.9154533,1013.123309,1619.16,0.722310649
1414,740.936,0.720952694897274,0.400999232714403,1481.872,"2017_yk_094","Yukon",2016,0.716677835014944,0.398766406600165,-0.000514662756708362,881.9154533,1013.123309,1619.16,0.722310649
1415,741.46,0.718932388285301,0.389072056853966,1482.92,"2017_yk_094","Yukon",2016,0.716672696085865,0.398509947568221,-0.000256459031944767,881.9154533,1013.123309,1619.16,0.722310649
1416,741.984,0.714723816799942,0.404302713248417,1483.968,"2017_yk_094","Yukon",2016,0.716644267398155,0.398240488583576,-0.000269458984644755,881.9154533,1013.123309,1619.16,0.722310649
1417,742.508,0.716220989291598,0.405957292937784,1485.016,"2017_yk_094","Yukon",2016,0.71660981347109,0.39806798202637,-0.000172506557205909,881.9154533,1013.123309,1619.16,0.722310649
1418,743.032,0.718385934303835,0.406656205879853,1486.064,"2017_yk_094","Yukon",2016,0.71661295595042,0.398122140530944,5.4158504573798e-05,881.9154533,1013.123309,1619.16,0.722310649
1419,743.556,0.717479261296515,0.411440219031009,1487.112,"2017_yk_094","Yukon",2016,0.716578726518502,0.397857616856658,-0.000264523674285366,881.9154533,1013.123309,1619.16,0.722310649
1420,744.08,0.714862236389883,0.422571223505497,1488.16,"2017_yk_094","Yukon",2016,0.716483764877327,0.397335666184994,-0.000521950671664106,881.9154533,1013.123309,1619.16,0.722310649
1421,744.604,0.71544768328281,0.412721667996653,1489.208,"2017_yk_094","Yukon",2016,0.716417259586279,0.396937348490446,-0.000398317694548733,881.9154533,1013.123309,1619.16,0.722310649
1422,745.128,0.714739030854937,0.403710005690895,1490.256,"2017_yk_094","Yukon",2016,0.716333924358737,0.396772621071923,-0.000164727418522637,881.9154533,1013.123309,1619.16,0.722310649
1423,745.652,0.717214245666337,0.398773151152645,1491.304,"2017_yk_094","Yukon",2016,0.716243447980688,0.396343494568277,-0.000429126503645738,881.9154533,1013.123309,1619.16,0.722310649
1424,746.176,0.717022614545454,0.396541586526802,1492.352,"2017_yk_094","Yukon",2016,0.716248215498143,0.395960099587336,-0.000383394980941087,881.9154533,1013.123309,1619.16,0.722310649
1425,746.7,0.717575169172574,0.389219051006482,1493.4,"2017_yk_094","Yukon",2016,0.716167943187767,0.395781953036381,-0.00017814655095505,881.9154533,1013.123309,1619.16,0.722310649
1426,747.224,0.717839680907553,0.382167655003656,1494.448,"2017_yk_094","Yukon",2016,0.716170365437938,0.395355295284548,-0.000426657751832926,881.9154533,1013.123309,1619.16,0.722310649
1427,747.748,0.713749515145053,0.392952724845428,1495.496,"2017_yk_094","Yukon",2016,0.716117301394306,0.394833381357775,-0.000521913926773143,881.9154533,1013.123309,1619.16,0.722310649
1428,748.272,0.714363209936768,0.388717533018266,1496.544,"2017_yk_094","Yukon",2016,0.716090817279767,0.394340619585304,-0.000492761772470707,881.9154533,1013.123309,1619.16,0.722310649
1429,748.796,0.717197347392933,0.387518308897053,1497.592,"2017_yk_094","Yukon",2016,0.716050669969272,0.394119374906589,-0.000221244678714982,881.9154533,1013.123309,1619.16,0.722310649
1430,749.32,0.718168784993144,0.394487287376181,1498.64,"2017_yk_094","Yukon",2016,0.715976648706491,0.3940561960209,-6.31788856898519e-05,881.9154533,1013.123309,1619.16,0.722310649
1431,749.844,0.71694766451071,0.403821115995814,1499.688,"2017_yk_094","Yukon",2016,0.715937719566217,0.394189843229509,0.000133647208609144,881.9154533,1013.123309,1619.16,0.722310649
1432,750.368,0.713836171728494,0.403005407769813,1500.736,"2017_yk_094","Yukon",2016,0.715895686708837,0.394565187883289,0.000375344653780751,881.9154533,1013.123309,1619.16,0.722310649
1433,750.892,0.71417228064446,0.400098807336328,1501.784,"2017_yk_094","Yukon",2016,0.715790027511864,0.395121311011273,0.000556123127983532,881.9154533,1013.123309,1619.16,0.722310649
1434,751.416,0.717647401549845,0.384272834660288,1502.832,"2017_yk_094","Yukon",2016,0.715726816246167,0.395946492291099,0.00082518127982617,881.9154533,1013.123309,1619.16,0.722310649
1435,751.94,0.713228969824276,0.379763810457648,1503.88,"2017_yk_094","Yukon",2016,0.715687121266535,0.396794140317722,0.000847648026623127,881.9154533,1013.123309,1619.16,0.722310649
1436,752.464,0.716063843325572,0.383659462274204,1504.928,"2017_yk_094","Yukon",2016,0.715618592790287,0.397752032669748,0.000957892352025591,881.9154533,1013.123309,1619.16,0.722310649
1437,752.988,0.713840793414238,0.381381523099068,1505.976,"2017_yk_094","Yukon",2016,0.715601325989925,0.398982321650442,0.00123028898069399,881.9154533,1013.123309,1619.16,0.722310649
1438,753.512,0.714189914991057,0.38315359776388,1507.024,"2017_yk_094","Yukon",2016,0.715570500862915,0.400039331262692,0.00105700961225036,881.9154533,1013.123309,1619.16,0.722310649
1439,754.036,0.715148659054694,0.396836500570465,1508.072,"2017_yk_094","Yukon",2016,0.715555214042055,0.401438473368218,0.00139914210552577,881.9154533,1013.123309,1619.16,0.722310649
1440,754.56,0.716784257730282,0.389920851525577,1509.12,"2017_yk_094","Yukon",2016,0.715493085635523,0.402952818568689,0.00151434520047128,881.9154533,1013.123309,1619.16,0.722310649
1441,755.084,0.715864539162617,0.380480259259625,1510.168,"2017_yk_094","Yukon",2016,0.715394674983848,0.404448470160461,0.00149565159177184,881.9154533,1013.123309,1619.16,0.722310649
1442,755.608,0.715351593436198,0.378166230379239,1511.216,"2017_yk_094","Yukon",2016,0.715315509402584,0.406065124606759,0.00161665444629766,881.9154533,1013.123309,1619.16,0.722310649
1443,756.132,0.715997436086559,0.375812091772373,1512.264,"2017_yk_094","Yukon",2016,0.71528109709882,0.407331121197835,0.00126599659107612,881.9154533,1013.123309,1619.16,0.722310649
1444,756.656,0.715786217013069,0.369275654256687,1513.312,"2017_yk_094","Yukon",2016,0.715101266590122,0.408925045878478,0.00159392468064318,881.9154533,1013.123309,1619.16,0.722310649
1445,757.18,0.714688364648408,0.376495622089483,1514.36,"2017_yk_094","Yukon",2016,0.715015900260864,0.410965909308405,0.00204086342992743,881.9154533,1013.123309,1619.16,0.722310649
1446,757.704,0.714434043808833,0.379010179317104,1515.408,"2017_yk_094","Yukon",2016,0.71501525913964,0.412873481114697,0.00190757180629103,881.9154533,1013.123309,1619.16,0.722310649
1447,758.228,0.716476373878496,0.384919128422673,1516.456,"2017_yk_094","Yukon",2016,0.714908564127873,0.41466880765284,0.00179532653814368,881.9154533,1013.123309,1619.16,0.722310649
1448,758.752,0.718726604190869,0.390373260572513,1517.504,"2017_yk_094","Yukon",2016,0.714839268041949,0.416691091295734,0.00202228364289331,881.9154533,1013.123309,1619.16,0.722310649
1449,759.276,0.716035667558733,0.386796986171168,1518.552,"2017_yk_094","Yukon",2016,0.714732704837933,0.418830369022602,0.00213927772686889,881.9154533,1013.123309,1619.16,0.722310649
1450,759.8,0.712799622823653,0.381197489946878,1519.6,"2017_yk_094","Yukon",2016,0.714729118702727,0.421059148822615,0.00222877980001268,881.9154533,1013.123309,1619.16,0.722310649
1451,760.324,0.714220587787622,0.383968037287508,1520.648,"2017_yk_094","Yukon",2016,0.714655292793559,0.423613782674587,0.00255463385197185,881.9154533,1013.123309,1619.16,0.722310649
1452,760.848,0.71422860678656,0.398109046408778,1521.696,"2017_yk_094","Yukon",2016,0.71458034438897,0.426204660869264,0.0025908781946769,881.9154533,1013.123309,1619.16,0.722310649
1453,761.372,0.712684275960754,0.395267247999758,1522.744,"2017_yk_094","Yukon",2016,0.714503033840962,0.428848134355685,0.00264347348642135,881.9154533,1013.123309,1619.16,0.722310649
1454,761.896,0.717683515191701,0.391328817042339,1523.792,"2017_yk_094","Yukon",2016,0.714435100708888,0.431645922476136,0.0027977881204504,881.9154533,1013.123309,1619.16,0.722310649
1455,762.42,0.714377362683184,0.387701328860534,1524.84,"2017_yk_094","Yukon",2016,0.714297851975934,0.434730585159931,0.00308466268379537,881.9154533,1013.123309,1619.16,0.722310649
1456,762.944,0.71583178839711,0.377290761752062,1525.888,"2017_yk_094","Yukon",2016,0.714220262455013,0.438175815312118,0.00344523015218678,881.9154533,1013.123309,1619.16,0.722310649
1457,763.468,0.71355894913883,0.380215992198185,1526.936,"2017_yk_094","Yukon",2016,0.714187664085095,0.441469839231589,0.00329402391947131,881.9154533,1013.123309,1619.16,0.722310649
1458,763.992,0.715512476469555,0.383336521068476,1527.984,"2017_yk_094","Yukon",2016,0.714136407655951,0.444817620177927,0.00334778094633753,881.9154533,1013.123309,1619.16,0.722310649
1459,764.516,0.714518215155506,0.394406337096932,1529.032,"2017_yk_094","Yukon",2016,0.714015445601469,0.448417302423382,0.00359968224545576,881.9154533,1013.123309,1619.16,0.722310649
1460,765.04,0.712843119288386,0.406102866170162,1530.08,"2017_yk_094","Yukon",2016,0.713884577817786,0.451927518627376,0.00351021620399378,881.9154533,1013.123309,1619.16,0.722310649
1461,765.564,0.71603161414031,0.423260784244695,1531.128,"2017_yk_094","Yukon",2016,0.713793323136175,0.455659796407662,0.00373227778028618,881.9154533,1013.123309,1619.16,0.722310649
1462,766.088,0.714059854669968,0.434497504771717,1532.176,"2017_yk_094","Yukon",2016,0.713767204326684,0.459753958106422,0.00409416169875948,881.9154533,1013.123309,1619.16,0.722310649
1463,766.612,0.711411167840873,0.436389878604951,1533.224,"2017_yk_094","Yukon",2016,0.713722770473279,0.464077950166339,0.00432399205991685,881.9154533,1013.123309,1619.16,0.722310649
1464,767.136,0.713581479707411,0.45515681659288,1534.272,"2017_yk_094","Yukon",2016,0.713614390790837,0.468619278384527,0.00454132821818864,881.9154533,1013.123309,1619.16,0.722310649
1465,767.66,0.713633186255653,0.455633406100373,1535.32,"2017_yk_094","Yukon",2016,0.713587884487972,0.472795033245546,0.00417575486101862,881.9154533,1013.123309,1619.16,0.722310649
1466,768.184,0.712948191715294,0.449738256845178,1536.368,"2017_yk_094","Yukon",2016,0.713507255197523,0.476795107688644,0.00400007444309819,881.9154533,1013.123309,1619.16,0.722310649
1467,768.708,0.714521016313005,0.463980530959913,1537.416,"2017_yk_094","Yukon",2016,0.713457581135561,0.481078818560687,0.00428371087204266,881.9154533,1013.123309,1619.16,0.722310649
1468,769.232,0.715841990770718,0.467299816077815,1538.464,"2017_yk_094","Yukon",2016,0.713407934748364,0.485411034098109,0.00433221553742191,881.9154533,1013.123309,1619.16,0.722310649
1469,769.756,0.714802906341442,0.480160906725828,1539.512,"2017_yk_094","Yukon",2016,0.713367418595171,0.489706922436506,0.00429588833839767,881.9154533,1013.123309,1619.16,0.722310649
1470,770.28,0.713706467547033,0.492195358699191,1540.56,"2017_yk_094","Yukon",2016,0.713275129832253,0.494128451257109,0.00442152882060265,881.9154533,1013.123309,1619.16,0.722310649
1471,770.804,0.711731349220814,0.499516051043482,1541.608,"2017_yk_094","Yukon",2016,0.713213804327304,0.498714000756755,0.00458554949964601,881.9154533,1013.123309,1619.16,0.722310649
1472,771.328,0.712156320640065,0.501918080072274,1542.656,"2017_yk_094","Yukon",2016,0.713159487456353,0.503814310977908,0.00510031022115331,881.9154533,1013.123309,1619.16,0.722310649
1473,771.852,0.71408636136446,0.486144195921273,1543.704,"2017_yk_094","Yukon",2016,0.71308370406076,0.508943789417824,0.00512947843991607,881.9154533,1013.123309,1619.16,0.722310649
1474,772.376,0.710162864375427,0.496634713552994,1544.752,"2017_yk_094","Yukon",2016,0.713021064346693,0.514462330800496,0.00551854138267116,881.9154533,1013.123309,1619.16,0.722310649
1475,772.9,0.713810408529801,0.511523862649611,1545.8,"2017_yk_094","Yukon",2016,0.712974755805316,0.519611078001792,0.0051487472012961,881.9154533,1013.123309,1619.16,0.722310649
1476,773.424,0.714685349526528,0.518757021625879,1546.848,"2017_yk_094","Yukon",2016,0.712920440840888,0.52421971127617,0.00460863327437822,881.9154533,1013.123309,1619.16,0.722310649
1477,773.948,0.709819288585527,0.513676885226407,1547.896,"2017_yk_094","Yukon",2016,0.712817019378304,0.529046046182522,0.00482633490635265,881.9154533,1013.123309,1619.16,0.722310649
1478,774.472,0.714228169148439,0.52799322445345,1548.944,"2017_yk_094","Yukon",2016,0.712694830820201,0.534258125306054,0.00521207912353161,881.9154533,1013.123309,1619.16,0.722310649
1479,774.996,0.711085469055533,0.539796882643142,1549.992,"2017_yk_094","Yukon",2016,0.712589265915151,0.539453758146854,0.0051956328407996,881.9154533,1013.123309,1619.16,0.722310649
1480,775.52,0.714647068277533,0.556298011506258,1551.04,"2017_yk_094","Yukon",2016,0.712553033062055,0.544811082447155,0.00535732430030178,881.9154533,1013.123309,1619.16,0.722310649
1481,776.044,0.711018128732741,0.565999699114966,1552.088,"2017_yk_094","Yukon",2016,0.712500341648074,0.550628016312125,0.00581693386496929,881.9154533,1013.123309,1619.16,0.722310649
1482,776.568,0.710242126579585,0.55916269737151,1553.136,"2017_yk_094","Yukon",2016,0.712457071226053,0.556722752809287,0.00609473649716263,881.9154533,1013.123309,1619.16,0.722310649
1483,777.092,0.71257561278582,0.557381560337927,1554.184,"2017_yk_094","Yukon",2016,0.712410449351536,0.56290682241006,0.00618406960077222,881.9154533,1013.123309,1619.16,0.722310649
1484,777.616,0.712946626621007,0.564408873753824,1555.232,"2017_yk_094","Yukon",2016,0.712322403453137,0.568908827595969,0.00600200518590976,881.9154533,1013.123309,1619.16,0.722310649
1485,778.14,0.709340245195348,0.574298812034205,1556.28,"2017_yk_094","Yukon",2016,0.712249041119259,0.575277846179764,0.0063690185837949,881.9154533,1013.123309,1619.16,0.722310649
1486,778.664,0.713184309652318,0.588881464134866,1557.328,"2017_yk_094","Yukon",2016,0.712177115125037,0.581892235969651,0.00661438978988638,881.9154533,1013.123309,1619.16,0.722310649
1487,779.188,0.711793612949929,0.590594160013708,1558.376,"2017_yk_094","Yukon",2016,0.712143030860537,0.588303613169007,0.00641137719935592,881.9154533,1013.123309,1619.16,0.722310649
1488,779.712,0.711287824188151,0.589584389798518,1559.424,"2017_yk_094","Yukon",2016,0.712081638919672,0.595211910716123,0.00690829754711664,881.9154533,1013.123309,1619.16,0.722310649
1489,780.236,0.709939624124017,0.603499243624398,1560.472,"2017_yk_094","Yukon",2016,0.712017399176001,0.601910309645985,0.00669839892986213,881.9154533,1013.123309,1619.16,0.722310649
1490,780.76,0.710316717972187,0.605100259615807,1561.52,"2017_yk_094","Yukon",2016,0.71197097789476,0.608166775692598,0.00625646604661279,881.9154533,1013.123309,1619.16,0.722310649
1491,781.284,0.711472383614,0.627757782812984,1562.568,"2017_yk_094","Yukon",2016,0.711888838037462,0.61411433117594,0.00594755548334236,881.9154533,1013.123309,1619.16,0.722310649
1492,781.808,0.71226904315904,0.648655109695381,1563.616,"2017_yk_094","Yukon",2016,0.711847639205188,0.620362517372228,0.00624818619628775,881.9154533,1013.123309,1619.16,0.722310649
1493,782.332,0.711506249440168,0.659538330931336,1564.664,"2017_yk_094","Yukon",2016,0.711810246194471,0.626728832905841,0.00636631553361278,881.9154533,1013.123309,1619.16,0.722310649
1494,782.856,0.711144620603363,0.65675252775161,1565.712,"2017_yk_094","Yukon",2016,0.711751843535886,0.632600603817492,0.00587177091165103,881.9154533,1013.123309,1619.16,0.722310649
1495,783.38,0.711638591652328,0.630309102118769,1566.76,"2017_yk_094","Yukon",2016,0.711698749459709,0.638356691109572,0.00575608729207999,881.9154533,1013.123309,1619.16,0.722310649
1496,783.904,0.711226085898635,0.623663928860094,1567.808,"2017_yk_094","Yukon",2016,0.711670913232621,0.644420026121382,0.00606333501181033,881.9154533,1013.123309,1619.16,0.722310649
1497,784.428,0.710860349696537,0.638404175421626,1568.856,"2017_yk_094","Yukon",2016,0.711600004335702,0.650441902602434,0.00602187648105146,881.9154533,1013.123309,1619.16,0.722310649
1498,784.952,0.711211131759233,0.643086530009198,1569.904,"2017_yk_094","Yukon",2016,0.711505839417811,0.65615209763403,0.00571019503159564,881.9154533,1013.123309,1619.16,0.722310649
1499,785.476,0.712717689863101,0.654589800874321,1570.952,"2017_yk_094","Yukon",2016,0.711412244265381,0.661773666524073,0.00562156889004362,881.9154533,1013.123309,1619.16,0.722310649
1500,786,0.71124693195521,0.655212580761738,1572,"2017_yk_094","Yukon",2016,0.711351997526766,0.667109468870387,0.00533580234631348,881.9154533,1013.123309,1619.16,0.722310649
1501,786.524,0.71218500886566,0.655613229238386,1573.048,"2017_yk_094","Yukon",2016,0.711339031336306,0.672483628069625,0.00537415919923889,881.9154533,1013.123309,1619.16,0.722310649
1502,787.048,0.71209258117919,0.684184843648443,1574.096,"2017_yk_094","Yukon",2016,0.711318004028066,0.677842682362028,0.00535905429240235,881.9154533,1013.123309,1619.16,0.722310649
1503,787.572,0.711450432350965,0.683580798167334,1575.144,"2017_yk_094","Yukon",2016,0.711273163044389,0.683527874077252,0.00568519171522408,881.9154533,1013.123309,1619.16,0.722310649
1504,788.096,0.712027834169013,0.70038813721696,1576.192,"2017_yk_094","Yukon",2016,0.71126548886333,0.688708635388923,0.00518076131167089,881.9154533,1013.123309,1619.16,0.722310649
1505,788.62,0.711909852165784,0.685420454167247,1577.24,"2017_yk_094","Yukon",2016,0.711186943547345,0.693731649935686,0.00502301454676335,881.9154533,1013.123309,1619.16,0.722310649
1506,789.144,0.711175145943191,0.6555281757798,1578.288,"2017_yk_094","Yukon",2016,0.711099925956406,0.698818042973743,0.00508639303805658,881.9154533,1013.123309,1619.16,0.722310649
1507,789.668,0.710271086123456,0.674499222803826,1579.336,"2017_yk_094","Yukon",2016,0.711104231208752,0.703896041131044,0.00507799815730126,881.9154533,1013.123309,1619.16,0.722310649
1508,790.192,0.711395290704679,0.703098007984407,1580.384,"2017_yk_094","Yukon",2016,0.711042329712661,0.70915042087948,0.00525437974843601,881.9154533,1013.123309,1619.16,0.722310649
1509,790.716,0.709701773255744,0.698534956619147,1581.432,"2017_yk_094","Yukon",2016,0.711028789136456,0.714488642232005,0.0053382213525246,881.9154533,1013.123309,1619.16,0.722310649
1510,791.24,0.710625651637878,0.702636947964983,1582.48,"2017_yk_094","Yukon",2016,0.710954689898827,0.719562699005159,0.0050740567731542,881.9154533,1013.123309,1619.16,0.722310649
1511,791.764,0.711059102948783,0.732984069185664,1583.528,"2017_yk_094","Yukon",2016,0.710956564707377,0.724095690424845,0.00453299141968633,881.9154533,1013.123309,1619.16,0.722310649
1512,792.288,0.711632381465255,0.763793236238534,1584.576,"2017_yk_094","Yukon",2016,0.710946206401317,0.728686779638599,0.00459108921375384,881.9154533,1013.123309,1619.16,0.722310649
1513,792.812,0.709886963489792,0.76631142404609,1585.624,"2017_yk_094","Yukon",2016,0.71090945752464,0.733315831279593,0.00462905164099436,881.9154533,1013.123309,1619.16,0.722310649
1514,793.336,0.71240076128772,0.751449128196931,1586.672,"2017_yk_094","Yukon",2016,0.710866859089617,0.73818501093626,0.004869179656667,881.9154533,1013.123309,1619.16,0.722310649
1515,793.86,0.709975622650532,0.769842443888225,1587.72,"2017_yk_094","Yukon",2016,0.710865234793907,0.742803903801448,0.0046188928651878,881.9154533,1013.123309,1619.16,0.722310649
1516,794.384,0.7115162287438,0.774154149145241,1588.768,"2017_yk_094","Yukon",2016,0.71083284844286,0.746679536349104,0.00387563254765555,881.9154533,1013.123309,1619.16,0.722310649
1517,794.908,0.711513893268788,0.764898624159539,1589.816,"2017_yk_094","Yukon",2016,0.710814294249986,0.7507335848021,0.00405404845299606,881.9154533,1013.123309,1619.16,0.722310649
1518,795.432,0.711828960017703,0.797834373895475,1590.864,"2017_yk_094","Yukon",2016,0.710774523562573,0.754875765550613,0.00414218074851336,881.9154533,1013.123309,1619.16,0.722310649
1519,795.956,0.710663830535238,0.796310272888661,1591.912,"2017_yk_094","Yukon",2016,0.710780781048057,0.758801893879722,0.0039261283291091,881.9154533,1013.123309,1619.16,0.722310649
1520,796.48,0.710057842413923,0.781490828966928,1592.96,"2017_yk_094","Yukon",2016,0.710772998236465,0.76245453542988,0.00365264155015788,881.9154533,1013.123309,1619.16,0.722310649
1521,797.004,0.711103222702428,0.78011411324524,1594.008,"2017_yk_094","Yukon",2016,0.710750084552376,0.765851594947126,0.00339705951724578,881.9154533,1013.123309,1619.16,0.722310649
1522,797.528,0.711587924733491,0.809388676548981,1595.056,"2017_yk_094","Yukon",2016,0.710700770577741,0.768469653765268,0.00261805881814225,881.9154533,1013.123309,1619.16,0.722310649
1523,798.052,0.709167587197899,0.818368810621723,1596.104,"2017_yk_094","Yukon",2016,0.710657797769922,0.770695071586132,0.00222541782086383,881.9154533,1013.123309,1619.16,0.722310649
1524,798.576,0.71007732019228,0.807463071291937,1597.152,"2017_yk_094","Yukon",2016,0.710653368975088,0.773520265717677,0.00282519413154503,881.9154533,1013.123309,1619.16,0.722310649
1525,799.1,0.710447541685053,0.800998643625177,1598.2,"2017_yk_094","Yukon",2016,0.710613479935361,0.77754948058734,0.00402921486966334,881.9154533,1013.123309,1619.16,0.722310649
1526,799.624,0.711278018089988,0.813538357553791,1599.248,"2017_yk_094","Yukon",2016,0.710610579298846,0.782221885770755,0.00467240518341461,881.9154533,1013.123309,1619.16,0.722310649
1527,800.148,0.710266482497854,0.825293119823001,1600.296,"2017_yk_094","Yukon",2016,0.710627346485361,0.786899317235396,0.00467743146464095,881.9154533,1013.123309,1619.16,0.722310649
1528,800.672,0.71019209569728,0.80991151797356,1601.344,"2017_yk_094","Yukon",2016,0.710616915710187,0.791879288435714,0.00497997120031812,881.9154533,1013.123309,1619.16,0.722310649
1529,801.196,0.709187197195671,0.817455040128446,1602.392,"2017_yk_094","Yukon",2016,0.710565481877957,0.795978324516765,0.00409903608105133,881.9154533,1013.123309,1619.16,0.722310649
1530,801.72,0.710091663230115,0.812343499478001,1603.44,"2017_yk_094","Yukon",2016,0.710537574214015,0.799473497262948,0.00349517274618272,881.9154533,1013.123309,1619.16,0.722310649
1531,802.244,0.710953377793195,0.82196560299781,1604.488,"2017_yk_094","Yukon",2016,0.710481273857262,0.80319238604108,0.0037188887781322,881.9154533,1013.123309,1619.16,0.722310649
1532,802.768,0.710894682145697,0.82346133761642,1605.536,"2017_yk_094","Yukon",2016,0.710431320965983,0.806809437126322,0.00361705108524146,881.9154533,1013.123309,1619.16,0.722310649
1533,803.292,0.711395902343807,0.827255698834722,1606.584,"2017_yk_094","Yukon",2016,0.710383257231404,0.810806370331455,0.00399693320513328,881.9154533,1013.123309,1619.16,0.722310649
1534,803.816,0.709702413511875,0.807480392253249,1607.632,"2017_yk_094","Yukon",2016,0.710388752459953,0.814179590562484,0.00337322023102937,881.9154533,1013.123309,1619.16,0.722310649
1535,804.34,0.709097689570733,0.812904735455411,1608.68,"2017_yk_094","Yukon",2016,0.710369058108136,0.817070752667686,0.00289116210520179,881.9154533,1013.123309,1619.16,0.722310649
1536,804.864,0.709464294070201,0.823940603909271,1609.728,"2017_yk_094","Yukon",2016,0.710339897445653,0.819804363402941,0.00273361073525502,881.9154533,1013.123309,1619.16,0.722310649
1537,805.388,0.710077603726289,0.818356774664486,1610.776,"2017_yk_094","Yukon",2016,0.710351023790547,0.822531779649983,0.00272741624704176,881.9154533,1013.123309,1619.16,0.722310649
1538,805.912,0.71051407938299,0.843256009359613,1611.824,"2017_yk_094","Yukon",2016,0.710337689518939,0.825495228488708,0.00296344883872546,881.9154533,1013.123309,1619.16,0.722310649
1539,806.436,0.710273034483194,0.86009016379462,1612.872,"2017_yk_094","Yukon",2016,0.710353077381856,0.828474748784702,0.00297952029599369,881.9154533,1013.123309,1619.16,0.722310649
1540,806.96,0.710201114019817,0.860741417895504,1613.92,"2017_yk_094","Yukon",2016,0.71036690873342,0.830997579461245,0.00252283067654324,881.9154533,1013.123309,1619.16,0.722310649
1541,807.484,0.711130617245708,0.837979184296148,1614.968,"2017_yk_094","Yukon",2016,0.710375087533775,0.833019288702107,0.00202170924086176,881.9154533,1013.123309,1619.16,0.722310649
1542,808.008,0.709620628216009,0.834628050196741,1616.016,"2017_yk_094","Yukon",2016,0.710319800223514,0.834594582074194,0.00157529337208651,881.9154533,1013.123309,1619.16,0.722310649
1543,808.532,0.710370680185224,0.835124658797585,1617.064,"2017_yk_094","Yukon",2016,0.710318228525948,0.836058763062314,0.00146418098812051,881.9154533,1013.123309,1619.16,0.722310649
1544,809.056,0.71039072051963,0.85655965315385,1618.112,"2017_yk_094","Yukon",2016,0.710314093971123,0.83707415327032,0.00101539020800601,881.9154533,1013.123309,1619.16,0.722310649
1545,809.58,0.709242787452708,0.851432383945472,1619.16,"2017_yk_094","Yukon",2016,0.710315801702457,0.838070514571012,0.00099636130069225,881.9154533,1013.123309,1619.16,0.722310649
1546,810.104,0.711241128589542,0.821419416994197,1620.208,"2017_yk_094","Yukon",2016,0.71029633850162,0.83877285726952,0.000702342698507885,881.9154533,1013.123309,1619.16,0.722310649
1547,810.628,0.710680361377478,0.833837067193468,1621.256,"2017_yk_094","Yukon",2016,0.710271875503242,0.839852169406404,0.00107931213688417,881.9154533,1013.123309,1619.16,0.722310649
1548,811.152,0.708901582943329,0.838115234709322,1622.304,"2017_yk_094","Yukon",2016,0.710233292483196,0.840748234883103,0.000896065476698626,881.9154533,1013.123309,1619.16,0.722310649
1549,811.676,0.71031507325306,0.839066943370947,1623.352,"2017_yk_094","Yukon",2016,0.710209517611877,0.841279952594215,0.000531717711112267,881.9154533,1013.123309,1619.16,0.722310649
1550,812.2,0.709849749276696,0.824258752625281,1624.4,"2017_yk_094","Yukon",2016,0.710207400765974,0.841595820170769,0.000315867576553552,881.9154533,1013.123309,1619.16,0.722310649
1551,812.724,0.710097562568656,0.831581353847732,1625.448,"2017_yk_094","Yukon",2016,0.710209608365367,0.842043826408034,0.000448006237265264,881.9154533,1013.123309,1619.16,0.722310649
1552,813.248,0.709310204680961,0.805738638783917,1626.496,"2017_yk_094","Yukon",2016,0.710193323728234,0.842413211387218,0.000369384979183929,881.9154533,1013.123309,1619.16,0.722310649
1553,813.772,0.70892788097099,0.793063400183162,1627.544,"2017_yk_094","Yukon",2016,0.710208574275881,0.842946281748254,0.000533070361036447,881.9154533,1013.123309,1619.16,0.722310649
1554,814.296,0.710878892913346,0.826264175644314,1628.592,"2017_yk_094","Yukon",2016,0.710176726341278,0.843776349309076,0.000830067560821157,881.9154533,1013.123309,1619.16,0.722310649
1555,814.82,0.709245249268678,0.872061994298562,1629.64,"2017_yk_094","Yukon",2016,0.710165412017653,0.844507042509681,0.000730693200605814,881.9154533,1013.123309,1619.16,0.722310649
1556,815.344,0.711052047707787,0.904008239864976,1630.688,"2017_yk_094","Yukon",2016,0.710169060223912,0.844715769861991,0.000208727352309923,881.9154533,1013.123309,1619.16,0.722310649
1557,815.868,0.711866380887402,0.91905006330008,1631.736,"2017_yk_094","Yukon",2016,0.710143531636228,0.844746958422046,3.11885600545736e-05,881.9154533,1013.123309,1619.16,0.722310649
1558,816.392,0.71058528524884,0.941884802028282,1632.784,"2017_yk_094","Yukon",2016,0.710119519420219,0.845242522390694,0.00049556396864836,881.9154533,1013.123309,1619.16,0.722310649
1559,816.916,0.709631659929253,0.9005319657374,1633.832,"2017_yk_094","Yukon",2016,0.710115381783062,0.84536932630698,0.000126803916285945,881.9154533,1013.123309,1619.16,0.722310649
1560,817.44,0.709572472118704,0.864922945532699,1634.88,"2017_yk_094","Yukon",2016,0.710109565294657,0.845709129845133,0.000339803538153216,881.9154533,1013.123309,1619.16,0.722310649
1561,817.964,0.708806987460471,0.878746555926311,1635.928,"2017_yk_094","Yukon",2016,0.71009492246535,0.845764923539254,5.5793694120565e-05,881.9154533,1013.123309,1619.16,0.722310649
1562,818.488,0.709095407702482,0.901207908762932,1636.976,"2017_yk_094","Yukon",2016,0.710061075001488,0.845620176407771,-0.000144747131482825,881.9154533,1013.123309,1619.16,0.722310649
1563,819.012,0.708566608276239,0.923396790475331,1638.024,"2017_yk_094","Yukon",2016,0.710028607996441,0.845676489362451,5.63129546797825e-05,881.9154533,1013.123309,1619.16,0.722310649
1564,819.536,0.712357547881934,0.902781351078726,1639.072,"2017_yk_094","Yukon",2016,0.710045156717876,0.846173013922495,0.000496524560043676,881.9154533,1013.123309,1619.16,0.722310649
1565,820.06,0.710728191056754,0.85889018047935,1640.12,"2017_yk_094","Yukon",2016,0.710045934482959,0.846037888039872,-0.000135125882622322,881.9154533,1013.123309,1619.16,0.722310649
1566,820.584,0.70942550619418,0.8195448198951,1641.168,"2017_yk_094","Yukon",2016,0.710032086726357,0.84558819047203,-0.0004496975678423,881.9154533,1013.123309,1619.16,0.722310649
1567,821.108,0.710938666817142,0.838144197626331,1642.216,"2017_yk_094","Yukon",2016,0.70999973018024,0.845687819709182,9.96292371520102e-05,881.9154533,1013.123309,1619.16,0.722310649
1568,821.632,0.710595234408174,0.880904938307937,1643.264,"2017_yk_094","Yukon",2016,0.709979902767831,0.845435480033181,-0.000252339676000912,881.9154533,1013.123309,1619.16,0.722310649
1569,822.156,0.710625045030747,0.87730617437877,1644.312,"2017_yk_094","Yukon",2016,0.709955313411392,0.844871266489282,-0.000564213543898906,881.9154533,1013.123309,1619.16,0.722310649
1570,822.68,0.711455532731759,0.854006788557573,1645.36,"2017_yk_094","Yukon",2016,0.709945495234989,0.844142648293775,-0.000728618195507624,881.9154533,1013.123309,1619.16,0.722310649
1571,823.204,0.711549830970094,0.854286623637368,1646.408,"2017_yk_094","Yukon",2016,0.709920795480276,0.843495081361918,-0.000647566931856525,881.9154533,1013.123309,1619.16,0.722310649
1572,823.728,0.708315142849597,0.858310838563727,1647.456,"2017_yk_094","Yukon",2016,0.70993596725121,0.84316565273307,-0.000329428628848327,881.9154533,1013.123309,1619.16,0.722310649
1573,824.252,0.709792661635808,0.854162283333323,1648.504,"2017_yk_094","Yukon",2016,0.70991918612782,0.843567069237065,0.000401416503995056,881.9154533,1013.123309,1619.16,0.722310649
1574,824.776,0.712152687998241,0.812372540677284,1649.552,"2017_yk_094","Yukon",2016,0.709880566416399,0.843747404584375,0.000180335347310323,881.9154533,1013.123309,1619.16,0.722310649
1575,825.3,0.710078086530554,0.829624121929767,1650.6,"2017_yk_094","Yukon",2016,0.709902511340724,0.843637541070836,-0.000109863513539477,881.9154533,1013.123309,1619.16,0.722310649
1576,825.824,0.710348436693593,0.816294711055712,1651.648,"2017_yk_094","Yukon",2016,0.709861144036226,0.843808951524595,0.000171410453758902,881.9154533,1013.123309,1619.16,0.722310649
1577,826.348,0.710046113366115,0.829657352372592,1652.696,"2017_yk_094","Yukon",2016,0.709823342003233,0.844008569998802,0.000199618474207464,881.9154533,1013.123309,1619.16,0.722310649
1578,826.872,0.709513978814896,0.85159830249739,1653.744,"2017_yk_094","Yukon",2016,0.709857197876812,0.843944194113249,-6.43758855534138e-05,881.9154533,1013.123309,1619.16,0.722310649
1579,827.396,0.709237338256102,0.828213335555397,1654.792,"2017_yk_094","Yukon",2016,0.709865780634554,0.844061336900532,0.000117142787283253,881.9154533,1013.123309,1619.16,0.722310649
1580,827.92,0.709930831659735,0.800442883560143,1655.84,"2017_yk_094","Yukon",2016,0.709847918805548,0.844505784454719,0.000444447554186822,881.9154533,1013.123309,1619.16,0.722310649
1581,828.444,0.711235678666051,0.806994487481152,1656.888,"2017_yk_094","Yukon",2016,0.709846284218318,0.844516699794429,1.09153397098716e-05,881.9154533,1013.123309,1619.16,0.722310649
1582,828.968,0.710610846505495,0.831551775300017,1657.936,"2017_yk_094","Yukon",2016,0.709841127902666,0.844926939512928,0.000410239718499184,881.9154533,1013.123309,1619.16,0.722310649
1583,829.492,0.710082620056709,0.850353032283908,1658.984,"2017_yk_094","Yukon",2016,0.709861325317125,0.845526636716167,0.00059969720323938,881.9154533,1013.123309,1619.16,0.722310649
1584,830.016,0.708166444116121,0.857267124941203,1660.032,"2017_yk_094","Yukon",2016,0.709841507299389,0.845313520801104,-0.000213115915063344,881.9154533,1013.123309,1619.16,0.722310649
1585,830.54,0.709768682267558,0.844840235661529,1661.08,"2017_yk_094","Yukon",2016,0.709859432129645,0.8441396674066,-0.00117385339450427,881.9154533,1013.123309,1619.16,0.722310649
1586,831.064,0.711496910465503,0.826061998692381,1662.128,"2017_yk_094","Yukon",2016,0.709816857231971,0.842583371192372,-0.00155629621422715,881.9154533,1013.123309,1619.16,0.722310649
1587,831.588,0.708734767236821,0.827164433426277,1663.176,"2017_yk_094","Yukon",2016,0.709777509717713,0.840852202732171,-0.00173116846020138,881.9154533,1013.123309,1619.16,0.722310649
1588,832.112,0.708751362736731,0.839645356092461,1664.224,"2017_yk_094","Yukon",2016,0.709741119804052,0.838634379660717,-0.0022178230714538,881.9154533,1013.123309,1619.16,0.722310649
1589,832.636,0.708938938966291,0.825063275105608,1665.272,"2017_yk_094","Yukon",2016,0.709757345190738,0.837620816565985,-0.00101356309473266,881.9154533,1013.123309,1619.16,0.722310649
1590,833.16,0.709742673925759,0.832731711767189,1666.32,"2017_yk_094","Yukon",2016,0.709759819117383,0.837435848997444,-0.000184967568540473,881.9154533,1013.123309,1619.16,0.722310649
1591,833.684,0.710074808034804,0.825313224645038,1667.368,"2017_yk_094","Yukon",2016,0.709775079363814,0.836855571616952,-0.000580277380491712,881.9154533,1013.123309,1619.16,0.722310649
1592,834.208,0.70886383431399,0.814776509727454,1668.416,"2017_yk_094","Yukon",2016,0.709796477878076,0.835833833610338,-0.00102173800661409,881.9154533,1013.123309,1619.16,0.722310649
1593,834.732,0.709447882040964,0.830634476115507,1669.464,"2017_yk_094","Yukon",2016,0.70981721300565,0.834361324652599,-0.00147250895773965,881.9154533,1013.123309,1619.16,0.722310649
1594,835.256,0.710695336797956,0.837271865855861,1670.512,"2017_yk_094","Yukon",2016,0.709749937807817,0.833193819465914,-0.00116750518668463,881.9154533,1013.123309,1619.16,0.722310649
1595,835.78,0.709144355475743,0.804797182498075,1671.56,"2017_yk_094","Yukon",2016,0.70973904266787,0.83265881710355,-0.000535002362364034,881.9154533,1013.123309,1619.16,0.722310649
1596,836.304,0.708633428674066,0.796958749838727,1672.608,"2017_yk_094","Yukon",2016,0.709721696127278,0.832712048859195,5.3231755645089e-05,881.9154533,1013.123309,1619.16,0.722310649
1597,836.828,0.708136210959255,0.824334528893606,1673.656,"2017_yk_094","Yukon",2016,0.709711351582534,0.832699136825715,-1.29120334801947e-05,881.9154533,1013.123309,1619.16,0.722310649
1598,837.352,0.709324434638466,0.828115628799557,1674.704,"2017_yk_094","Yukon",2016,0.709700228964038,0.832227861282303,-0.000471275543411531,881.9154533,1013.123309,1619.16,0.722310649
1599,837.876,0.708797673096846,0.826237351160689,1675.752,"2017_yk_094","Yukon",2016,0.709692326134881,0.832010472249008,-0.000217389033295712,881.9154533,1013.123309,1619.16,0.722310649
1600,838.4,0.709612023435627,0.817024326165049,1676.8,"2017_yk_094","Yukon",2016,0.709664756850824,0.832333440171875,0.000322967922867012,881.9154533,1013.123309,1619.16,0.722310649
1601,838.924,0.709648631962932,0.799125168384754,1677.848,"2017_yk_094","Yukon",2016,0.709655825393034,0.832691016506238,0.00035757633436373,881.9154533,1013.123309,1619.16,0.722310649
1602,839.448,0.710530934472037,0.814862332465842,1678.896,"2017_yk_094","Yukon",2016,0.709669378417686,0.832725563919828,3.45474135897694e-05,881.9154533,1013.123309,1619.16,0.722310649
1603,839.972,0.709363812781837,0.85920964903729,1679.944,"2017_yk_094","Yukon",2016,0.709700648505682,0.832782420546827,5.68566269988358e-05,881.9154533,1013.123309,1619.16,0.722310649
1604,840.496,0.708073537834396,0.867379773992469,1680.992,"2017_yk_094","Yukon",2016,0.709657293425194,0.834046491722753,0.00126407117592642,881.9154533,1013.123309,1619.16,0.722310649
1605,841.02,0.710559482912208,0.844840573133106,1682.04,"2017_yk_094","Yukon",2016,0.709636460886853,0.835020671159503,0.000974179436749822,881.9154533,1013.123309,1619.16,0.722310649
1606,841.544,0.708759090319668,0.831704044219726,1683.088,"2017_yk_094","Yukon",2016,0.7096117655191,0.83617595278977,0.0011552816302669,881.9154533,1013.123309,1619.16,0.722310649
1607,842.068,0.708412239397897,0.845814175645914,1684.136,"2017_yk_094","Yukon",2016,0.70960452494547,0.837163711314413,0.000987758524643167,881.9154533,1013.123309,1619.16,0.722310649
1608,842.592,0.710932935358054,0.834252681576122,1685.184,"2017_yk_094","Yukon",2016,0.70960194416866,0.838096682610879,0.000932971296465746,881.9154533,1013.123309,1619.16,0.722310649
1609,843.116,0.71083003871757,0.846095510607939,1686.232,"2017_yk_094","Yukon",2016,0.709592697377132,0.839553010174128,0.00145632756324854,881.9154533,1013.123309,1619.16,0.722310649
1610,843.64,0.708778039536362,0.850925605876496,1687.28,"2017_yk_094","Yukon",2016,0.709603819123123,0.840872861844119,0.00131985166999105,881.9154533,1013.123309,1619.16,0.722310649
1611,844.164,0.709999487334862,0.832236274230318,1688.328,"2017_yk_094","Yukon",2016,0.709576446677694,0.842085393771752,0.00121253192763338,881.9154533,1013.123309,1619.16,0.722310649
1612,844.688,0.709000825741813,0.830353021893872,1689.376,"2017_yk_094","Yukon",2016,0.709568667968982,0.842976313248822,0.000890919477070207,881.9154533,1013.123309,1619.16,0.722310649
1613,845.212,0.710139725838559,0.829045232377519,1690.424,"2017_yk_094","Yukon",2016,0.709557895874995,0.843700262844317,0.000723949595494711,881.9154533,1013.123309,1619.16,0.722310649
1614,845.736,0.709689811849132,0.813477220740514,1691.472,"2017_yk_094","Yukon",2016,0.709590910622483,0.844561929861842,0.000861667017524881,881.9154533,1013.123309,1619.16,0.722310649
1615,846.26,0.710320739084067,0.801630790628311,1692.52,"2017_yk_094","Yukon",2016,0.709583037786076,0.846137665625376,0.00157573576353387,881.9154533,1013.123309,1619.16,0.722310649
1616,846.784,0.708497553847343,0.810630467011348,1693.568,"2017_yk_094","Yukon",2016,0.709571642002364,0.847465690302777,0.00132802467740156,881.9154533,1013.123309,1619.16,0.722310649
1617,847.308,0.709505530031945,0.815179955688,1694.616,"2017_yk_094","Yukon",2016,0.709586940398242,0.848637759592086,0.00117206928930869,881.9154533,1013.123309,1619.16,0.722310649
1618,847.832,0.708401890429179,0.80881541774105,1695.664,"2017_yk_094","Yukon",2016,0.709608826139828,0.850245525818816,0.00160776622672965,881.9154533,1013.123309,1619.16,0.722310649
1619,848.356,0.710605183130388,0.839718180053449,1696.712,"2017_yk_094","Yukon",2016,0.709626880980585,0.852117614531792,0.00187208871297662,881.9154533,1013.123309,1619.16,0.722310649
1620,848.88,0.709720907717391,0.853824891420268,1697.76,"2017_yk_094","Yukon",2016,0.709599400940289,0.854178297926597,0.00206068339480447,881.9154533,1013.123309,1619.16,0.722310649
1621,849.404,0.709722602246344,0.843929913096805,1698.808,"2017_yk_094","Yukon",2016,0.709584456198453,0.85581423902241,0.00163594109581333,881.9154533,1013.123309,1619.16,0.722310649
1622,849.928,0.710379318558172,0.839903628366088,1699.856,"2017_yk_094","Yukon",2016,0.709577105742589,0.857203814009835,0.00138957498742531,881.9154533,1013.123309,1619.16,0.722310649
1623,850.452,0.709810715930724,0.83504625301095,1700.904,"2017_yk_094","Yukon",2016,0.709558049521365,0.858183125846086,0.00097931183625033,881.9154533,1013.123309,1619.16,0.722310649
1624,850.976,0.708321036011932,0.83273103987765,1701.952,"2017_yk_094","Yukon",2016,0.709522133740972,0.85906718461062,0.000884058764533902,881.9154533,1013.123309,1619.16,0.722310649
1625,851.5,0.710074482659944,0.826790038737505,1703,"2017_yk_094","Yukon",2016,0.709523091749556,0.860951365386221,0.00188418077560115,881.9154533,1013.123309,1619.16,0.722310649
1626,852.024,0.70838471375865,0.822738725233807,1704.048,"2017_yk_094","Yukon",2016,0.709517378139398,0.86268879975173,0.00173743436550988,881.9154533,1013.123309,1619.16,0.722310649
1627,852.548,0.710317994132509,0.837369475617515,1705.096,"2017_yk_094","Yukon",2016,0.709549630863598,0.864016286950865,0.00132748719913445,881.9154533,1013.123309,1619.16,0.722310649
1628,853.072,0.70992787729843,0.852628405703246,1706.144,"2017_yk_094","Yukon",2016,0.709565393669488,0.864876116439029,0.000859829488163655,881.9154533,1013.123309,1619.16,0.722310649
1629,853.596,0.71015087528133,0.864262832381029,1707.192,"2017_yk_094","Yukon",2016,0.709576572887525,0.865768953439409,0.000892837000380564,881.9154533,1013.123309,1619.16,0.722310649
1630,854.12,0.709801375688291,0.8733848639296,1708.24,"2017_yk_094","Yukon",2016,0.709593088566097,0.867167900584449,0.00139894714504007,881.9154533,1013.123309,1619.16,0.722310649
1631,854.644,0.711013943502745,0.875741203699192,1709.288,"2017_yk_094","Yukon",2016,0.709590138919193,0.86948276464012,0.00231486405567038,881.9154533,1013.123309,1619.16,0.722310649
1632,855.168,0.709128324328715,0.860383683379115,1710.336,"2017_yk_094","Yukon",2016,0.709572089506497,0.871774803109738,0.00229203846961867,881.9154533,1013.123309,1619.16,0.722310649
1633,855.692,0.71166886691557,0.857573680953248,1711.384,"2017_yk_094","Yukon",2016,0.709571939073332,0.873133234736388,0.00135843162665006,881.9154533,1013.123309,1619.16,0.722310649
1634,856.216,0.709551383168957,0.88821681123287,1712.432,"2017_yk_094","Yukon",2016,0.709586988832125,0.873896457377612,0.000763222641223193,881.9154533,1013.123309,1619.16,0.722310649
1635,856.74,0.708828134230086,0.888074888134755,1713.48,"2017_yk_094","Yukon",2016,0.709584824924881,0.875068366788707,0.00117190941109557,881.9154533,1013.123309,1619.16,0.722310649
1636,857.264,0.70886671462843,0.885611608871725,1714.528,"2017_yk_094","Yukon",2016,0.709593294164016,0.876625174774419,0.00155680798571212,881.9154533,1013.123309,1619.16,0.722310649
1637,857.788,0.70961167894829,0.888922863851178,1715.576,"2017_yk_094","Yukon",2016,0.709588825884691,0.878051838717826,0.00142666394340707,881.9154533,1013.123309,1619.16,0.722310649
1638,858.312,0.709359132206288,0.907576580285338,1716.624,"2017_yk_094","Yukon",2016,0.709562450754126,0.879804178999606,0.0017523402817794,881.9154533,1013.123309,1619.16,0.722310649
1639,858.836,0.708682530764424,0.915592989350307,1717.672,"2017_yk_094","Yukon",2016,0.709558351858457,0.88095756082511,0.00115338182550428,881.9154533,1013.123309,1619.16,0.722310649
1640,859.36,0.71059813641919,0.879633983759598,1718.72,"2017_yk_094","Yukon",2016,0.709576070142142,0.881523385426566,0.000565824601456377,881.9154533,1013.123309,1619.16,0.722310649
1641,859.884,0.709593331940306,0.879746403139158,1719.768,"2017_yk_094","Yukon",2016,0.709559854848522,0.882748212485642,0.00122482705907512,881.9154533,1013.123309,1619.16,0.722310649
1642,860.408,0.710144123982804,0.885006943924229,1720.816,"2017_yk_094","Yukon",2016,0.709567255506912,0.88377709630157,0.00102888381592825,881.9154533,1013.123309,1619.16,0.722310649
1643,860.932,0.709436294417474,0.893790008013593,1721.864,"2017_yk_094","Yukon",2016,0.709583079006421,0.885009844221375,0.00123274791980477,881.9154533,1013.123309,1619.16,0.722310649
1644,861.456,0.710147328965409,0.908967145992701,1722.912,"2017_yk_094","Yukon",2016,0.709595432452025,0.886406613213722,0.00139676899234797,881.9154533,1013.123309,1619.16,0.722310649
1645,861.98,0.709296312083117,0.939384381473561,1723.96,"2017_yk_094","Yukon",2016,0.709592150636652,0.887961411847078,0.00155479863335595,881.9154533,1013.123309,1619.16,0.722310649
1646,862.504,0.710813163442815,0.905743479336481,1725.008,"2017_yk_094","Yukon",2016,0.709603472363204,0.888949293252603,0.000987881405524971,881.9154533,1013.123309,1619.16,0.722310649
1647,863.028,0.709652670989489,0.897488590784799,1726.056,"2017_yk_094","Yukon",2016,0.709594747315901,0.889864405225265,0.00091511197266203,881.9154533,1013.123309,1619.16,0.722310649
1648,863.552,0.710064507231916,0.936111329696241,1727.104,"2017_yk_094","Yukon",2016,0.709608173172458,0.891554514268751,0.00169010904348588,881.9154533,1013.123309,1619.16,0.722310649
1649,864.076,0.710022229411705,0.937388597884205,1728.152,"2017_yk_094","Yukon",2016,0.709580637480598,0.892313597392365,0.000759083123613946,881.9154533,1013.123309,1619.16,0.722310649
1650,864.6,0.708093871507954,0.956372715455457,1729.2,"2017_yk_094","Yukon",2016,0.70956586655483,0.892448767227026,0.000135169834660887,881.9154533,1013.123309,1619.16,0.722310649
1651,865.124,0.709178123524658,0.92346969039384,1730.248,"2017_yk_094","Yukon",2016,0.709565581854144,0.893235125700272,0.00078635847324604,881.9154533,1013.123309,1619.16,0.722310649
1652,865.648,0.708422806962146,0.898151008972969,1731.296,"2017_yk_094","Yukon",2016,0.709545611380097,0.893539339478317,0.000304213778044793,881.9154533,1013.123309,1619.16,0.722310649
1653,866.172,0.70830450876755,0.889393186290528,1732.344,"2017_yk_094","Yukon",2016,0.709543965740042,0.894066161589661,0.000526822111343916,881.9154533,1013.123309,1619.16,0.722310649
1654,866.696,0.708540389974389,0.890315391727895,1733.392,"2017_yk_094","Yukon",2016,0.709561988899118,0.894710014033563,0.000643852443902415,881.9154533,1013.123309,1619.16,0.722310649
1655,867.22,0.70920183599078,0.917848029034144,1734.44,"2017_yk_094","Yukon",2016,0.70955336312694,0.89519670375441,0.000486689720846534,881.9154533,1013.123309,1619.16,0.722310649
1656,867.744,0.708290612064568,0.901204811769323,1735.488,"2017_yk_094","Yukon",2016,0.709588895266179,0.89587283360337,0.000676129848960039,881.9154533,1013.123309,1619.16,0.722310649
1657,868.268,0.710071374411249,0.903983760841675,1736.536,"2017_yk_094","Yukon",2016,0.709566967014841,0.895893605183859,2.07715804894093e-05,881.9154533,1013.123309,1619.16,0.722310649
1658,868.792,0.710270202991849,0.879705398089378,1737.584,"2017_yk_094","Yukon",2016,0.709540432807771,0.89593409808421,4.0492900350686e-05,881.9154533,1013.123309,1619.16,0.722310649
1659,869.316,0.709468426179063,0.879807571183526,1738.632,"2017_yk_094","Yukon",2016,0.709525607771537,0.895874016141956,-6.00819422540422e-05,881.9154533,1013.123309,1619.16,0.722310649
1660,869.84,0.710602964149997,0.900961154867446,1739.68,"2017_yk_094","Yukon",2016,0.709528633398722,0.895347881182916,-0.000526134959040414,881.9154533,1013.123309,1619.16,0.722310649
1661,870.364,0.709471653148694,0.938017011724978,1740.728,"2017_yk_094","Yukon",2016,0.709513538380456,0.894518821621867,-0.00082905956104895,881.9154533,1013.123309,1619.16,0.722310649
1662,870.888,0.709447969710276,0.952384640642962,1741.776,"2017_yk_094","Yukon",2016,0.709528562861856,0.893576616398536,-0.000942205223330217,881.9154533,1013.123309,1619.16,0.722310649
1663,871.412,0.709354786791901,0.940715546636299,1742.824,"2017_yk_094","Yukon",2016,0.709473333503198,0.892408827972277,-0.00116778842625931,881.9154533,1013.123309,1619.16,0.722310649
1664,871.936,0.708976523361978,0.913173132465856,1743.872,"2017_yk_094","Yukon",2016,0.709501267865234,0.891005448829892,-0.0014033791423852,881.9154533,1013.123309,1619.16,0.722310649
1665,872.46,0.710429648477603,0.915155137798843,1744.92,"2017_yk_094","Yukon",2016,0.709496958378089,0.88974442179651,-0.0012610270333816,881.9154533,1013.123309,1619.16,0.722310649
1666,872.984,0.709267244667755,0.925112523362449,1745.968,"2017_yk_094","Yukon",2016,0.709504125769821,0.888158470095894,-0.00158595170061659,881.9154533,1013.123309,1619.16,0.722310649
1667,873.508,0.7081441426384,0.931414012250334,1747.016,"2017_yk_094","Yukon",2016,0.709492149159368,0.886800013027618,-0.00135845706827575,881.9154533,1013.123309,1619.16,0.722310649
1668,874.032,0.709350427524157,0.939393098482886,1748.064,"2017_yk_094","Yukon",2016,0.70948373573298,0.885068858765624,-0.00173115426199388,881.9154533,1013.123309,1619.16,0.722310649
1669,874.556,0.710584104977399,0.915298420138202,1749.112,"2017_yk_094","Yukon",2016,0.709469082153503,0.883249379044994,-0.00181947972062979,881.9154533,1013.123309,1619.16,0.722310649
1670,875.08,0.70984113655749,0.884875081963876,1750.16,"2017_yk_094","Yukon",2016,0.709457005767328,0.881644737235086,-0.00160464180990816,881.9154533,1013.123309,1619.16,0.722310649
1671,875.604,0.709026569717674,0.90572589777483,1751.208,"2017_yk_094","Yukon",2016,0.709457040944431,0.880284215103264,-0.00136052213182214,881.9154533,1013.123309,1619.16,0.722310649
1672,876.128,0.709444865245216,0.892086050849565,1752.256,"2017_yk_094","Yukon",2016,0.70944402225642,0.878960889198438,-0.00132332590482642,881.9154533,1013.123309,1619.16,0.722310649
1673,876.652,0.711089135809092,0.903010107565806,1753.304,"2017_yk_094","Yukon",2016,0.709430444328523,0.877307594604258,-0.00165329459417962,881.9154533,1013.123309,1619.16,0.722310649
1674,877.176,0.710431018585385,0.897283360281393,1754.352,"2017_yk_094","Yukon",2016,0.709411213454757,0.875245102791022,-0.00206249181323626,881.9154533,1013.123309,1619.16,0.722310649
1675,877.7,0.710123830161666,0.894918708629671,1755.4,"2017_yk_094","Yukon",2016,0.709454267574844,0.872335520258557,-0.00290958253246421,881.9154533,1013.123309,1619.16,0.722310649
1676,878.224,0.709176857440448,0.869903351342846,1756.448,"2017_yk_094","Yukon",2016,0.709411887107316,0.869928802585216,-0.00240671767334133,881.9154533,1013.123309,1619.16,0.722310649
1677,878.748,0.708982027193763,0.870086674047717,1757.496,"2017_yk_094","Yukon",2016,0.709396530858134,0.867514760867177,-0.00241404171803927,881.9154533,1013.123309,1619.16,0.722310649
1678,879.272,0.709207441822601,0.910221960350204,1758.544,"2017_yk_094","Yukon",2016,0.709402725570478,0.864169070035512,-0.00334569083166447,881.9154533,1013.123309,1619.16,0.722310649
1679,879.796,0.708953041618787,0.88526316747029,1759.592,"2017_yk_094","Yukon",2016,0.709385348725449,0.860818252756307,-0.00335081727920505,881.9154533,1013.123309,1619.16,0.722310649
1680,880.32,0.70883465217133,0.861935081499914,1760.64,"2017_yk_094","Yukon",2016,0.709388465952657,0.857016514499453,-0.00380173825685415,881.9154533,1013.123309,1619.16,0.722310649
1681,880.844,0.709705520205177,0.891111421491573,1761.688,"2017_yk_094","Yukon",2016,0.709385700102164,0.854181202760107,-0.00283531173934581,881.9154533,1013.123309,1619.16,0.722310649
1682,881.368,0.70918109011539,0.858156455048779,1762.736,"2017_yk_094","Yukon",2016,0.709371128419713,0.851505098254361,-0.00267610450574651,881.9154533,1013.123309,1619.16,0.722310649
1683,881.892,0.70971197752739,0.866655579691578,1763.784,"2017_yk_094","Yukon",2016,0.709375180949906,0.84895073536058,-0.00255436289378119,881.9154533,1013.123309,1619.16,0.722310649
1684,882.416,0.7094024255565,0.871362186511798,1764.832,"2017_yk_094","Yukon",2016,0.709385919393804,0.846486304558389,-0.00246443080219061,881.9154533,1013.123309,1619.16,0.722310649
1685,882.94,0.709556936329269,0.855991421988296,1765.88,"2017_yk_094","Yukon",2016,0.709382810227192,0.843602695935706,-0.00288360862268255,881.9154533,1013.123309,1619.16,0.722310649
1686,883.464,0.710516642112964,0.863306516171406,1766.928,"2017_yk_094","Yukon",2016,0.709423205381203,0.840765622608108,-0.00283707332759797,881.9154533,1013.123309,1619.16,0.722310649
1687,883.988,0.709002299052225,0.838615770446877,1767.976,"2017_yk_094","Yukon",2016,0.709396864745541,0.837974091212634,-0.00279153139547406,881.9154533,1013.123309,1619.16,0.722310649
1688,884.512,0.708335824874227,0.855057979724288,1769.024,"2017_yk_094","Yukon",2016,0.709390697271429,0.835660059583486,-0.00231403162914823,881.9154533,1013.123309,1619.16,0.722310649
1689,885.036,0.709261373107303,0.860657915845786,1770.072,"2017_yk_094","Yukon",2016,0.709398488964348,0.833034717620581,-0.00262534196290487,881.9154533,1013.123309,1619.16,0.722310649
1690,885.56,0.709982913319386,0.841816766387174,1771.12,"2017_yk_094","Yukon",2016,0.709359978357783,0.830334228666786,-0.00270048895379582,881.9154533,1013.123309,1619.16,0.722310649
1691,886.084,0.710108242406781,0.825997630036255,1772.168,"2017_yk_094","Yukon",2016,0.709350614625313,0.827108160243057,-0.00322606842372852,881.9154533,1013.123309,1619.16,0.722310649
1692,886.608,0.710029793212729,0.803851369979302,1773.216,"2017_yk_094","Yukon",2016,0.709367022046396,0.8233314826981,-0.00377667754495692,881.9154533,1013.123309,1619.16,0.722310649
1693,887.132,0.708355105396092,0.787506375377692,1774.264,"2017_yk_094","Yukon",2016,0.709372656826905,0.819850824194472,-0.00348065850362855,881.9154533,1013.123309,1619.16,0.722310649
1694,887.656,0.711227444891129,0.804014062689756,1775.312,"2017_yk_094","Yukon",2016,0.709371941251705,0.817045217412708,-0.00280560678176345,881.9154533,1013.123309,1619.16,0.722310649
1695,888.18,0.708569565001397,0.812413266131856,1776.36,"2017_yk_094","Yukon",2016,0.709317764347203,0.813980984048786,-0.00306423336392203,881.9154533,1013.123309,1619.16,0.722310649
1696,888.704,0.709296758132351,0.790454506834732,1777.408,"2017_yk_094","Yukon",2016,0.709316742758205,0.807187930509639,-0.0067930535391475,881.9154533,1013.123309,1619.16,0.722310649
1697,889.228,0.708893082321093,0.807415439754635,1778.456,"2017_yk_094","Yukon",2016,NA,NA,NA,881.9154533,1013.123309,1619.16,0.722310649
1698,889.752,0.708854326622986,0.803707324565703,1779.504,"2017_yk_094","Yukon",2016,NA,NA,NA,881.9154533,1013.123309,1619.16,0.722310649
1699,890.276,0.70780331599584,0.806424206112526,1780.552,"2017_yk_094","Yukon",2016,NA,NA,NA,881.9154533,1013.123309,1619.16,0.722310649
1700,890.8,0.70987355324866,0.783355475165103,1781.6,"2017_yk_094","Yukon",2016,NA,NA,NA,881.9154533,1013.123309,1619.16,0.722310649
1701,891.324,0.709595442566523,0.798115075229829,1782.648,"2017_yk_094","Yukon",2016,NA,NA,NA,881.9154533,1013.123309,1619.16,0.722310649
1702,891.848,0.709363002702152,0.805607389634648,1783.696,"2017_yk_094","Yukon",2016,NA,NA,NA,881.9154533,1013.123309,1619.16,0.722310649
1703,892.372,0.708621618743602,0.794592332362812,1784.744,"2017_yk_094","Yukon",2016,NA,NA,NA,881.9154533,1013.123309,1619.16,0.722310649
1704,892.896,0.708993476539504,0.785217637198526,1785.792,"2017_yk_094","Yukon",2016,NA,NA,NA,881.9154533,1013.123309,1619.16,0.722310649
1705,893.42,0.711879559288315,0.76480942952571,1786.84,"2017_yk_094","Yukon",2016,NA,NA,NA,881.9154533,1013.123309,1619.16,0.722310649
1706,893.944,0.708270335391115,0.761340418936003,1787.888,"2017_yk_094","Yukon",2016,NA,NA,NA,881.9154533,1013.123309,1619.16,0.722310649
1707,894.468,0.708731296038617,0.752646087702442,1788.936,"2017_yk_094","Yukon",2016,NA,NA,NA,881.9154533,1013.123309,1619.16,0.722310649
1708,894.992,0.710436189972552,0.735369879796378,1789.984,"2017_yk_094","Yukon",2016,NA,NA,NA,881.9154533,1013.123309,1619.16,0.722310649
1709,895.516,0.708979618709947,0.736339561131902,1791.032,"2017_yk_094","Yukon",2016,NA,NA,NA,881.9154533,1013.123309,1619.16,0.722310649
1710,896.04,0.708280905140446,0.728268420044207,1792.08,"2017_yk_094","Yukon",2016,NA,NA,NA,881.9154533,1013.123309,1619.16,0.722310649
1711,896.564,0.709012172495036,0.753350986033086,1793.128,"2017_yk_094","Yukon",2016,NA,NA,NA,881.9154533,1013.123309,1619.16,0.722310649
1712,897.088,0.70754850601511,0.737584738628181,1794.176,"2017_yk_094","Yukon",2016,NA,NA,NA,881.9154533,1013.123309,1619.16,0.722310649
1713,897.612,0.70854766057913,0.736131412663652,1795.224,"2017_yk_094","Yukon",2016,NA,NA,NA,881.9154533,1013.123309,1619.16,0.722310649
1714,898.136,0.709184696608274,0.742449543596456,1796.272,"2017_yk_094","Yukon",2016,NA,NA,NA,881.9154533,1013.123309,1619.16,0.722310649
1715,898.66,0.709015285994035,0.744831511673195,1797.32,"2017_yk_094","Yukon",2016,NA,NA,NA,881.9154533,1013.123309,1619.16,0.722310649
1716,899.184,0.710714321305268,0.730980412113445,1798.368,"2017_yk_094","Yukon",2016,NA,NA,NA,881.9154533,1013.123309,1619.16,0.722310649
1717,899.708,0.70849093627151,0.73649187711323,1799.416,"2017_yk_094","Yukon",2016,NA,NA,NA,881.9154533,1013.123309,1619.16,0.722310649
1718,900.232,0.709900154545112,0.740863500340487,1800.464,"2017_yk_094","Yukon",2016,NA,NA,NA,881.9154533,1013.123309,1619.16,0.722310649
1719,900.756,0.70993592775425,0.722287053409233,1801.512,"2017_yk_094","Yukon",2016,NA,NA,NA,881.9154533,1013.123309,1619.16,0.722310649
1720,901.28,0.708292327756074,0.738931817639695,1802.56,"2017_yk_094","Yukon",2016,NA,NA,NA,881.9154533,1013.123309,1619.16,0.722310649
1721,901.804,0.708909829200467,0.744452906301267,1803.608,"2017_yk_094","Yukon",2016,NA,NA,NA,881.9154533,1013.123309,1619.16,0.722310649
1722,902.328,0.710432414975283,0.72578398794555,1804.656,"2017_yk_094","Yukon",2016,NA,NA,NA,881.9154533,1013.123309,1619.16,0.722310649
1723,902.852,0.709692873622417,0.731876036418581,1805.704,"2017_yk_094","Yukon",2016,NA,NA,NA,881.9154533,1013.123309,1619.16,0.722310649
1724,903.376,0.708933588850011,0.744836725560044,1806.752,"2017_yk_094","Yukon",2016,NA,NA,NA,881.9154533,1013.123309,1619.16,0.722310649
1725,903.9,0.707179034207484,0.731301135963524,1807.8,"2017_yk_094","Yukon",2016,NA,NA,NA,881.9154533,1013.123309,1619.16,0.722310649
1726,904.424,0.709205949327868,0.517529311013606,1808.848,"2017_yk_094","Yukon",2016,NA,NA,NA,881.9154533,1013.123309,1619.16,0.722310649
